#!ascii label  , from subject fsaverage vox2ras=TkReg
392
352  -3.720  -49.757  -48.439 0.0000000000
630  10.559  -58.351  -39.276 0.0000000000
631  2.765  -47.185  -45.410 0.0000000000
1412  6.666  -53.057  -42.323 0.0000000000
2527  8.803  -50.376  -40.603 0.0000000000
2528  5.221  -45.114  -43.784 0.0000000000
2530  -0.220  -48.748  -46.944 0.0000000000
5671  11.505  -56.757  -38.361 0.0000000000
5672  10.578  -52.798  -39.027 0.0000000000
5673  9.677  -54.345  -39.925 0.0000000000
5674  4.702  -50.187  -43.849 0.0000000000
5675  5.924  -49.059  -43.028 0.0000000000
5676  4.060  -46.210  -44.610 0.0000000000
5681  -1.908  -49.324  -47.698 0.0000000000
7148  8.629  -55.788  -40.806 0.0000000000
7151  3.341  -51.184  -44.643 0.0000000000
10135  11.352  -51.158  -38.120 0.0000000000
10136  9.667  -48.878  -39.717 0.0000000000
10137  7.954  -46.459  -41.317 0.0000000000
10138  7.806  -51.774  -41.474 0.0000000000
10139  7.008  -47.810  -42.183 0.0000000000
10146  1.335  -48.033  -46.186 0.0000000000
10147  -2.218  -45.344  -48.515 0.0000000000
10149  0.875  -44.063  -47.016 0.0000000000
13349  11.504  -59.567  -38.500 0.0000000000
13351  11.051  -57.567  -38.820 0.0000000000
13352  10.598  -55.571  -39.146 0.0000000000
13353  10.118  -56.345  -39.597 0.0000000000
13354  3.729  -48.702  -44.624 0.0000000000
13355  4.375  -48.193  -44.222 0.0000000000
13356  3.429  -46.713  -45.013 0.0000000000
13357  3.141  -44.738  -45.417 0.0000000000
13358  2.493  -45.204  -45.816 0.0000000000
13361  -2.800  -49.558  -48.072 0.0000000000
15757  4.359  -52.712  -43.890 0.0000000000
15758  3.645  -53.197  -44.286 0.0000000000
22774  9.695  -51.605  -39.816 0.0000000000
22775  10.120  -50.831  -39.368 0.0000000000
22776  9.250  -49.638  -40.161 0.0000000000
22777  8.811  -47.686  -40.516 0.0000000000
22778  8.375  -48.409  -40.955 0.0000000000
22779  7.650  -54.442  -41.565 0.0000000000
22780  8.216  -53.776  -41.135 0.0000000000
22781  7.254  -52.431  -41.902 0.0000000000
22782  5.567  -47.080  -43.400 0.0000000000
22783  6.483  -48.449  -42.609 0.0000000000
22784  6.112  -46.479  -42.979 0.0000000000
22785  6.622  -45.851  -42.553 0.0000000000
22786  5.751  -44.524  -43.361 0.0000000000
22797  -0.008  -50.752  -46.557 0.0000000000
22799  0.804  -50.411  -46.176 0.0000000000
22800  1.584  -50.034  -45.794 0.0000000000
22801  0.573  -48.407  -46.566 0.0000000000
22803  -3.070  -45.582  -48.884 0.0000000000
22806  -1.548  -43.100  -48.581 0.0000000000
22807  -0.778  -42.798  -48.209 0.0000000000
22808  0.149  -44.431  -47.396 0.0000000000
22809  -0.041  -42.465  -47.833 0.0000000000
22810  0.666  -42.104  -47.452 0.0000000000
28641  11.040  -54.774  -38.692 0.0000000000
28642  10.145  -53.584  -39.478 0.0000000000
28643  9.238  -52.355  -40.260 0.0000000000
28644  5.683  -51.638  -43.083 0.0000000000
28645  6.291  -51.052  -42.670 0.0000000000
28646  5.330  -49.639  -43.442 0.0000000000
28647  4.988  -47.652  -43.814 0.0000000000
28648  4.657  -45.677  -44.200 0.0000000000
28650  3.756  -44.242  -45.011 0.0000000000
28656  -0.854  -51.057  -46.938 0.0000000000
28657  -1.047  -49.054  -47.321 0.0000000000
32036  9.600  -57.091  -40.044 0.0000000000
32042  6.043  -53.649  -42.738 0.0000000000
32043  5.039  -52.192  -43.490 0.0000000000
32044  4.039  -50.702  -44.249 0.0000000000
32045  3.048  -49.179  -45.019 0.0000000000
32047  -3.843  -47.768  -48.836 0.0000000000
40643  10.515  -50.036  -38.920 0.0000000000
40648  9.171  -55.081  -40.368 0.0000000000
40649  8.745  -53.079  -40.700 0.0000000000
40650  8.323  -51.088  -41.041 0.0000000000
40651  6.865  -50.433  -42.249 0.0000000000
40652  7.403  -49.785  -41.823 0.0000000000
40653  7.906  -49.110  -41.391 0.0000000000
40654  7.498  -47.146  -41.751 0.0000000000
40655  7.098  -45.200  -42.121 0.0000000000
40672  2.609  -51.632  -45.033 0.0000000000
40673  2.332  -49.624  -45.408 0.0000000000
40674  2.067  -47.625  -45.800 0.0000000000
40675  -2.942  -47.566  -48.469 0.0000000000
40676  -2.070  -47.329  -48.097 0.0000000000
40677  -1.229  -47.058  -47.724 0.0000000000
40679  -1.396  -45.072  -48.144 0.0000000000
40680  -0.421  -46.752  -47.350 0.0000000000
40681  0.354  -46.413  -46.973 0.0000000000
40682  1.099  -46.041  -46.593 0.0000000000
40683  1.812  -45.638  -46.208 0.0000000000
40684  1.571  -43.666  -46.629 0.0000000000
44067  10.780  -59.354  -39.118 0.0000000000
44068  11.257  -59.966  -38.731 0.0000000000
44069  11.034  -58.964  -38.889 0.0000000000
44070  11.278  -58.567  -38.659 0.0000000000
44071  10.810  -57.962  -39.048 0.0000000000
44072  10.586  -56.961  -39.209 0.0000000000
44073  10.339  -57.347  -39.436 0.0000000000
44074  3.246  -47.947  -45.015 0.0000000000
44075  3.578  -47.706  -44.817 0.0000000000
44076  3.102  -46.953  -45.212 0.0000000000
44077  2.960  -45.962  -45.413 0.0000000000
44078  2.628  -46.193  -45.611 0.0000000000
44081  -3.257  -49.662  -48.257 0.0000000000
53494  9.250  -50.995  -40.209 0.0000000000
53495  9.472  -50.620  -39.987 0.0000000000
53496  9.031  -50.010  -40.382 0.0000000000
53497  8.813  -49.028  -40.558 0.0000000000
53498  8.588  -49.391  -40.778 0.0000000000
53499  7.159  -53.754  -41.944 0.0000000000
53500  7.452  -53.435  -41.732 0.0000000000
53501  6.965  -52.748  -42.113 0.0000000000
53502  5.393  -46.095  -43.590 0.0000000000
53503  5.844  -46.783  -43.190 0.0000000000
53504  5.666  -45.800  -43.380 0.0000000000
53505  5.930  -45.499  -43.169 0.0000000000
53506  5.490  -44.822  -43.573 0.0000000000
53508  5.052  -44.137  -43.981 0.0000000000
53517  -0.116  -49.749  -46.748 0.0000000000
53518  0.402  -50.586  -46.367 0.0000000000
53519  0.290  -49.583  -46.559 0.0000000000
53520  0.687  -49.408  -46.369 0.0000000000
53521  0.181  -48.582  -46.755 0.0000000000
53525  -1.302  -40.998  -48.848 0.0000000000
53526  -1.233  -41.973  -48.620 0.0000000000
53527  -0.857  -41.819  -48.433 0.0000000000
53528  -0.406  -42.635  -48.022 0.0000000000
53529  -0.490  -41.658  -48.246 0.0000000000
53530  -0.130  -41.490  -48.057 0.0000000000
63087  11.737  -57.751  -38.198 0.0000000000
63089  11.952  -57.334  -37.966 0.0000000000
63091  11.717  -56.343  -38.131 0.0000000000
63093  11.272  -55.764  -38.526 0.0000000000
63094  10.139  -54.963  -39.536 0.0000000000
63095  10.371  -54.576  -39.311 0.0000000000
63096  9.915  -53.967  -39.702 0.0000000000
63097  9.693  -52.974  -39.870 0.0000000000
63098  9.457  -53.349  -40.092 0.0000000000
63099  5.192  -50.917  -43.465 0.0000000000
63100  5.505  -50.637  -43.261 0.0000000000
63101  5.020  -49.917  -43.647 0.0000000000
63102  4.216  -47.200  -44.414 0.0000000000
63103  4.686  -47.926  -44.019 0.0000000000
63104  4.523  -46.935  -44.211 0.0000000000
63105  4.821  -46.662  -44.005 0.0000000000
63106  4.363  -45.947  -44.406 0.0000000000
63107  4.205  -44.963  -44.604 0.0000000000
63108  3.906  -45.224  -44.809 0.0000000000
63109  2.686  -43.991  -45.825 0.0000000000
63119  -1.383  -50.194  -47.316 0.0000000000
63120  -0.952  -50.055  -47.127 0.0000000000
63121  -1.474  -49.193  -47.510 0.0000000000
70307  5.540  -52.925  -43.113 0.0000000000
70308  5.210  -53.198  -43.316 0.0000000000
70309  3.849  -51.952  -44.266 0.0000000000
70310  4.198  -51.706  -44.068 0.0000000000
70311  3.695  -50.948  -44.447 0.0000000000
70312  3.543  -49.945  -44.632 0.0000000000
70313  3.193  -50.181  -44.829 0.0000000000
91360  11.214  -52.969  -38.404 0.0000000000
91361  10.783  -52.396  -38.801 0.0000000000
91362  9.893  -49.853  -39.542 0.0000000000
91363  10.321  -50.436  -39.144 0.0000000000
91364  10.092  -49.461  -39.319 0.0000000000
91365  10.284  -49.066  -39.095 0.0000000000
91366  9.863  -48.491  -39.495 0.0000000000
91367  9.636  -47.526  -39.674 0.0000000000
91368  9.441  -47.909  -39.895 0.0000000000
91369  8.383  -47.077  -40.916 0.0000000000
91370  8.595  -46.717  -40.697 0.0000000000
91371  8.171  -46.108  -41.098 0.0000000000
91374  9.116  -56.445  -40.426 0.0000000000
91375  9.386  -56.085  -40.205 0.0000000000
91376  8.905  -55.438  -40.588 0.0000000000
91377  8.010  -52.773  -41.303 0.0000000000
91378  8.485  -53.431  -40.919 0.0000000000
91379  8.276  -52.431  -41.087 0.0000000000
91380  8.533  -52.082  -40.869 0.0000000000
91381  8.069  -51.434  -41.258 0.0000000000
91382  6.106  -50.054  -42.848 0.0000000000
91383  6.582  -50.746  -42.460 0.0000000000
91384  6.394  -49.750  -42.638 0.0000000000
91385  6.750  -48.133  -42.396 0.0000000000
91386  6.943  -49.121  -42.215 0.0000000000
91387  7.204  -48.796  -42.002 0.0000000000
91388  7.659  -49.451  -41.608 0.0000000000
91389  7.457  -48.464  -41.787 0.0000000000
91390  7.701  -48.126  -41.570 0.0000000000
91391  7.257  -47.481  -41.968 0.0000000000
91392  6.433  -44.878  -42.741 0.0000000000
91393  6.864  -45.528  -42.337 0.0000000000
91435  2.751  -52.639  -44.853 0.0000000000
91436  2.230  -51.842  -45.227 0.0000000000
91437  1.458  -49.032  -45.987 0.0000000000
91438  1.962  -49.833  -45.601 0.0000000000
91439  1.832  -48.832  -45.795 0.0000000000
91440  2.198  -48.623  -45.602 0.0000000000
91441  1.705  -47.833  -45.994 0.0000000000
91442  -3.899  -46.776  -49.041 0.0000000000
91443  -3.389  -47.671  -48.653 0.0000000000
91444  -3.450  -46.679  -48.858 0.0000000000
91445  -2.640  -45.467  -48.700 0.0000000000
91446  -2.573  -46.458  -48.489 0.0000000000
91447  -2.146  -46.335  -48.304 0.0000000000
91448  -1.645  -47.198  -47.911 0.0000000000
91449  -1.726  -46.204  -48.118 0.0000000000
91451  -2.817  -42.512  -49.359 0.0000000000
91453  -1.081  -43.936  -48.175 0.0000000000
91455  -0.998  -44.924  -47.958 0.0000000000
91456  -0.911  -45.915  -47.746 0.0000000000
91457  -0.516  -45.758  -47.559 0.0000000000
91458  -0.029  -46.587  -47.162 0.0000000000
91459  -0.129  -45.593  -47.371 0.0000000000
91460  0.516  -44.251  -47.207 0.0000000000
91461  0.621  -45.239  -46.994 0.0000000000
91462  0.985  -45.050  -46.803 0.0000000000
91463  1.459  -45.844  -46.401 0.0000000000
91464  1.341  -44.854  -46.611 0.0000000000
91465  1.690  -44.650  -46.417 0.0000000000
91466  1.227  -43.868  -46.824 0.0000000000
97753  11.481  -60.966  -38.574 0.0000000000
97757  11.741  -59.160  -38.268 0.0000000000
97758  11.512  -58.162  -38.429 0.0000000000
97760  11.053  -56.169  -38.754 0.0000000000
97761  10.825  -56.568  -38.982 0.0000000000
97762  10.363  -55.961  -39.372 0.0000000000
97763  9.897  -55.344  -39.760 0.0000000000
97764  4.215  -49.449  -44.235 0.0000000000
97765  4.538  -49.188  -44.034 0.0000000000
97766  4.057  -48.451  -44.424 0.0000000000
97767  3.901  -47.457  -44.616 0.0000000000
97768  3.749  -46.466  -44.812 0.0000000000
97769  3.599  -45.478  -45.012 0.0000000000
97770  3.284  -45.724  -45.213 0.0000000000
97771  2.821  -44.975  -45.617 0.0000000000
97772  2.362  -44.218  -46.024 0.0000000000
97777  -2.350  -49.446  -47.885 0.0000000000
102090  4.522  -53.720  -43.717 0.0000000000
102091  4.006  -52.959  -44.089 0.0000000000
102092  3.492  -52.190  -44.462 0.0000000000
114720  10.138  -52.206  -39.422 0.0000000000
114721  10.349  -51.813  -39.197 0.0000000000
114722  9.912  -51.221  -39.592 0.0000000000
114723  9.686  -50.239  -39.765 0.0000000000
114724  9.462  -49.261  -39.939 0.0000000000
114725  9.239  -48.287  -40.116 0.0000000000
114726  9.030  -48.660  -40.337 0.0000000000
114727  8.597  -48.050  -40.735 0.0000000000
114728  8.163  -47.432  -41.134 0.0000000000
114729  8.140  -55.120  -41.186 0.0000000000
114730  8.422  -54.781  -40.970 0.0000000000
114731  7.937  -54.113  -41.351 0.0000000000
114732  7.736  -53.108  -41.518 0.0000000000
114733  7.535  -52.106  -41.688 0.0000000000
114734  5.744  -48.068  -43.212 0.0000000000
114735  6.208  -48.758  -42.819 0.0000000000
114736  6.025  -47.769  -43.003 0.0000000000
114737  6.296  -47.462  -42.792 0.0000000000
114738  6.560  -47.149  -42.580 0.0000000000
114739  6.814  -46.829  -42.366 0.0000000000
114740  6.371  -46.168  -42.766 0.0000000000
114741  6.186  -45.192  -42.956 0.0000000000
114765  1.322  -51.231  -45.797 0.0000000000
114766  1.712  -51.038  -45.604 0.0000000000
114767  1.198  -50.227  -45.985 0.0000000000
114768  1.077  -49.224  -46.179 0.0000000000
114769  0.958  -48.224  -46.376 0.0000000000
114771  -3.507  -45.688  -49.068 0.0000000000
114772  -3.561  -44.700  -49.282 0.0000000000
114773  -3.129  -44.594  -49.099 0.0000000000
114774  -2.703  -44.479  -48.915 0.0000000000
114777  -1.617  -42.119  -48.805 0.0000000000
114778  -1.159  -42.953  -48.395 0.0000000000
114779  -0.695  -43.781  -47.988 0.0000000000
114780  -0.225  -44.603  -47.584 0.0000000000
114781  -0.318  -43.617  -47.801 0.0000000000
114782  0.052  -43.446  -47.613 0.0000000000
114783  0.414  -43.267  -47.424 0.0000000000
114784  0.769  -43.081  -47.232 0.0000000000
114785  0.316  -42.288  -47.644 0.0000000000
114786  0.223  -41.314  -47.867 0.0000000000
128267  10.809  -53.785  -38.859 0.0000000000
128268  10.824  -55.175  -38.919 0.0000000000
128269  10.594  -54.183  -39.086 0.0000000000
128270  10.366  -53.194  -39.253 0.0000000000
128271  9.920  -52.593  -39.646 0.0000000000
128272  9.471  -51.983  -40.039 0.0000000000
128273  9.020  -51.364  -40.431 0.0000000000
128274  6.174  -52.352  -42.703 0.0000000000
128275  6.478  -52.053  -42.495 0.0000000000
128276  5.991  -51.349  -42.877 0.0000000000
128277  5.810  -50.350  -43.055 0.0000000000
128278  5.631  -49.353  -43.236 0.0000000000
128279  4.852  -48.920  -43.831 0.0000000000
128280  5.158  -48.644  -43.627 0.0000000000
128281  5.455  -48.360  -43.420 0.0000000000
128282  5.282  -47.369  -43.608 0.0000000000
128283  5.111  -46.382  -43.798 0.0000000000
128284  4.943  -45.399  -43.993 0.0000000000
128285  4.778  -44.419  -44.190 0.0000000000
128286  4.496  -44.695  -44.398 0.0000000000
128287  4.051  -43.983  -44.806 0.0000000000
128289  3.453  -44.494  -45.215 0.0000000000
128303  -0.427  -50.909  -46.747 0.0000000000
128304  -0.530  -49.906  -46.938 0.0000000000
128305  -0.630  -48.905  -47.133 0.0000000000
137420  10.081  -57.726  -39.661 0.0000000000
137422  9.327  -57.452  -40.265 0.0000000000
137423  8.837  -56.796  -40.644 0.0000000000
137427  7.849  -55.451  -41.400 0.0000000000
137428  7.353  -54.762  -41.777 0.0000000000
137429  6.856  -54.064  -42.154 0.0000000000
137437  6.545  -54.366  -42.362 0.0000000000
137438  6.359  -53.357  -42.531 0.0000000000
137439  5.862  -52.642  -42.909 0.0000000000
137440  5.365  -51.919  -43.288 0.0000000000
137441  4.869  -51.188  -43.668 0.0000000000
137442  4.703  -52.456  -43.691 0.0000000000
137443  4.538  -51.451  -43.869 0.0000000000
137444  4.375  -50.449  -44.050 0.0000000000
137445  3.883  -49.701  -44.435 0.0000000000
137446  3.393  -48.945  -44.822 0.0000000000
137447  2.905  -48.181  -45.212 0.0000000000
162882  11.170  -51.575  -38.347 0.0000000000
162883  10.552  -51.414  -38.972 0.0000000000
162884  10.747  -51.010  -38.746 0.0000000000
162885  10.935  -50.601  -38.520 0.0000000000
162892  9.018  -47.317  -40.296 0.0000000000
162898  9.864  -56.722  -39.821 0.0000000000
162899  9.646  -55.718  -39.984 0.0000000000
162900  9.429  -54.716  -40.148 0.0000000000
162901  8.695  -54.433  -40.752 0.0000000000
162902  8.958  -54.079  -40.533 0.0000000000
162903  9.212  -53.717  -40.313 0.0000000000
162904  8.996  -52.720  -40.481 0.0000000000
162905  8.781  -51.726  -40.651 0.0000000000
162906  8.567  -50.735  -40.823 0.0000000000
162907  6.773  -51.746  -42.285 0.0000000000
162908  7.059  -51.430  -42.074 0.0000000000
162909  7.336  -51.108  -41.861 0.0000000000
162910  6.673  -49.439  -42.428 0.0000000000
162911  7.138  -50.113  -42.037 0.0000000000
162912  7.604  -50.778  -41.647 0.0000000000
162913  7.863  -50.441  -41.432 0.0000000000
162914  8.113  -50.097  -41.215 0.0000000000
162915  8.355  -49.747  -40.997 0.0000000000
162916  8.144  -48.762  -41.174 0.0000000000
162917  7.936  -47.781  -41.353 0.0000000000
162918  7.730  -46.805  -41.534 0.0000000000
162919  7.060  -46.502  -42.151 0.0000000000
162920  7.297  -46.170  -41.935 0.0000000000
162921  7.526  -45.833  -41.718 0.0000000000
162971  3.126  -52.419  -44.658 0.0000000000
162972  2.979  -51.412  -44.839 0.0000000000
162973  2.095  -50.837  -45.412 0.0000000000
162974  2.469  -50.627  -45.219 0.0000000000
162975  2.835  -50.408  -45.024 0.0000000000
162976  2.694  -49.406  -45.214 0.0000000000
162977  2.556  -48.406  -45.408 0.0000000000
162978  2.420  -47.409  -45.606 0.0000000000
162979  -3.325  -48.666  -48.453 0.0000000000
162980  -2.873  -48.561  -48.268 0.0000000000
162981  -2.428  -48.448  -48.082 0.0000000000
162982  -3.008  -46.573  -48.674 0.0000000000
162983  -2.502  -47.452  -48.283 0.0000000000
162984  -1.990  -48.326  -47.895 0.0000000000
162985  -1.561  -48.195  -47.708 0.0000000000
162986  -1.140  -48.055  -47.521 0.0000000000
162987  -0.727  -47.906  -47.333 0.0000000000
162988  -3.232  -42.627  -49.542 0.0000000000
162994  -1.314  -46.064  -47.932 0.0000000000
162995  -0.821  -46.910  -47.537 0.0000000000
162996  -0.322  -47.749  -47.145 0.0000000000
162997  0.074  -47.583  -46.957 0.0000000000
162998  0.462  -47.409  -46.768 0.0000000000
162999  0.843  -47.226  -46.578 0.0000000000
163000  0.250  -45.420  -47.183 0.0000000000
163001  0.730  -46.231  -46.784 0.0000000000
163002  1.215  -47.036  -46.388 0.0000000000
163003  1.581  -46.837  -46.196 0.0000000000
163004  1.938  -46.630  -46.002 0.0000000000
163005  2.287  -46.415  -45.807 0.0000000000
163006  2.157  -45.425  -46.013 0.0000000000
163007  2.030  -44.438  -46.221 0.0000000000
163008  1.907  -43.456  -46.433 0.0000000000
163009  1.116  -42.888  -47.040 0.0000000000
