#!ascii label  , from subject fsaverage vox2ras=TkReg
417
551  -16.782  -87.345  -24.626 0.0000000000
552  -20.498  -80.819  -15.950 0.0000000000
1215  -17.313  -86.156  -16.132 0.0000000000
1373  -20.357  -81.689  -24.742 0.0000000000
2292  -15.495  -89.386  -20.617 0.0000000000
2293  -18.939  -84.108  -20.475 0.0000000000
2294  -22.194  -78.502  -20.489 0.0000000000
5087  -18.942  -83.515  -16.013 0.0000000000
5088  -18.157  -85.171  -18.317 0.0000000000
5089  -19.786  -82.468  -18.248 0.0000000000
5090  -20.589  -81.334  -20.459 0.0000000000
5091  -21.359  -79.709  -18.231 0.0000000000
5558  -14.977  -89.974  -24.551 0.0000000000
6794  -14.688  -89.533  -14.147 0.0000000000
6795  -15.604  -88.714  -16.309 0.0000000000
7079  -18.579  -84.568  -24.681 0.0000000000
7080  -17.316  -86.177  -26.623 0.0000000000
9434  -16.183  -88.405  -22.623 0.0000000000
9435  -16.461  -87.796  -18.434 0.0000000000
9436  -17.240  -86.803  -20.531 0.0000000000
9437  -17.940  -85.734  -22.612 0.0000000000
9438  -19.667  -82.956  -22.617 0.0000000000
9439  -21.359  -80.098  -22.654 0.0000000000
9446  -21.990  -78.086  -15.956 0.0000000000
9447  -22.877  -76.912  -18.279 0.0000000000
12767  -19.728  -82.173  -15.975 0.0000000000
12768  -19.369  -83.002  -17.135 0.0000000000
12769  -20.157  -81.645  -17.107 0.0000000000
12770  -20.579  -81.094  -18.232 0.0000000000
12771  -20.931  -80.276  -17.094 0.0000000000
13238  -15.880  -88.681  -24.591 0.0000000000
13239  -15.226  -89.471  -25.514 0.0000000000
13240  -16.142  -88.145  -25.574 0.0000000000
15164  -15.100  -88.689  -12.913 0.0000000000
15165  -15.567  -88.304  -14.024 0.0000000000
15170  -18.850  -83.160  -13.686 0.0000000000
15638  -19.471  -83.139  -24.709 0.0000000000
15640  -19.787  -82.483  -25.751 0.0000000000
21021  -15.851  -88.903  -21.621 0.0000000000
21022  -16.468  -87.448  -16.213 0.0000000000
21023  -16.041  -88.266  -17.375 0.0000000000
21024  -16.901  -86.982  -17.295 0.0000000000
21025  -18.556  -84.650  -19.399 0.0000000000
21026  -17.716  -85.990  -19.437 0.0000000000
21027  -18.096  -85.467  -20.499 0.0000000000
21028  -17.599  -86.279  -21.573 0.0000000000
21029  -18.459  -84.923  -21.557 0.0000000000
21030  -18.808  -84.356  -22.611 0.0000000000
21031  -19.308  -83.545  -21.548 0.0000000000
21032  -21.397  -79.924  -20.467 0.0000000000
21033  -20.977  -80.730  -21.559 0.0000000000
21034  -21.796  -79.301  -21.579 0.0000000000
21035  -22.191  -78.647  -22.686 0.0000000000
21036  -22.605  -77.859  -21.612 0.0000000000
21051  -22.259  -77.274  -14.809 0.0000000000
21052  -22.712  -76.709  -15.988 0.0000000000
21053  -22.435  -77.512  -17.121 0.0000000000
24359  -21.235  -80.221  -24.780 0.0000000000
24360  -20.689  -81.007  -25.795 0.0000000000
24361  -21.581  -79.514  -25.843 0.0000000000
27589  -18.137  -84.843  -16.066 0.0000000000
27590  -17.742  -85.674  -17.229 0.0000000000
27591  -18.565  -84.346  -17.175 0.0000000000
27592  -18.980  -83.828  -18.277 0.0000000000
27593  -19.381  -83.290  -19.371 0.0000000000
27594  -19.769  -82.730  -20.461 0.0000000000
27595  -20.193  -81.913  -19.355 0.0000000000
27596  -20.992  -80.521  -19.352 0.0000000000
27597  -21.780  -79.118  -19.362 0.0000000000
31216  -15.153  -89.137  -15.234 0.0000000000
31217  -16.023  -87.890  -15.123 0.0000000000
31218  -16.872  -86.616  -15.028 0.0000000000
31221  -17.700  -85.320  -14.948 0.0000000000
31222  -18.506  -84.005  -14.884 0.0000000000
31223  -19.292  -82.678  -14.835 0.0000000000
31224  -20.059  -81.339  -14.800 0.0000000000
31877  -17.682  -85.972  -24.655 0.0000000000
31878  -17.056  -86.777  -25.625 0.0000000000
31879  -17.969  -85.374  -25.670 0.0000000000
38540  -16.492  -87.886  -23.625 0.0000000000
38541  -15.165  -89.519  -17.468 0.0000000000
38542  -15.590  -89.068  -18.509 0.0000000000
38543  -15.993  -88.597  -19.543 0.0000000000
38544  -17.317  -86.495  -18.370 0.0000000000
38545  -16.861  -87.308  -19.485 0.0000000000
38546  -16.372  -88.111  -20.570 0.0000000000
38547  -16.729  -87.608  -21.595 0.0000000000
38548  -17.065  -87.086  -22.617 0.0000000000
38549  -17.381  -86.542  -23.637 0.0000000000
38550  -18.266  -85.165  -23.648 0.0000000000
38551  -19.145  -83.762  -23.662 0.0000000000
38552  -20.016  -82.338  -23.682 0.0000000000
38553  -20.147  -82.146  -21.548 0.0000000000
38554  -20.517  -81.535  -22.631 0.0000000000
38555  -20.880  -80.895  -23.709 0.0000000000
38556  -21.735  -79.435  -23.744 0.0000000000
38567  -20.809  -79.992  -14.783 0.0000000000
38575  -21.542  -78.636  -14.786 0.0000000000
38576  -21.252  -79.457  -15.944 0.0000000000
38577  -21.691  -78.898  -17.098 0.0000000000
38578  -22.125  -78.314  -18.246 0.0000000000
38579  -22.554  -77.706  -19.388 0.0000000000
38581  -23.316  -76.286  -19.431 0.0000000000
38582  -22.979  -77.072  -20.525 0.0000000000
43487  -20.115  -81.497  -15.961 0.0000000000
43488  -19.943  -81.911  -16.542 0.0000000000
43489  -20.331  -81.232  -16.530 0.0000000000
43490  -20.546  -80.962  -17.098 0.0000000000
43491  -20.715  -80.550  -16.523 0.0000000000
43958  -16.332  -88.018  -24.609 0.0000000000
43959  -16.013  -88.416  -25.083 0.0000000000
43960  -16.467  -87.745  -25.105 0.0000000000
46015  -15.254  -88.003  -11.086 0.0000000000
46017  -15.060  -88.438  -11.721 0.0000000000
46018  -14.861  -88.870  -12.352 0.0000000000
46358  -19.915  -82.417  -24.725 0.0000000000
46359  -19.630  -82.816  -25.231 0.0000000000
46360  -20.078  -82.086  -25.250 0.0000000000
51737  -15.053  -90.009  -20.643 0.0000000000
51739  -15.235  -89.775  -21.139 0.0000000000
51741  -15.676  -89.147  -21.119 0.0000000000
51742  -16.893  -86.805  -16.171 0.0000000000
51743  -16.686  -87.218  -16.755 0.0000000000
51744  -17.110  -86.571  -16.716 0.0000000000
51745  -18.750  -84.382  -19.937 0.0000000000
51746  -18.331  -85.059  -19.952 0.0000000000
51747  -18.519  -84.790  -20.486 0.0000000000
51748  -18.280  -85.198  -21.028 0.0000000000
51749  -18.704  -84.516  -21.019 0.0000000000
51750  -18.885  -84.237  -21.551 0.0000000000
51751  -19.125  -83.830  -21.012 0.0000000000
51752  -21.797  -79.214  -20.476 0.0000000000
51753  -21.597  -79.616  -21.024 0.0000000000
51754  -22.000  -78.901  -21.036 0.0000000000
51755  -22.202  -78.581  -21.594 0.0000000000
51756  -22.400  -78.184  -21.051 0.0000000000
55958  -21.671  -79.481  -24.802 0.0000000000
55959  -21.409  -79.872  -25.313 0.0000000000
61342  -18.542  -84.181  -16.038 0.0000000000
61343  -18.352  -84.597  -16.621 0.0000000000
61344  -18.757  -83.931  -16.597 0.0000000000
61345  -19.579  -82.738  -17.692 0.0000000000
61346  -19.178  -83.416  -17.708 0.0000000000
61347  -19.385  -83.150  -18.261 0.0000000000
61348  -19.182  -83.561  -18.825 0.0000000000
61349  -19.588  -82.879  -18.812 0.0000000000
61350  -19.788  -82.603  -19.362 0.0000000000
61351  -19.991  -82.193  -18.802 0.0000000000
61352  -20.971  -80.403  -18.230 0.0000000000
61353  -20.787  -80.811  -18.793 0.0000000000
61354  -21.180  -80.115  -18.793 0.0000000000
61355  -21.388  -79.820  -19.355 0.0000000000
61356  -21.570  -79.416  -18.797 0.0000000000
62755  -14.650  -90.363  -25.003 0.0000000000
62756  -15.343  -89.210  -25.997 0.0000000000
68535  -14.709  -89.750  -15.294 0.0000000000
68536  -14.922  -89.339  -14.692 0.0000000000
68538  -15.797  -88.100  -14.575 0.0000000000
68539  -16.225  -87.472  -14.522 0.0000000000
68540  -16.450  -87.256  -15.074 0.0000000000
68541  -16.648  -86.836  -14.473 0.0000000000
68548  -17.478  -85.549  -14.387 0.0000000000
68549  -17.884  -84.897  -14.349 0.0000000000
68550  -18.106  -84.664  -14.914 0.0000000000
68551  -18.285  -84.242  -14.316 0.0000000000
68553  -19.071  -82.922  -14.261 0.0000000000
68554  -19.457  -82.258  -14.240 0.0000000000
68555  -19.678  -82.010  -14.816 0.0000000000
68556  -19.838  -81.591  -14.222 0.0000000000
69953  -18.131  -85.274  -24.668 0.0000000000
69954  -17.827  -85.677  -25.162 0.0000000000
69961  -20.851  -80.652  -26.318 0.0000000000
69962  -20.398  -81.399  -26.294 0.0000000000
86100  -14.261  -91.066  -23.582 0.0000000000
86106  -16.340  -88.148  -23.124 0.0000000000
86109  -15.387  -89.119  -16.892 0.0000000000
86110  -16.253  -88.033  -17.905 0.0000000000
86111  -15.818  -88.669  -17.946 0.0000000000
86112  -16.027  -88.436  -18.470 0.0000000000
86113  -15.794  -88.835  -19.027 0.0000000000
86114  -16.230  -88.198  -18.992 0.0000000000
86115  -17.951  -85.425  -17.774 0.0000000000
86116  -17.533  -86.086  -17.802 0.0000000000
86117  -17.739  -85.836  -18.342 0.0000000000
86118  -17.483  -86.398  -19.987 0.0000000000
86119  -17.290  -86.652  -19.460 0.0000000000
86120  -17.053  -87.058  -20.008 0.0000000000
86121  -16.621  -87.711  -20.032 0.0000000000
86122  -16.808  -87.461  -20.550 0.0000000000
86123  -16.554  -87.862  -21.083 0.0000000000
86124  -16.989  -87.207  -21.067 0.0000000000
86125  -17.772  -86.010  -22.093 0.0000000000
86126  -17.337  -86.683  -22.099 0.0000000000
86127  -17.503  -86.414  -22.614 0.0000000000
86128  -17.225  -86.817  -23.127 0.0000000000
86129  -17.666  -86.138  -23.129 0.0000000000
86130  -17.824  -85.857  -23.642 0.0000000000
86131  -18.105  -85.453  -23.130 0.0000000000
86132  -19.239  -83.658  -22.613 0.0000000000
86133  -18.978  -84.063  -23.137 0.0000000000
86134  -19.411  -83.359  -23.143 0.0000000000
86135  -19.582  -83.053  -23.671 0.0000000000
86136  -19.843  -82.650  -23.150 0.0000000000
86137  -20.180  -82.034  -20.459 0.0000000000
86138  -19.960  -82.442  -21.005 0.0000000000
86139  -20.373  -81.741  -21.006 0.0000000000
86140  -21.169  -80.418  -22.107 0.0000000000
86141  -20.752  -81.133  -22.098 0.0000000000
86142  -20.939  -80.819  -22.642 0.0000000000
86143  -20.700  -81.219  -23.171 0.0000000000
86144  -21.125  -80.497  -23.184 0.0000000000
86145  -21.309  -80.167  -23.725 0.0000000000
86146  -21.548  -79.771  -23.200 0.0000000000
86147  -22.603  -77.916  -22.707 0.0000000000
86148  -22.386  -78.308  -23.237 0.0000000000
86149  -22.801  -77.572  -23.260 0.0000000000
86173  -20.587  -80.251  -14.200 0.0000000000
86174  -20.955  -79.578  -14.196 0.0000000000
86192  -22.154  -77.140  -13.638 0.0000000000
86193  -22.128  -77.680  -15.383 0.0000000000
86194  -21.903  -77.956  -14.794 0.0000000000
86195  -21.766  -78.364  -15.371 0.0000000000
86196  -21.401  -79.047  -15.365 0.0000000000
86197  -21.623  -78.772  -15.947 0.0000000000
86198  -21.472  -79.180  -16.522 0.0000000000
86199  -21.844  -78.492  -16.528 0.0000000000
86200  -22.656  -77.215  -17.701 0.0000000000
86201  -22.284  -77.913  -17.685 0.0000000000
86202  -22.502  -77.614  -18.260 0.0000000000
86203  -22.340  -78.013  -18.818 0.0000000000
86204  -22.720  -77.309  -18.835 0.0000000000
86211  -23.153  -76.679  -19.979 0.0000000000
86212  -23.368  -76.353  -20.549 0.0000000000
86213  -23.191  -76.743  -21.092 0.0000000000
86214  -23.583  -76.019  -21.119 0.0000000000
90361  -17.187  -86.481  -26.125 0.0000000000
90362  -16.727  -87.178  -26.096 0.0000000000
90363  -16.851  -86.883  -26.591 0.0000000000
96709  -19.337  -82.845  -15.992 0.0000000000
96710  -19.156  -83.261  -16.575 0.0000000000
96711  -19.552  -82.588  -16.557 0.0000000000
96712  -19.765  -82.325  -17.119 0.0000000000
96713  -19.976  -82.057  -17.680 0.0000000000
96714  -20.184  -81.783  -18.239 0.0000000000
96715  -20.369  -81.372  -17.670 0.0000000000
96716  -20.760  -80.685  -17.665 0.0000000000
96717  -21.146  -79.995  -17.663 0.0000000000
97556  -15.429  -89.333  -24.572 0.0000000000
97557  -15.104  -89.726  -25.032 0.0000000000
97558  -15.559  -89.077  -25.058 0.0000000000
97559  -15.684  -88.814  -25.545 0.0000000000
101024  -14.896  -89.113  -13.533 0.0000000000
101025  -15.131  -88.922  -14.084 0.0000000000
101026  -15.335  -88.500  -13.471 0.0000000000
101027  -15.767  -87.881  -13.411 0.0000000000
101028  -16.193  -87.255  -13.356 0.0000000000
101265  -14.417  -89.474  -12.419 0.0000000000
101876  -19.026  -83.856  -24.695 0.0000000000
101877  -18.731  -84.259  -25.196 0.0000000000
101878  -19.181  -83.540  -25.213 0.0000000000
101879  -19.334  -83.215  -25.731 0.0000000000
111567  -16.020  -88.656  -22.122 0.0000000000
111568  -16.039  -88.085  -16.259 0.0000000000
111569  -15.825  -88.493  -16.843 0.0000000000
111570  -16.258  -87.859  -16.797 0.0000000000
111571  -16.473  -87.628  -17.333 0.0000000000
111572  -16.684  -87.391  -17.868 0.0000000000
111573  -18.359  -84.913  -18.859 0.0000000000
111574  -17.941  -85.581  -18.880 0.0000000000
111575  -18.138  -85.323  -19.416 0.0000000000
111576  -17.909  -85.731  -19.968 0.0000000000
111577  -17.670  -86.138  -20.514 0.0000000000
111578  -17.422  -86.544  -21.053 0.0000000000
111579  -17.853  -85.874  -21.040 0.0000000000
111580  -18.031  -85.604  -21.564 0.0000000000
111581  -18.205  -85.329  -22.088 0.0000000000
111582  -18.375  -85.048  -22.611 0.0000000000
111583  -18.635  -84.643  -22.085 0.0000000000
111584  -19.063  -83.951  -22.083 0.0000000000
111585  -19.489  -83.254  -22.083 0.0000000000
111586  -20.994  -80.631  -20.462 0.0000000000
111587  -20.784  -81.036  -21.009 0.0000000000
111588  -21.192  -80.327  -21.015 0.0000000000
111589  -21.388  -80.017  -21.568 0.0000000000
111590  -21.582  -79.700  -22.119 0.0000000000
111591  -21.776  -79.374  -22.669 0.0000000000
111592  -21.994  -78.978  -22.134 0.0000000000
111593  -22.403  -78.253  -22.151 0.0000000000
111594  -22.809  -77.525  -22.172 0.0000000000
111620  -22.611  -76.592  -14.828 0.0000000000
111621  -22.485  -76.995  -15.399 0.0000000000
111622  -22.353  -77.398  -15.970 0.0000000000
111623  -22.213  -77.802  -16.539 0.0000000000
111624  -22.577  -77.110  -16.555 0.0000000000
118277  -20.797  -80.957  -24.761 0.0000000000
118278  -20.524  -81.352  -25.270 0.0000000000
118279  -20.968  -80.614  -25.291 0.0000000000
118280  -21.136  -80.262  -25.819 0.0000000000
125815  -17.728  -85.502  -16.097 0.0000000000
125816  -17.529  -85.918  -16.681 0.0000000000
125817  -17.943  -85.260  -16.650 0.0000000000
125818  -18.156  -85.012  -17.200 0.0000000000
125819  -18.365  -84.759  -17.749 0.0000000000
125820  -18.969  -83.676  -17.153 0.0000000000
125821  -18.774  -84.089  -17.727 0.0000000000
125822  -18.571  -84.502  -18.296 0.0000000000
125823  -18.772  -84.239  -18.840 0.0000000000
125824  -18.970  -83.972  -19.383 0.0000000000
125825  -19.165  -83.699  -19.925 0.0000000000
125826  -19.356  -83.422  -20.467 0.0000000000
125827  -19.577  -83.013  -19.917 0.0000000000
125828  -19.986  -82.322  -19.911 0.0000000000
125829  -20.392  -81.626  -19.907 0.0000000000
125830  -20.390  -81.504  -18.796 0.0000000000
125831  -20.594  -81.218  -19.352 0.0000000000
125832  -20.795  -80.927  -19.907 0.0000000000
125833  -21.196  -80.225  -19.910 0.0000000000
125834  -21.593  -79.520  -19.916 0.0000000000
125835  -21.987  -78.813  -19.926 0.0000000000
135197  -14.939  -89.546  -15.829 0.0000000000
135198  -15.380  -88.929  -15.772 0.0000000000
135199  -15.362  -88.723  -14.632 0.0000000000
135200  -15.591  -88.517  -15.177 0.0000000000
135201  -15.816  -88.304  -15.719 0.0000000000
135202  -16.247  -87.672  -15.669 0.0000000000
135203  -16.673  -87.034  -15.623 0.0000000000
135204  -17.094  -86.389  -15.581 0.0000000000
135212  -17.289  -85.970  -14.986 0.0000000000
135213  -17.509  -85.739  -15.543 0.0000000000
135214  -17.920  -85.084  -15.508 0.0000000000
135215  -18.325  -84.425  -15.477 0.0000000000
135216  -18.725  -83.763  -15.450 0.0000000000
135217  -18.681  -83.584  -14.287 0.0000000000
135218  -18.901  -83.343  -14.857 0.0000000000
135219  -19.120  -83.097  -15.426 0.0000000000
135220  -19.510  -82.428  -15.406 0.0000000000
135221  -19.897  -81.756  -15.389 0.0000000000
135222  -20.279  -81.082  -15.376 0.0000000000
136991  -17.232  -86.663  -24.641 0.0000000000
136992  -16.921  -87.065  -25.126 0.0000000000
136993  -17.374  -86.375  -25.145 0.0000000000
136994  -17.512  -86.079  -25.648 0.0000000000
137002  -20.239  -81.747  -25.773 0.0000000000
137003  -19.942  -82.142  -26.270 0.0000000000
156576  -15.743  -88.939  -24.100 0.0000000000
156577  -16.191  -88.284  -24.113 0.0000000000
156578  -16.639  -87.619  -24.125 0.0000000000
156582  -15.605  -88.896  -17.420 0.0000000000
156583  -15.380  -89.296  -17.990 0.0000000000
156584  -15.149  -89.691  -18.551 0.0000000000
156585  -15.354  -89.463  -19.064 0.0000000000
156587  -15.747  -88.993  -20.084 0.0000000000
156588  -17.324  -86.331  -17.260 0.0000000000
156589  -17.111  -86.741  -17.833 0.0000000000
156590  -16.891  -87.149  -18.400 0.0000000000
156591  -17.519  -86.245  -18.904 0.0000000000
156592  -17.093  -86.903  -18.931 0.0000000000
156593  -16.664  -87.554  -18.960 0.0000000000
156594  -16.428  -87.957  -19.513 0.0000000000
156595  -16.185  -88.356  -20.057 0.0000000000
156596  -15.935  -88.753  -20.593 0.0000000000
156597  -16.116  -88.509  -21.101 0.0000000000
156598  -16.291  -88.261  -21.608 0.0000000000
156599  -16.460  -88.008  -22.114 0.0000000000
156600  -17.165  -86.948  -21.584 0.0000000000
156601  -16.899  -87.350  -22.106 0.0000000000
156602  -16.624  -87.750  -22.620 0.0000000000
156603  -16.783  -87.487  -23.126 0.0000000000
156604  -16.937  -87.218  -23.631 0.0000000000
156605  -17.087  -86.944  -24.136 0.0000000000
156606  -17.533  -86.260  -24.146 0.0000000000
156607  -17.979  -85.569  -24.155 0.0000000000
156608  -18.424  -84.870  -24.165 0.0000000000
156609  -18.542  -84.760  -23.133 0.0000000000
156610  -18.706  -84.466  -23.654 0.0000000000
156611  -18.868  -84.165  -24.175 0.0000000000
156612  -19.309  -83.454  -24.186 0.0000000000
156613  -19.749  -82.739  -24.199 0.0000000000
156614  -20.188  -82.018  -24.213 0.0000000000
156615  -19.544  -83.138  -21.007 0.0000000000
156616  -19.729  -82.848  -21.547 0.0000000000
156617  -19.912  -82.551  -22.086 0.0000000000
156618  -20.563  -81.440  -21.552 0.0000000000
156619  -20.333  -81.845  -22.090 0.0000000000
156620  -20.093  -82.248  -22.623 0.0000000000
156621  -20.272  -81.937  -23.160 0.0000000000
156622  -20.449  -81.618  -23.695 0.0000000000
156623  -20.624  -81.292  -24.229 0.0000000000
156624  -21.059  -80.562  -24.246 0.0000000000
156625  -21.491  -79.828  -24.265 0.0000000000
156626  -21.921  -79.090  -24.285 0.0000000000
156627  -21.968  -79.041  -23.217 0.0000000000
156628  -22.159  -78.699  -23.764 0.0000000000
156629  -22.348  -78.349  -24.308 0.0000000000
156657  -20.215  -80.922  -14.209 0.0000000000
156658  -20.436  -80.667  -14.789 0.0000000000
156659  -20.657  -80.406  -15.368 0.0000000000
156681  -22.032  -77.548  -14.217 0.0000000000
156685  -21.031  -79.727  -15.364 0.0000000000
156686  -20.877  -80.139  -15.945 0.0000000000
156687  -21.095  -79.866  -16.520 0.0000000000
156688  -21.313  -79.588  -17.094 0.0000000000
156689  -21.529  -79.303  -17.666 0.0000000000
156690  -22.065  -78.206  -17.107 0.0000000000
156691  -21.909  -78.609  -17.673 0.0000000000
156692  -21.744  -79.012  -18.237 0.0000000000
156693  -21.957  -78.716  -18.806 0.0000000000
156694  -22.168  -78.413  -19.373 0.0000000000
156695  -22.379  -78.104  -19.939 0.0000000000
156697  -23.391  -75.814  -17.747 0.0000000000
156703  -22.767  -77.392  -19.957 0.0000000000
156704  -22.588  -77.788  -20.505 0.0000000000
156705  -22.797  -77.465  -21.070 0.0000000000
156706  -23.005  -77.134  -21.634 0.0000000000
156707  -23.212  -76.795  -22.196 0.0000000000
161683  -16.599  -87.466  -25.601 0.0000000000
161684  -16.266  -87.866  -26.066 0.0000000000
