#!ascii label  , from subject fsaverage vox2ras=TkReg
353
1411  8.209  -61.140  -41.048 0.0000000000
1413  3.956  -55.216  -43.945 0.0000000000
1784  0.681  -56.787  -45.526 0.0000000000
1785  -3.124  -57.711  -47.016 0.0000000000
3330  8.988  -65.160  -40.482 0.0000000000
3331  6.801  -62.299  -41.910 0.0000000000
3332  6.086  -58.256  -42.497 0.0000000000
3333  4.593  -59.261  -43.317 0.0000000000
3932  -0.763  -61.312  -45.696 0.0000000000
5679  -1.551  -53.331  -46.958 0.0000000000
5680  0.215  -52.762  -46.190 0.0000000000
7146  10.298  -63.838  -39.574 0.0000000000
7147  9.461  -59.820  -40.173 0.0000000000
7149  7.432  -57.097  -41.663 0.0000000000
7150  5.383  -54.207  -43.146 0.0000000000
8000  2.948  -60.113  -44.135 0.0000000000
8001  1.159  -60.801  -44.938 0.0000000000
8002  -1.164  -57.335  -46.298 0.0000000000
8003  -3.440  -53.744  -47.698 0.0000000000
10144  2.388  -56.077  -44.735 0.0000000000
10145  1.843  -52.044  -45.420 0.0000000000
11011  6.040  -62.817  -42.338 0.0000000000
11012  5.698  -60.800  -42.614 0.0000000000
11013  4.915  -61.282  -43.032 0.0000000000
13347  11.001  -60.357  -38.961 0.0000000000
13359  -2.646  -51.557  -47.694 0.0000000000
13360  -1.734  -51.325  -47.318 0.0000000000
15747  8.599  -63.154  -40.759 0.0000000000
15748  9.664  -64.520  -40.029 0.0000000000
15749  9.259  -62.513  -40.316 0.0000000000
15750  9.879  -61.832  -39.869 0.0000000000
15751  8.855  -60.500  -40.613 0.0000000000
15752  8.451  -58.482  -40.920 0.0000000000
15753  7.820  -59.121  -41.350 0.0000000000
15754  5.020  -56.752  -43.220 0.0000000000
15755  5.732  -56.230  -42.815 0.0000000000
15756  4.687  -54.729  -43.548 0.0000000000
17552  2.330  -62.483  -44.269 0.0000000000
17553  1.399  -62.796  -44.665 0.0000000000
17554  -1.950  -59.527  -46.351 0.0000000000
17555  -0.965  -59.328  -45.990 0.0000000000
17556  -2.132  -57.545  -46.665 0.0000000000
17557  -2.310  -55.555  -46.993 0.0000000000
17558  -3.286  -55.732  -47.350 0.0000000000
22794  1.811  -58.466  -44.826 0.0000000000
22795  2.667  -58.096  -44.425 0.0000000000
22796  1.552  -56.451  -45.131 0.0000000000
22798  1.046  -52.421  -45.805 0.0000000000
24423  8.647  -67.755  -40.680 0.0000000000
24425  8.273  -65.759  -40.934 0.0000000000
24426  7.898  -63.753  -41.201 0.0000000000
24427  7.524  -61.740  -41.480 0.0000000000
24428  7.150  -59.720  -41.774 0.0000000000
24429  6.442  -60.280  -42.195 0.0000000000
24430  5.358  -58.778  -42.908 0.0000000000
24431  4.273  -57.238  -43.622 0.0000000000
25510  -1.765  -61.497  -46.053 0.0000000000
25511  -2.959  -59.679  -46.696 0.0000000000
28653  -0.440  -55.075  -46.236 0.0000000000
28654  0.445  -54.775  -45.847 0.0000000000
28655  -0.651  -53.065  -46.575 0.0000000000
32033  10.891  -63.117  -39.115 0.0000000000
32034  10.460  -61.113  -39.418 0.0000000000
32035  10.029  -59.103  -39.727 0.0000000000
32037  9.045  -57.805  -40.485 0.0000000000
32038  8.049  -56.461  -41.237 0.0000000000
32039  7.047  -55.074  -41.988 0.0000000000
32040  6.777  -57.696  -42.083 0.0000000000
32041  6.408  -55.670  -42.404 0.0000000000
34328  4.091  -61.724  -43.448 0.0000000000
34330  2.071  -60.479  -44.540 0.0000000000
34331  0.920  -58.797  -45.224 0.0000000000
34332  0.213  -61.080  -45.324 0.0000000000
34333  -0.006  -59.085  -45.613 0.0000000000
34334  -0.224  -57.082  -45.917 0.0000000000
34335  -1.360  -55.336  -46.620 0.0000000000
34336  -2.482  -53.557  -47.334 0.0000000000
34337  -3.585  -51.750  -48.060 0.0000000000
34338  -3.833  -61.730  -46.716 0.0000000000
34339  -3.986  -59.787  -47.025 0.0000000000
34340  -4.136  -57.831  -47.349 0.0000000000
34345  -4.548  -51.907  -48.413 0.0000000000
40666  3.790  -59.707  -43.726 0.0000000000
40667  3.488  -57.686  -44.023 0.0000000000
40668  3.190  -55.665  -44.340 0.0000000000
40669  1.296  -54.436  -45.457 0.0000000000
40670  2.112  -54.059  -45.067 0.0000000000
40671  2.896  -53.646  -44.677 0.0000000000
41732  5.478  -62.055  -42.685 0.0000000000
41733  5.076  -62.290  -42.896 0.0000000000
44079  -3.186  -50.660  -48.065 0.0000000000
44080  -2.724  -50.557  -47.880 0.0000000000
46467  8.404  -62.148  -40.902 0.0000000000
46468  8.934  -62.839  -40.538 0.0000000000
46469  8.735  -61.833  -40.683 0.0000000000
46470  9.057  -61.507  -40.463 0.0000000000
46471  8.537  -60.825  -40.831 0.0000000000
46472  8.338  -59.816  -40.982 0.0000000000
46473  8.014  -60.131  -41.197 0.0000000000
46474  4.488  -55.988  -43.582 0.0000000000
46475  4.853  -55.740  -43.382 0.0000000000
46476  4.326  -54.977  -43.747 0.0000000000
46477  4.165  -53.967  -43.916 0.0000000000
46478  3.800  -54.206  -44.113 0.0000000000
48274  -2.539  -58.622  -46.682 0.0000000000
48275  -2.042  -58.537  -46.506 0.0000000000
48276  -2.626  -57.634  -46.843 0.0000000000
48277  -2.711  -56.643  -47.007 0.0000000000
48278  -3.206  -56.723  -47.181 0.0000000000
53514  1.245  -57.631  -45.175 0.0000000000
53515  1.681  -57.459  -44.976 0.0000000000
53516  1.121  -56.624  -45.329 0.0000000000
56067  6.980  -63.306  -41.773 0.0000000000
56069  7.351  -63.032  -41.556 0.0000000000
56070  7.711  -62.747  -41.339 0.0000000000
56071  7.167  -62.025  -41.695 0.0000000000
56072  6.984  -61.016  -41.838 0.0000000000
56073  6.622  -61.290  -42.051 0.0000000000
56074  5.146  -60.036  -42.965 0.0000000000
56075  5.528  -59.789  -42.759 0.0000000000
56076  4.980  -59.024  -43.113 0.0000000000
56077  4.815  -58.012  -43.265 0.0000000000
56078  4.432  -58.250  -43.467 0.0000000000
57877  -2.364  -60.592  -46.373 0.0000000000
57878  -2.874  -60.659  -46.543 0.0000000000
63114  -0.997  -54.207  -46.596 0.0000000000
63115  -0.547  -54.071  -46.403 0.0000000000
63116  -1.097  -53.203  -46.767 0.0000000000
63117  -1.822  -50.324  -47.505 0.0000000000
63118  -1.290  -51.196  -47.128 0.0000000000
70277  9.183  -66.160  -40.348 0.0000000000
70278  9.728  -66.843  -39.985 0.0000000000
70279  9.530  -65.845  -40.119 0.0000000000
70280  9.986  -64.184  -39.801 0.0000000000
70281  10.192  -65.185  -39.659 0.0000000000
70282  10.507  -64.839  -39.429 0.0000000000
70284  10.812  -64.483  -39.198 0.0000000000
70285  11.107  -64.117  -38.967 0.0000000000
70286  10.600  -63.483  -39.345 0.0000000000
70287  9.670  -60.827  -40.020 0.0000000000
70288  10.174  -61.477  -39.644 0.0000000000
70289  9.962  -60.472  -39.796 0.0000000000
70290  10.244  -60.108  -39.572 0.0000000000
70291  9.750  -59.466  -39.951 0.0000000000
70292  9.538  -58.460  -40.107 0.0000000000
70293  9.253  -58.813  -40.328 0.0000000000
70294  7.942  -57.795  -41.292 0.0000000000
70295  8.250  -57.472  -41.077 0.0000000000
70296  7.745  -56.784  -41.451 0.0000000000
70297  7.549  -55.773  -41.613 0.0000000000
70298  7.239  -56.085  -41.824 0.0000000000
70299  6.618  -58.993  -42.136 0.0000000000
70300  6.963  -58.708  -41.927 0.0000000000
70301  6.436  -57.980  -42.291 0.0000000000
70302  5.557  -55.217  -42.978 0.0000000000
70303  6.074  -55.954  -42.610 0.0000000000
70304  5.895  -54.942  -42.775 0.0000000000
70305  6.225  -54.659  -42.569 0.0000000000
70306  5.717  -53.932  -42.942 0.0000000000
75694  1.744  -61.647  -44.603 0.0000000000
75695  2.200  -61.482  -44.403 0.0000000000
75696  1.619  -60.645  -44.740 0.0000000000
75697  1.494  -59.642  -44.881 0.0000000000
75698  1.039  -59.800  -45.079 0.0000000000
75700  0.324  -62.073  -45.184 0.0000000000
75701  -0.271  -61.201  -45.512 0.0000000000
75702  -1.064  -58.333  -46.143 0.0000000000
75703  -0.482  -59.212  -45.804 0.0000000000
75704  -0.586  -58.214  -45.955 0.0000000000
75705  -0.115  -58.084  -45.763 0.0000000000
75706  -0.690  -57.214  -46.109 0.0000000000
75707  -0.793  -56.213  -46.267 0.0000000000
75708  -1.262  -56.336  -46.457 0.0000000000
75709  -2.877  -54.653  -47.344 0.0000000000
75710  -2.397  -54.557  -47.162 0.0000000000
75711  -2.958  -53.656  -47.518 0.0000000000
75712  -3.036  -52.657  -47.696 0.0000000000
75713  -3.514  -52.748  -47.877 0.0000000000
75718  -4.507  -59.825  -47.182 0.0000000000
75719  -4.578  -58.851  -47.344 0.0000000000
75720  -4.062  -58.810  -47.185 0.0000000000
75721  -4.649  -57.875  -47.510 0.0000000000
91419  3.519  -60.923  -43.791 0.0000000000
91420  3.941  -60.716  -43.585 0.0000000000
91421  3.373  -59.915  -43.930 0.0000000000
91422  2.527  -57.086  -44.577 0.0000000000
91423  3.082  -57.896  -44.224 0.0000000000
91424  2.937  -56.885  -44.378 0.0000000000
91425  3.339  -56.675  -44.179 0.0000000000
91426  2.793  -55.876  -44.538 0.0000000000
91427  0.329  -53.768  -46.016 0.0000000000
91428  0.875  -54.610  -45.652 0.0000000000
91429  0.754  -53.603  -45.822 0.0000000000
91430  1.449  -52.237  -45.613 0.0000000000
91431  1.577  -53.244  -45.435 0.0000000000
91432  1.977  -53.051  -45.241 0.0000000000
91433  2.508  -53.858  -44.872 0.0000000000
91434  2.368  -52.849  -45.047 0.0000000000
93546  6.601  -63.570  -41.990 0.0000000000
93547  6.425  -62.563  -42.124 0.0000000000
93548  6.250  -61.555  -42.262 0.0000000000
93549  5.869  -61.810  -42.474 0.0000000000
93550  5.312  -61.046  -42.823 0.0000000000
93551  4.754  -60.272  -43.172 0.0000000000
97751  11.222  -61.358  -38.806 0.0000000000
97759  11.283  -57.165  -38.591 0.0000000000
97773  -2.100  -52.447  -47.325 0.0000000000
97774  -1.644  -52.328  -47.135 0.0000000000
97775  -2.186  -51.446  -47.507 0.0000000000
97776  -2.270  -50.445  -47.694 0.0000000000
102071  8.794  -64.158  -40.619 0.0000000000
102072  9.331  -64.845  -40.256 0.0000000000
102073  9.133  -63.843  -40.395 0.0000000000
102074  9.461  -63.518  -40.171 0.0000000000
102075  9.780  -63.182  -39.946 0.0000000000
102076  10.089  -62.836  -39.720 0.0000000000
102077  9.574  -62.178  -40.093 0.0000000000
102078  9.369  -61.172  -40.242 0.0000000000
102079  9.163  -60.165  -40.393 0.0000000000
102080  8.958  -59.157  -40.547 0.0000000000
102081  8.653  -59.491  -40.765 0.0000000000
102082  8.140  -58.806  -41.135 0.0000000000
102083  7.626  -58.109  -41.505 0.0000000000
102084  5.553  -57.509  -42.859 0.0000000000
102085  5.908  -57.243  -42.654 0.0000000000
102086  5.380  -56.496  -43.018 0.0000000000
102087  5.209  -55.483  -43.181 0.0000000000
102088  5.039  -54.472  -43.347 0.0000000000
102089  4.871  -53.463  -43.517 0.0000000000
105322  1.868  -62.646  -44.469 0.0000000000
105323  1.279  -61.800  -44.800 0.0000000000
105324  -1.358  -60.423  -46.023 0.0000000000
105325  -0.864  -60.321  -45.841 0.0000000000
105326  -1.454  -59.433  -46.173 0.0000000000
105327  -1.550  -58.441  -46.327 0.0000000000
105328  -1.645  -57.446  -46.484 0.0000000000
105329  -1.738  -56.449  -46.644 0.0000000000
105330  -2.222  -56.551  -46.828 0.0000000000
105331  -2.795  -55.649  -47.174 0.0000000000
105332  -3.364  -54.740  -47.522 0.0000000000
114756  2.378  -59.294  -44.480 0.0000000000
114757  2.807  -59.105  -44.277 0.0000000000
114758  2.243  -58.286  -44.626 0.0000000000
114759  2.108  -57.277  -44.777 0.0000000000
114760  1.974  -56.269  -44.933 0.0000000000
114761  0.102  -51.756  -46.371 0.0000000000
114762  0.634  -52.596  -45.998 0.0000000000
114763  0.517  -51.590  -46.179 0.0000000000
114764  0.924  -51.415  -45.988 0.0000000000
118429  8.636  -65.465  -40.709 0.0000000000
118431  8.086  -64.757  -41.066 0.0000000000
118432  8.445  -64.463  -40.843 0.0000000000
118433  8.253  -63.459  -40.980 0.0000000000
118434  8.062  -62.453  -41.121 0.0000000000
118435  7.871  -61.445  -41.265 0.0000000000
118436  7.680  -60.436  -41.412 0.0000000000
118437  7.337  -60.731  -41.625 0.0000000000
118438  6.801  -60.005  -41.985 0.0000000000
118439  6.264  -59.269  -42.344 0.0000000000
118440  6.075  -60.545  -42.405 0.0000000000
118441  5.900  -59.534  -42.552 0.0000000000
118442  5.726  -58.522  -42.703 0.0000000000
118443  5.188  -57.765  -43.062 0.0000000000
118444  4.651  -57.000  -43.421 0.0000000000
118445  4.114  -56.226  -43.781 0.0000000000
120959  -0.661  -62.298  -45.555 0.0000000000
120962  -1.261  -61.410  -45.877 0.0000000000
120963  -1.858  -60.513  -46.200 0.0000000000
120964  -2.452  -59.609  -46.526 0.0000000000
120965  -3.042  -58.696  -46.854 0.0000000000
128295  0.119  -55.935  -45.880 0.0000000000
128296  0.563  -55.781  -45.684 0.0000000000
128297  0.007  -54.930  -46.042 0.0000000000
128298  -0.104  -53.924  -46.209 0.0000000000
128299  -0.214  -52.918  -46.383 0.0000000000
128300  -1.195  -52.199  -46.945 0.0000000000
128301  -0.754  -52.061  -46.754 0.0000000000
128302  -0.321  -51.913  -46.562 0.0000000000
137405  9.866  -65.520  -39.889 0.0000000000
137414  10.387  -62.481  -39.494 0.0000000000
137415  10.675  -62.116  -39.266 0.0000000000
137416  10.954  -61.741  -39.036 0.0000000000
137417  10.735  -60.739  -39.190 0.0000000000
137418  10.517  -59.736  -39.345 0.0000000000
137419  10.299  -58.731  -39.502 0.0000000000
137421  9.815  -58.097  -39.885 0.0000000000
137424  8.753  -58.148  -40.703 0.0000000000
137425  8.548  -57.139  -40.862 0.0000000000
137426  8.344  -56.129  -41.022 0.0000000000
137430  7.489  -59.425  -41.562 0.0000000000
137431  7.299  -58.414  -41.716 0.0000000000
137432  7.109  -57.401  -41.874 0.0000000000
137433  6.255  -56.967  -42.449 0.0000000000
137434  6.592  -56.682  -42.242 0.0000000000
137435  6.920  -56.388  -42.034 0.0000000000
137436  6.732  -55.376  -42.197 0.0000000000
144035  3.088  -61.120  -43.996 0.0000000000
144036  2.784  -62.310  -44.067 0.0000000000
144037  2.649  -61.306  -44.201 0.0000000000
144038  2.514  -60.301  -44.338 0.0000000000
144039  1.941  -59.473  -44.681 0.0000000000
144040  1.370  -58.637  -45.026 0.0000000000
144041  0.800  -57.792  -45.373 0.0000000000
144042  0.921  -62.935  -44.858 0.0000000000
144043  0.805  -61.942  -44.994 0.0000000000
144044  0.690  -60.946  -45.133 0.0000000000
144045  -0.377  -60.208  -45.656 0.0000000000
144046  0.103  -60.083  -45.467 0.0000000000
144047  0.576  -59.947  -45.275 0.0000000000
144048  0.461  -58.946  -45.420 0.0000000000
144049  0.347  -57.943  -45.569 0.0000000000
144050  0.233  -56.940  -45.722 0.0000000000
144051  -0.333  -56.079  -46.074 0.0000000000
144052  -0.896  -55.210  -46.429 0.0000000000
144053  -1.456  -54.334  -46.787 0.0000000000
144054  -1.831  -55.451  -46.808 0.0000000000
144055  -1.923  -54.450  -46.976 0.0000000000
144056  -2.013  -53.449  -47.148 0.0000000000
144057  -2.565  -52.557  -47.511 0.0000000000
144058  -3.112  -51.658  -47.878 0.0000000000
144059  -3.654  -50.753  -48.248 0.0000000000
144064  -3.910  -60.760  -46.869 0.0000000000
144065  -3.390  -60.715  -46.708 0.0000000000
144066  -3.470  -59.738  -46.863 0.0000000000
144067  -3.550  -58.759  -47.021 0.0000000000
144068  -3.628  -57.776  -47.185 0.0000000000
144076  -4.210  -56.849  -47.518 0.0000000000
144077  -3.705  -56.792  -47.352 0.0000000000
144078  -3.781  -55.805  -47.523 0.0000000000
144079  -3.856  -54.815  -47.697 0.0000000000
144080  -3.928  -53.823  -47.873 0.0000000000
144083  -3.997  -52.829  -48.054 0.0000000000
144084  -4.064  -51.833  -48.238 0.0000000000
144085  -4.128  -50.838  -48.427 0.0000000000
162952  4.508  -61.508  -43.240 0.0000000000
162953  4.352  -60.499  -43.378 0.0000000000
162954  4.196  -59.489  -43.521 0.0000000000
162955  3.228  -58.906  -44.075 0.0000000000
162956  3.639  -58.697  -43.872 0.0000000000
162957  4.040  -58.478  -43.669 0.0000000000
162958  3.885  -57.467  -43.822 0.0000000000
162959  3.731  -56.455  -43.980 0.0000000000
162960  3.578  -55.445  -44.143 0.0000000000
162961  0.997  -55.617  -45.488 0.0000000000
162962  1.423  -55.444  -45.291 0.0000000000
162963  1.841  -55.260  -45.095 0.0000000000
162964  1.170  -53.428  -45.628 0.0000000000
162965  1.708  -54.252  -45.262 0.0000000000
162966  2.250  -55.068  -44.899 0.0000000000
162967  2.650  -54.866  -44.703 0.0000000000
162968  3.042  -54.655  -44.506 0.0000000000
162969  3.425  -54.435  -44.310 0.0000000000
162970  3.275  -53.426  -44.482 0.0000000000
