#!ascii label  , from subject fsaverage vox2ras=TkReg
900
71  11.703  -75.944  35.767 0.0000000000
416  15.944  -83.494  28.045 0.0000000000
561  5.442  -73.879  32.382 0.0000000000
933  17.101  -79.637  33.868 0.0000000000
934  13.736  -79.899  31.892 0.0000000000
935  12.567  -83.677  25.987 0.0000000000
936  10.422  -79.467  29.939 0.0000000000
1241  3.772  -69.184  36.321 0.0000000000
1242  2.472  -72.608  31.233 0.0000000000
1243  4.095  -77.462  26.997 0.0000000000
1244  1.028  -76.244  26.265 0.0000000000
1930  20.382  -78.435  35.568 0.0000000000
1931  19.265  -82.463  29.947 0.0000000000
2323  8.506  -75.057  33.931 0.0000000000
2324  7.211  -78.574  28.248 0.0000000000
2852  13.351  -76.216  36.736 0.0000000000
2853  14.368  -78.086  34.817 0.0000000000
2854  12.698  -77.953  33.830 0.0000000000
2855  12.067  -79.755  30.897 0.0000000000
2856  11.054  -77.673  32.863 0.0000000000
3163  1.769  -74.413  28.730 0.0000000000
4237  19.998  -75.287  40.304 0.0000000000
4238  20.971  -76.422  38.303 0.0000000000
4240  16.501  -81.551  30.972 0.0000000000
4241  18.174  -81.125  31.920 0.0000000000
4242  17.620  -83.098  29.034 0.0000000000
5163  4.599  -71.520  34.388 0.0000000000
5165  6.084  -72.177  35.104 0.0000000000
5166  7.599  -72.810  35.901 0.0000000000
5167  6.959  -74.491  33.110 0.0000000000
5168  7.860  -76.787  31.089 0.0000000000
5169  6.308  -76.235  30.329 0.0000000000
5170  3.381  -79.305  24.353 0.0000000000
5171  4.963  -79.880  24.819 0.0000000000
5172  4.257  -81.748  22.115 0.0000000000
6286  16.702  -76.230  38.643 0.0000000000
6288  16.050  -78.030  35.793 0.0000000000
6289  15.417  -79.871  32.894 0.0000000000
6290  14.817  -81.754  29.967 0.0000000000
6291  14.257  -83.681  27.017 0.0000000000
6292  13.133  -81.766  28.948 0.0000000000
6293  11.460  -81.609  27.950 0.0000000000
6294  9.808  -81.306  27.009 0.0000000000
6843  3.136  -70.861  33.763 0.0000000000
6844  3.948  -73.246  31.755 0.0000000000
6845  4.780  -75.646  29.678 0.0000000000
6846  3.269  -75.036  29.144 0.0000000000
6847  2.559  -76.863  26.565 0.0000000000
6848  1.808  -78.701  24.029 0.0000000000
8395  18.767  -79.167  34.769 0.0000000000
8396  19.807  -80.447  32.781 0.0000000000
9520  10.740  -73.889  37.690 0.0000000000
9529  10.087  -75.549  34.823 0.0000000000
9530  9.441  -77.277  31.941 0.0000000000
9531  8.803  -79.061  29.047 0.0000000000
9532  8.174  -80.896  26.159 0.0000000000
9533  5.643  -78.036  27.562 0.0000000000
9534  6.559  -80.414  25.425 0.0000000000
9558  0.231  -78.073  23.843 0.0000000000
10532  12.524  -76.098  36.250 0.0000000000
10533  13.022  -77.077  35.288 0.0000000000
10534  12.196  -76.955  34.800 0.0000000000
10535  11.872  -77.829  33.342 0.0000000000
10536  11.377  -76.800  34.318 0.0000000000
11917  19.192  -75.625  39.926 0.0000000000
11920  16.217  -82.518  29.512 0.0000000000
11921  17.057  -82.343  30.005 0.0000000000
11922  16.784  -83.324  28.547 0.0000000000
11923  17.361  -84.092  27.579 0.0000000000
11924  16.525  -84.313  27.082 0.0000000000
12843  5.018  -72.697  33.393 0.0000000000
12844  5.338  -71.850  34.735 0.0000000000
12845  5.765  -73.019  33.741 0.0000000000
12847  6.197  -74.189  32.734 0.0000000000
12848  6.636  -75.355  31.718 0.0000000000
12849  5.872  -75.059  31.359 0.0000000000
12850  3.010  -80.231  23.047 0.0000000000
14317  15.862  -76.306  38.179 0.0000000000
14318  16.374  -77.126  37.226 0.0000000000
14319  15.533  -77.190  36.750 0.0000000000
14320  14.049  -78.986  33.357 0.0000000000
14321  14.889  -78.990  33.855 0.0000000000
14322  14.576  -79.909  32.394 0.0000000000
14323  15.112  -80.807  31.434 0.0000000000
14324  14.270  -80.839  30.929 0.0000000000
14325  13.974  -81.782  29.458 0.0000000000
14326  13.430  -80.826  30.423 0.0000000000
14327  11.241  -79.627  30.412 0.0000000000
14328  11.760  -80.677  29.425 0.0000000000
14329  10.933  -80.546  28.941 0.0000000000
14330  10.631  -81.474  27.470 0.0000000000
14331  10.112  -80.381  28.473 0.0000000000
15245  2.808  -71.726  32.495 0.0000000000
15246  3.540  -72.049  32.770 0.0000000000
15247  3.208  -72.927  31.481 0.0000000000
15248  3.613  -74.134  30.447 0.0000000000
15249  2.868  -73.820  30.198 0.0000000000
15251  2.161  -75.639  27.655 0.0000000000
15252  1.794  -76.556  26.398 0.0000000000
15253  2.190  -77.781  25.291 0.0000000000
15254  1.415  -77.473  25.153 0.0000000000
18475  20.676  -77.430  36.943 0.0000000000
18480  17.412  -78.691  35.301 0.0000000000
18481  18.247  -78.475  35.750 0.0000000000
18482  17.938  -79.433  34.330 0.0000000000
18483  18.718  -81.814  30.936 0.0000000000
18484  18.998  -80.819  32.363 0.0000000000
18485  19.530  -81.455  31.368 0.0000000000
18486  20.324  -81.029  31.773 0.0000000000
18487  20.063  -82.049  30.366 0.0000000000
18488  20.594  -82.597  29.356 0.0000000000
18489  19.813  -83.068  28.951 0.0000000000
18502  13.412  -83.702  26.499 0.0000000000
21258  8.049  -73.937  34.919 0.0000000000
21259  8.370  -73.108  36.327 0.0000000000
21260  8.828  -74.215  35.351 0.0000000000
21261  9.616  -74.473  35.799 0.0000000000
21262  9.292  -75.313  34.369 0.0000000000
21263  9.764  -76.405  33.384 0.0000000000
21264  8.969  -76.170  32.938 0.0000000000
21265  7.536  -77.674  29.667 0.0000000000
21266  8.325  -77.927  30.069 0.0000000000
21267  8.004  -78.826  28.634 0.0000000000
21268  8.488  -79.972  27.600 0.0000000000
21269  7.684  -79.738  27.202 0.0000000000
21270  4.440  -76.549  28.335 0.0000000000
21271  5.207  -76.842  28.624 0.0000000000
21272  4.867  -77.752  27.264 0.0000000000
21274  5.759  -80.152  25.105 0.0000000000
21275  6.230  -81.349  24.024 0.0000000000
21334  -0.563  -77.750  23.797 0.0000000000
23567  14.693  -77.199  36.267 0.0000000000
23568  13.856  -77.160  35.778 0.0000000000
23569  13.531  -78.040  34.323 0.0000000000
23570  13.212  -78.936  32.860 0.0000000000
23571  12.899  -79.846  31.392 0.0000000000
23572  12.380  -78.846  32.366 0.0000000000
23573  11.554  -78.720  31.879 0.0000000000
23574  10.736  -78.563  31.403 0.0000000000
24128  0.648  -75.014  27.360 0.0000000000
26059  20.784  -74.876  40.653 0.0000000000
26061  20.488  -75.871  39.311 0.0000000000
26064  16.796  -80.590  32.424 0.0000000000
26065  17.635  -80.398  32.898 0.0000000000
26066  17.341  -81.368  31.455 0.0000000000
26067  17.892  -82.109  30.481 0.0000000000
26068  18.449  -82.812  29.502 0.0000000000
26069  19.011  -83.472  28.518 0.0000000000
26070  18.192  -83.813  28.060 0.0000000000
27725  4.184  -70.350  35.364 0.0000000000
27727  4.917  -70.687  35.712 0.0000000000
27728  5.656  -71.023  36.081 0.0000000000
27729  6.401  -71.356  36.469 0.0000000000
27730  7.155  -71.681  36.875 0.0000000000
27731  6.838  -72.498  35.493 0.0000000000
27732  7.280  -73.642  34.505 0.0000000000
27733  7.729  -74.781  33.510 0.0000000000
27734  8.184  -75.914  32.510 0.0000000000
27735  7.406  -75.641  32.103 0.0000000000
27736  7.081  -76.517  30.696 0.0000000000
27737  6.753  -77.406  29.291 0.0000000000
27738  3.742  -78.381  25.670 0.0000000000
27739  4.522  -78.671  25.911 0.0000000000
27740  4.170  -79.597  24.568 0.0000000000
30031  16.890  -77.921  36.266 0.0000000000
30032  16.572  -78.846  34.832 0.0000000000
30033  15.208  -78.084  35.308 0.0000000000
30034  15.730  -78.945  34.348 0.0000000000
30035  16.260  -79.781  33.388 0.0000000000
30036  15.955  -80.726  31.934 0.0000000000
30037  15.660  -81.678  30.474 0.0000000000
30038  15.375  -82.640  29.007 0.0000000000
30039  15.102  -83.612  27.534 0.0000000000
30040  14.532  -82.712  28.495 0.0000000000
30041  13.688  -82.737  27.981 0.0000000000
30042  12.845  -82.718  27.469 0.0000000000
30043  12.592  -80.771  29.920 0.0000000000
30044  12.294  -81.708  28.444 0.0000000000
30045  12.005  -82.654  26.965 0.0000000000
31327  3.457  -70.014  35.038 0.0000000000
31328  3.865  -71.190  34.063 0.0000000000
31329  4.276  -72.374  33.069 0.0000000000
31330  4.692  -73.564  32.055 0.0000000000
31331  5.114  -74.755  31.027 0.0000000000
31332  4.361  -74.446  30.723 0.0000000000
31333  4.023  -75.343  29.397 0.0000000000
31334  3.678  -76.250  28.076 0.0000000000
31335  2.518  -74.726  28.922 0.0000000000
31336  2.918  -75.947  27.849 0.0000000000
31337  3.326  -77.165  26.764 0.0000000000
31338  2.965  -78.084  25.463 0.0000000000
31339  2.594  -79.006  24.174 0.0000000000
31340  2.211  -79.929  22.894 0.0000000000
32506  21.597  -71.849  44.550 0.0000000000
32526  14.517  -75.439  38.653 0.0000000000
32527  13.683  -75.369  38.173 0.0000000000
32528  12.854  -75.256  37.690 0.0000000000
32529  12.033  -75.106  37.208 0.0000000000
35468  19.073  -78.195  36.175 0.0000000000
35470  18.467  -80.144  33.350 0.0000000000
35471  19.288  -79.826  33.779 0.0000000000
35472  20.092  -79.441  34.181 0.0000000000
38799  11.548  -74.101  38.163 0.0000000000
38800  11.219  -74.922  36.730 0.0000000000
38825  9.941  -73.650  37.224 0.0000000000
38826  10.413  -74.710  36.259 0.0000000000
38827  10.891  -75.760  35.290 0.0000000000
38828  10.566  -76.615  33.845 0.0000000000
38829  10.244  -77.488  32.395 0.0000000000
38830  9.925  -78.376  30.940 0.0000000000
38831  8.647  -77.042  31.505 0.0000000000
38832  9.121  -78.163  30.495 0.0000000000
38833  9.609  -79.277  29.483 0.0000000000
38834  9.297  -80.188  28.025 0.0000000000
38835  8.989  -81.111  26.571 0.0000000000
38837  5.542  -75.944  29.989 0.0000000000
38838  5.977  -77.129  28.943 0.0000000000
38839  6.424  -78.310  27.890 0.0000000000
38840  5.305  -78.953  26.187 0.0000000000
38841  6.093  -79.226  26.494 0.0000000000
38842  6.885  -79.488  26.833 0.0000000000
38843  7.364  -80.662  25.776 0.0000000000
38911  0.261  -75.930  26.162 0.0000000000
38912  -0.924  -76.522  24.928 0.0000000000
38913  -0.142  -76.843  24.975 0.0000000000
38914  0.638  -77.160  25.048 0.0000000000
38915  1.021  -78.390  23.919 0.0000000000
38916  1.412  -79.620  22.777 0.0000000000
41252  12.112  -76.025  36.008 0.0000000000
41253  12.359  -76.524  35.526 0.0000000000
41254  11.948  -76.451  35.284 0.0000000000
41255  11.785  -76.881  34.558 0.0000000000
41256  11.540  -76.370  35.043 0.0000000000
42640  16.079  -83.005  28.779 0.0000000000
42641  16.499  -82.926  29.030 0.0000000000
42642  16.364  -83.416  28.298 0.0000000000
42643  16.652  -83.818  27.815 0.0000000000
42644  16.233  -83.908  27.564 0.0000000000
42645  16.105  -84.403  26.829 0.0000000000
42646  15.812  -83.986  27.310 0.0000000000
43563  5.229  -73.288  32.889 0.0000000000
43564  5.390  -72.859  33.564 0.0000000000
43565  5.604  -73.447  33.061 0.0000000000
43566  5.980  -73.604  33.239 0.0000000000
43567  5.819  -74.035  32.555 0.0000000000
43568  6.035  -74.622  32.046 0.0000000000
43569  5.656  -74.469  31.872 0.0000000000
45038  15.697  -76.746  37.467 0.0000000000
45039  15.277  -76.760  37.228 0.0000000000
45040  13.891  -79.441  32.625 0.0000000000
45041  14.311  -79.450  32.875 0.0000000000
45042  14.155  -79.910  32.143 0.0000000000
45043  14.422  -80.372  31.662 0.0000000000
45044  14.002  -80.372  31.410 0.0000000000
45045  13.850  -80.838  30.676 0.0000000000
45046  13.582  -80.361  31.158 0.0000000000
45047  10.830  -79.551  30.173 0.0000000000
45048  11.086  -80.085  29.677 0.0000000000
45049  10.676  -80.008  29.439 0.0000000000
45050  10.522  -80.468  28.705 0.0000000000
45051  10.266  -79.923  29.206 0.0000000000
45963  2.275  -72.004  31.742 0.0000000000
45964  2.444  -71.564  32.367 0.0000000000
45965  2.641  -72.165  31.863 0.0000000000
45966  3.008  -72.325  31.991 0.0000000000
45967  2.839  -72.767  31.354 0.0000000000
45968  3.039  -73.372  30.839 0.0000000000
45969  2.669  -73.213  30.719 0.0000000000
45970  1.218  -75.786  26.877 0.0000000000
45973  1.606  -77.014  25.774 0.0000000000
45974  1.221  -76.859  25.711 0.0000000000
49200  17.255  -79.163  34.586 0.0000000000
49201  17.674  -79.066  34.816 0.0000000000
49202  17.520  -79.542  34.101 0.0000000000
49203  18.991  -82.144  30.442 0.0000000000
49204  19.126  -81.643  31.156 0.0000000000
49205  19.396  -81.959  30.659 0.0000000000
49206  19.797  -81.757  30.868 0.0000000000
49207  19.666  -82.264  30.160 0.0000000000
49208  19.937  -82.558  29.660 0.0000000000
49209  19.539  -82.771  29.450 0.0000000000
49222  12.989  -83.695  26.242 0.0000000000
51978  8.277  -74.498  34.425 0.0000000000
51979  8.438  -74.078  35.133 0.0000000000
51980  8.667  -74.634  34.641 0.0000000000
51981  9.059  -74.765  34.861 0.0000000000
51982  8.898  -75.188  34.148 0.0000000000
51983  9.131  -75.740  33.654 0.0000000000
51984  8.737  -75.614  33.435 0.0000000000
51985  7.373  -78.122  28.957 0.0000000000
51986  7.768  -78.250  29.151 0.0000000000
51987  7.607  -78.702  28.438 0.0000000000
51988  7.844  -79.280  27.918 0.0000000000
51989  7.445  -79.157  27.725 0.0000000000
51990  4.268  -77.004  27.665 0.0000000000
51991  4.652  -77.151  27.800 0.0000000000
51992  4.480  -77.608  27.127 0.0000000000
51995  6.064  -81.820  23.327 0.0000000000
51996  6.473  -81.947  23.485 0.0000000000
54637  13.767  -76.260  36.979 0.0000000000
54638  14.020  -76.725  36.502 0.0000000000
54639  13.602  -76.690  36.258 0.0000000000
54640  12.860  -77.513  34.560 0.0000000000
54641  13.275  -77.561  34.806 0.0000000000
54642  13.114  -78.001  34.076 0.0000000000
54643  13.371  -78.486  33.592 0.0000000000
54644  12.954  -78.446  33.345 0.0000000000
54645  12.795  -78.895  32.612 0.0000000000
54646  12.538  -78.397  33.099 0.0000000000
54647  11.462  -77.755  33.101 0.0000000000
54648  11.712  -78.272  32.611 0.0000000000
54649  11.302  -78.198  32.371 0.0000000000
54650  11.144  -78.646  31.639 0.0000000000
54651  10.894  -78.116  32.133 0.0000000000
58792  20.394  -75.090  40.482 0.0000000000
58793  20.637  -75.374  39.985 0.0000000000
58794  20.244  -75.583  39.810 0.0000000000
58800  16.648  -81.070  31.699 0.0000000000
58801  17.068  -80.983  31.940 0.0000000000
58802  16.921  -81.466  31.215 0.0000000000
58803  17.337  -82.725  29.520 0.0000000000
58804  17.475  -82.234  30.245 0.0000000000
58805  17.755  -82.603  29.758 0.0000000000
58806  18.170  -82.466  29.992 0.0000000000
58807  18.036  -82.963  29.270 0.0000000000
58808  18.319  -83.312  28.782 0.0000000000
58809  17.905  -83.461  28.547 0.0000000000
58811  17.654  -84.461  27.095 0.0000000000
61568  4.391  -70.935  34.878 0.0000000000
61569  4.550  -70.519  35.535 0.0000000000
61570  4.758  -71.101  35.049 0.0000000000
61571  5.711  -72.014  34.917 0.0000000000
61572  5.497  -71.434  35.407 0.0000000000
61573  5.869  -71.600  35.594 0.0000000000
61574  6.028  -71.190  36.273 0.0000000000
61575  6.243  -71.764  35.786 0.0000000000
61576  6.619  -71.927  35.983 0.0000000000
61577  6.460  -72.339  35.296 0.0000000000
61578  6.738  -73.913  33.612 0.0000000000
61579  6.899  -73.490  34.306 0.0000000000
61580  7.120  -74.065  33.807 0.0000000000
61581  7.504  -74.213  34.008 0.0000000000
61582  7.343  -74.638  33.308 0.0000000000
61583  7.568  -75.210  32.806 0.0000000000
61584  7.182  -75.067  32.607 0.0000000000
61585  6.472  -75.793  31.023 0.0000000000
61586  6.857  -75.936  31.208 0.0000000000
61587  6.694  -76.377  30.509 0.0000000000
61588  6.917  -76.960  29.993 0.0000000000
61589  6.529  -76.821  29.811 0.0000000000
61590  3.563  -78.843  25.010 0.0000000000
61591  3.954  -78.989  25.120 0.0000000000
61592  3.775  -79.452  24.456 0.0000000000
61594  4.212  -80.671  23.344 0.0000000000
61595  4.437  -81.280  22.787 0.0000000000
61596  4.842  -81.420  22.907 0.0000000000
61597  4.666  -81.889  22.230 0.0000000000
65992  17.121  -76.170  38.870 0.0000000000
65995  16.211  -77.577  36.511 0.0000000000
65996  16.631  -77.527  36.747 0.0000000000
65997  16.470  -77.983  36.031 0.0000000000
65998  16.730  -78.383  35.551 0.0000000000
65999  16.310  -78.441  35.313 0.0000000000
66000  14.530  -77.641  35.543 0.0000000000
66001  14.950  -77.644  35.788 0.0000000000
66002  14.788  -78.091  35.063 0.0000000000
66003  15.152  -79.434  33.374 0.0000000000
66004  15.309  -78.974  34.102 0.0000000000
66005  15.573  -79.407  33.622 0.0000000000
66006  15.994  -79.366  33.868 0.0000000000
66007  15.838  -79.833  33.142 0.0000000000
66008  16.106  -80.253  32.662 0.0000000000
66009  15.685  -80.302  32.414 0.0000000000
66010  14.963  -81.279  30.701 0.0000000000
66011  15.385  -81.246  30.954 0.0000000000
66012  15.238  -81.722  30.221 0.0000000000
66013  15.516  -82.158  29.741 0.0000000000
66014  15.095  -82.200  29.487 0.0000000000
66015  14.954  -82.682  28.751 0.0000000000
66016  14.673  -82.231  29.232 0.0000000000
66017  13.553  -81.780  29.203 0.0000000000
66018  13.830  -82.258  28.720 0.0000000000
66019  13.409  -82.255  28.464 0.0000000000
66020  13.266  -82.733  27.724 0.0000000000
66021  12.988  -82.241  28.209 0.0000000000
66022  12.482  -79.805  31.143 0.0000000000
66023  12.745  -80.307  30.656 0.0000000000
66024  12.328  -80.265  30.408 0.0000000000
66025  11.609  -81.142  28.688 0.0000000000
66026  12.025  -81.195  28.934 0.0000000000
66027  11.877  -81.664  28.196 0.0000000000
66028  12.148  -82.180  27.705 0.0000000000
66029  11.730  -82.134  27.457 0.0000000000
66031  11.313  -82.079  27.212 0.0000000000
66032  10.219  -81.394  27.237 0.0000000000
66033  10.483  -81.941  26.735 0.0000000000
68771  2.774  -70.697  33.621 0.0000000000
68772  2.574  -70.104  34.109 0.0000000000
68773  2.935  -70.269  34.251 0.0000000000
68774  3.095  -69.846  34.883 0.0000000000
68775  3.297  -70.435  34.399 0.0000000000
68776  3.661  -70.601  34.553 0.0000000000
68777  3.500  -71.026  33.910 0.0000000000
68778  3.743  -72.647  32.265 0.0000000000
68779  3.907  -72.211  32.916 0.0000000000
68780  4.113  -72.807  32.411 0.0000000000
68781  4.483  -72.968  32.564 0.0000000000
68782  4.319  -73.405  31.902 0.0000000000
68783  4.527  -74.003  31.389 0.0000000000
68784  4.154  -73.846  31.241 0.0000000000
68785  3.442  -74.584  29.795 0.0000000000
68786  3.817  -74.739  29.923 0.0000000000
68787  3.646  -75.190  29.267 0.0000000000
68788  3.851  -75.795  28.735 0.0000000000
68789  3.473  -75.644  28.612 0.0000000000
68790  1.948  -73.958  29.353 0.0000000000
68791  2.321  -74.115  29.453 0.0000000000
68792  2.144  -74.570  28.823 0.0000000000
68793  2.359  -76.251  27.111 0.0000000000
68794  2.539  -75.794  27.748 0.0000000000
68795  2.740  -76.405  27.206 0.0000000000
68796  3.121  -76.557  27.308 0.0000000000
68797  2.942  -77.015  26.660 0.0000000000
68798  3.147  -77.624  26.112 0.0000000000
68799  2.761  -77.474  26.015 0.0000000000
68800  2.001  -78.241  24.659 0.0000000000
68801  2.391  -78.394  24.734 0.0000000000
68802  2.201  -78.854  24.097 0.0000000000
68803  2.404  -79.468  23.533 0.0000000000
68804  2.008  -79.315  23.463 0.0000000000
71429  14.265  -74.989  39.125 0.0000000000
71435  12.442  -75.185  37.449 0.0000000000
78467  21.353  -76.176  38.467 0.0000000000
78483  18.507  -78.825  35.261 0.0000000000
78484  18.662  -78.343  35.966 0.0000000000
78485  18.920  -78.681  35.474 0.0000000000
78487  19.177  -79.010  34.979 0.0000000000
78488  17.904  -80.766  32.410 0.0000000000
78489  18.052  -80.278  33.127 0.0000000000
78490  18.320  -80.634  32.637 0.0000000000
78491  19.405  -80.641  32.575 0.0000000000
78492  19.142  -80.322  33.073 0.0000000000
78493  19.548  -80.141  33.281 0.0000000000
78494  19.692  -79.642  33.984 0.0000000000
78495  19.948  -79.944  33.482 0.0000000000
78497  20.204  -80.236  32.978 0.0000000000
78498  20.581  -81.303  31.265 0.0000000000
78500  20.964  -81.050  31.452 0.0000000000
78502  21.215  -81.299  30.938 0.0000000000
78505  20.476  -83.112  28.654 0.0000000000
78506  20.858  -82.854  28.848 0.0000000000
78510  18.889  -83.977  27.801 0.0000000000
78511  19.293  -83.785  28.024 0.0000000000
78547  14.680  -83.652  27.276 0.0000000000
78548  14.970  -84.102  26.795 0.0000000000
86757  11.143  -73.999  37.926 0.0000000000
86758  11.383  -74.510  37.448 0.0000000000
86759  10.979  -74.407  37.211 0.0000000000
86791  4.863  -69.701  36.854 0.0000000000
86815  7.759  -72.401  36.600 0.0000000000
86816  8.759  -73.251  36.546 0.0000000000
86822  9.545  -73.522  36.995 0.0000000000
86823  9.851  -75.012  35.312 0.0000000000
86824  10.013  -74.595  36.028 0.0000000000
86825  10.250  -75.127  35.542 0.0000000000
86826  10.651  -75.236  35.775 0.0000000000
86827  10.488  -75.657  35.055 0.0000000000
86828  10.728  -76.185  34.568 0.0000000000
86829  10.326  -76.083  34.335 0.0000000000
86830  9.602  -76.839  32.663 0.0000000000
86831  10.002  -76.947  32.890 0.0000000000
86832  9.841  -77.386  32.166 0.0000000000
86833  10.084  -77.930  31.668 0.0000000000
86834  9.681  -77.827  31.441 0.0000000000
86835  8.022  -76.349  31.799 0.0000000000
86836  8.414  -76.479  32.008 0.0000000000
86837  8.253  -76.916  31.294 0.0000000000
86838  8.562  -78.495  29.558 0.0000000000
86839  8.722  -78.047  30.279 0.0000000000
86840  8.962  -78.611  29.771 0.0000000000
86841  9.363  -78.721  29.989 0.0000000000
86842  9.205  -79.172  29.262 0.0000000000
86843  9.453  -79.731  28.754 0.0000000000
86844  9.048  -79.626  28.536 0.0000000000
86845  8.331  -80.432  26.879 0.0000000000
86846  8.736  -80.543  27.085 0.0000000000
86847  8.581  -81.006  26.361 0.0000000000
86849  8.426  -81.472  25.640 0.0000000000
86850  4.948  -75.199  30.352 0.0000000000
86851  5.327  -75.350  30.509 0.0000000000
86852  5.160  -75.796  29.830 0.0000000000
86853  5.423  -77.439  28.094 0.0000000000
86854  5.591  -76.986  28.780 0.0000000000
86855  5.810  -77.581  28.252 0.0000000000
86856  6.199  -77.720  28.417 0.0000000000
86857  6.033  -78.174  27.722 0.0000000000
86858  4.740  -79.275  25.366 0.0000000000
86859  4.913  -78.813  26.045 0.0000000000
86860  5.134  -79.415  25.502 0.0000000000
86861  6.158  -80.285  25.261 0.0000000000
86862  5.926  -79.688  25.799 0.0000000000
86863  6.324  -79.820  25.959 0.0000000000
86864  6.488  -79.359  26.660 0.0000000000
86865  6.722  -79.950  26.128 0.0000000000
86866  7.122  -80.076  26.304 0.0000000000
86867  6.961  -80.540  25.597 0.0000000000
87041  -0.165  -77.912  23.816 0.0000000000
87043  0.044  -77.458  24.411 0.0000000000
87044  0.248  -77.002  25.008 0.0000000000
87045  0.436  -77.617  24.444 0.0000000000
87046  0.829  -77.775  24.485 0.0000000000
87047  0.626  -78.232  23.877 0.0000000000
92686  12.936  -76.162  36.493 0.0000000000
92687  13.186  -76.644  36.013 0.0000000000
92688  12.772  -76.589  35.769 0.0000000000
92689  12.608  -77.020  35.044 0.0000000000
92690  12.446  -77.455  34.315 0.0000000000
92691  12.284  -77.895  33.586 0.0000000000
92692  12.033  -77.390  34.072 0.0000000000
92693  11.623  -77.316  33.830 0.0000000000
92694  11.215  -77.234  33.591 0.0000000000
95179  19.597  -75.465  40.119 0.0000000000
95180  19.845  -75.773  39.628 0.0000000000
95184  16.358  -82.034  30.243 0.0000000000
95185  16.778  -81.951  30.489 0.0000000000
95186  16.637  -82.438  29.760 0.0000000000
95187  16.919  -82.833  29.277 0.0000000000
95188  17.203  -83.219  28.793 0.0000000000
95189  17.489  -83.594  28.308 0.0000000000
95190  17.071  -83.713  28.063 0.0000000000
95191  16.943  -84.210  27.333 0.0000000000
96845  4.808  -72.108  33.893 0.0000000000
96846  4.968  -71.685  34.558 0.0000000000
96847  5.178  -72.271  34.063 0.0000000000
96848  5.551  -72.434  34.240 0.0000000000
96849  5.925  -72.596  34.422 0.0000000000
96850  6.301  -72.756  34.609 0.0000000000
96851  6.141  -73.178  33.924 0.0000000000
96852  6.359  -73.760  33.422 0.0000000000
96853  6.578  -74.341  32.919 0.0000000000
96854  6.798  -74.921  32.414 0.0000000000
96855  6.416  -74.773  32.227 0.0000000000
96856  6.253  -75.208  31.536 0.0000000000
96857  6.089  -75.647  30.845 0.0000000000
96858  3.197  -79.768  23.699 0.0000000000
96859  3.594  -79.916  23.795 0.0000000000
96860  3.410  -80.380  23.137 0.0000000000
99499  16.282  -76.275  38.413 0.0000000000
99500  16.538  -76.678  37.937 0.0000000000
99501  16.118  -76.719  37.703 0.0000000000
99502  15.954  -77.165  36.989 0.0000000000
99503  15.791  -77.613  36.272 0.0000000000
99504  14.208  -78.534  34.088 0.0000000000
99505  14.628  -78.541  34.335 0.0000000000
99506  14.468  -78.994  33.606 0.0000000000
99507  14.731  -79.448  33.125 0.0000000000
99508  14.996  -79.896  32.645 0.0000000000
99509  15.264  -80.338  32.165 0.0000000000
99510  14.843  -80.361  31.914 0.0000000000
99511  14.691  -80.829  31.182 0.0000000000
99512  14.542  -81.300  30.448 0.0000000000
99513  14.396  -81.774  29.713 0.0000000000
99514  14.121  -81.309  30.194 0.0000000000
99515  13.700  -81.307  29.940 0.0000000000
99516  13.280  -81.295  29.686 0.0000000000
99517  11.653  -79.695  30.653 0.0000000000
99518  11.913  -80.214  30.161 0.0000000000
99519  11.499  -80.154  29.917 0.0000000000
99520  11.346  -80.616  29.181 0.0000000000
99521  11.195  -81.080  28.445 0.0000000000
99522  11.045  -81.546  27.708 0.0000000000
99523  10.781  -81.009  28.206 0.0000000000
99524  10.370  -80.929  27.971 0.0000000000
99525  9.959  -80.843  27.741 0.0000000000
101165  1.885  -70.804  32.742 0.0000000000
101167  2.247  -70.966  32.864 0.0000000000
101168  2.610  -71.129  32.993 0.0000000000
101169  2.973  -71.291  33.128 0.0000000000
101170  3.338  -71.454  33.269 0.0000000000
101171  3.174  -71.888  32.629 0.0000000000
101172  3.375  -72.486  32.125 0.0000000000
101173  3.577  -73.086  31.615 0.0000000000
101174  3.781  -73.688  31.100 0.0000000000
101175  3.410  -73.530  30.966 0.0000000000
101176  3.240  -73.978  30.319 0.0000000000
101177  3.068  -74.428  29.673 0.0000000000
101178  1.588  -74.870  28.110 0.0000000000
101179  1.964  -75.026  28.195 0.0000000000
101180  1.783  -75.484  27.570 0.0000000000
101181  1.979  -76.097  27.025 0.0000000000
101182  2.177  -76.710  26.477 0.0000000000
101183  2.376  -77.322  25.926 0.0000000000
101184  1.991  -77.169  25.846 0.0000000000
101185  1.803  -77.628  25.218 0.0000000000
101186  1.611  -78.087  24.592 0.0000000000
106992  17.570  -78.222  36.014 0.0000000000
106993  17.988  -78.118  36.237 0.0000000000
106994  17.830  -78.591  35.528 0.0000000000
106995  18.092  -78.953  35.041 0.0000000000
106996  18.354  -79.308  34.552 0.0000000000
106997  18.446  -81.474  31.429 0.0000000000
106998  18.588  -80.980  32.145 0.0000000000
106999  18.857  -81.316  31.651 0.0000000000
107000  19.264  -81.142  31.867 0.0000000000
107001  19.667  -80.951  32.076 0.0000000000
107002  20.066  -80.743  32.278 0.0000000000
107003  19.930  -81.250  31.574 0.0000000000
107005  20.454  -81.816  30.565 0.0000000000
107006  20.715  -82.082  30.057 0.0000000000
107007  20.329  -82.329  29.862 0.0000000000
107008  20.207  -82.841  29.158 0.0000000000
107032  13.835  -83.697  26.758 0.0000000000
107033  14.124  -84.168  26.276 0.0000000000
107034  13.701  -84.183  26.017 0.0000000000
111959  10.503  -73.368  38.168 0.0000000000
111992  7.824  -73.374  35.411 0.0000000000
111993  7.983  -72.961  36.112 0.0000000000
111994  8.210  -73.520  35.623 0.0000000000
111995  8.598  -73.662  35.840 0.0000000000
111996  8.989  -73.800  36.060 0.0000000000
111997  9.383  -73.932  36.285 0.0000000000
111998  9.221  -74.347  35.573 0.0000000000
111999  9.454  -74.891  35.084 0.0000000000
112000  9.689  -75.434  34.595 0.0000000000
112001  9.925  -75.974  34.104 0.0000000000
112002  9.527  -75.860  33.877 0.0000000000
112003  9.365  -76.290  33.159 0.0000000000
112004  9.204  -76.724  32.440 0.0000000000
112005  7.698  -77.229  30.378 0.0000000000
112006  8.091  -77.358  30.580 0.0000000000
112007  7.930  -77.802  29.865 0.0000000000
112008  8.164  -78.375  29.352 0.0000000000
112009  8.403  -78.946  28.837 0.0000000000
112010  8.645  -79.515  28.323 0.0000000000
112011  8.244  -79.400  28.117 0.0000000000
112012  8.085  -79.857  27.398 0.0000000000
112013  7.927  -80.317  26.680 0.0000000000
112014  4.611  -76.096  29.006 0.0000000000
112015  4.992  -76.244  29.152 0.0000000000
112016  4.823  -76.696  28.476 0.0000000000
112017  5.037  -77.296  27.943 0.0000000000
112018  5.254  -77.895  27.409 0.0000000000
112020  5.360  -80.017  24.958 0.0000000000
112128  -0.960  -77.586  23.784 0.0000000000
112131  0.021  -78.527  23.243 0.0000000000
112132  0.420  -78.688  23.271 0.0000000000
116428  14.604  -76.315  37.464 0.0000000000
116429  14.858  -76.761  36.987 0.0000000000
116430  14.438  -76.749  36.745 0.0000000000
116431  14.274  -77.186  36.023 0.0000000000
116432  14.111  -77.625  35.298 0.0000000000
116433  13.438  -77.124  35.533 0.0000000000
116434  13.693  -77.598  35.052 0.0000000000
116435  13.949  -78.069  34.570 0.0000000000
116436  13.789  -78.516  33.840 0.0000000000
116437  13.630  -78.966  33.108 0.0000000000
116438  13.473  -79.420  32.375 0.0000000000
116439  13.317  -79.878  31.641 0.0000000000
116440  13.055  -79.389  32.126 0.0000000000
116441  12.638  -79.348  31.878 0.0000000000
116442  12.223  -79.298  31.632 0.0000000000
116443  12.124  -78.339  32.854 0.0000000000
116444  11.966  -78.787  32.121 0.0000000000
116445  11.809  -79.239  31.387 0.0000000000
116446  11.397  -79.172  31.146 0.0000000000
116447  10.987  -79.097  30.907 0.0000000000
116448  10.578  -79.013  30.671 0.0000000000
117731  2.300  -73.054  30.605 0.0000000000
117737  1.395  -74.256  28.645 0.0000000000
117738  1.212  -74.713  28.032 0.0000000000
117739  1.026  -75.171  27.422 0.0000000000
122245  21.168  -74.644  40.815 0.0000000000
122247  21.024  -75.148  40.151 0.0000000000
122248  20.878  -75.650  39.483 0.0000000000
122249  20.730  -76.150  38.809 0.0000000000
122256  16.948  -80.113  33.147 0.0000000000
122257  17.367  -80.021  33.384 0.0000000000
122258  17.216  -80.501  32.663 0.0000000000
122259  17.487  -80.882  32.178 0.0000000000
122260  17.759  -81.254  31.690 0.0000000000
122261  17.197  -81.855  30.731 0.0000000000
122262  17.615  -81.743  30.968 0.0000000000
122263  18.032  -81.617  31.201 0.0000000000
122264  18.306  -81.970  30.711 0.0000000000
122265  18.582  -82.313  30.220 0.0000000000
122266  18.859  -82.645  29.727 0.0000000000
122267  19.136  -82.967  29.233 0.0000000000
122268  18.729  -83.147  29.011 0.0000000000
122269  18.603  -83.650  28.292 0.0000000000
122270  18.480  -84.154  27.571 0.0000000000
122271  17.778  -83.960  27.822 0.0000000000
122272  18.068  -84.315  27.336 0.0000000000
126131  3.977  -69.767  35.845 0.0000000000
126133  4.341  -69.937  36.017 0.0000000000
126134  4.707  -70.108  36.194 0.0000000000
126135  5.074  -70.278  36.376 0.0000000000
126136  5.127  -71.268  35.226 0.0000000000
126137  5.285  -70.856  35.894 0.0000000000
126138  5.443  -70.448  36.563 0.0000000000
126139  5.813  -70.618  36.755 0.0000000000
126145  7.217  -72.656  35.695 0.0000000000
126146  6.679  -72.914  34.802 0.0000000000
126147  7.058  -73.071  35.000 0.0000000000
126148  7.440  -73.224  35.203 0.0000000000
126149  7.664  -73.791  34.709 0.0000000000
126150  7.889  -74.357  34.214 0.0000000000
126151  8.116  -74.921  33.718 0.0000000000
126152  8.345  -75.484  33.220 0.0000000000
126153  7.955  -75.349  33.011 0.0000000000
126154  7.794  -75.780  32.304 0.0000000000
126155  7.632  -76.215  31.596 0.0000000000
126156  7.020  -75.500  31.907 0.0000000000
126157  7.244  -76.077  31.399 0.0000000000
126158  7.470  -76.653  30.889 0.0000000000
126159  7.307  -77.096  30.182 0.0000000000
126160  7.144  -77.542  29.476 0.0000000000
126161  6.980  -77.991  28.770 0.0000000000
126162  3.919  -77.921  26.332 0.0000000000
126163  4.307  -78.067  26.455 0.0000000000
126164  4.131  -78.527  25.786 0.0000000000
126165  4.347  -79.133  25.238 0.0000000000
126166  4.566  -79.739  24.689 0.0000000000
126167  3.992  -80.061  23.901 0.0000000000
126168  4.390  -80.205  24.015 0.0000000000
126169  4.789  -80.345  24.139 0.0000000000
126172  5.486  -82.161  22.489 0.0000000000
131977  17.632  -76.922  37.912 0.0000000000
131978  17.471  -77.383  37.206 0.0000000000
131979  16.794  -77.073  37.459 0.0000000000
131980  17.051  -77.462  36.979 0.0000000000
131981  17.310  -77.845  36.497 0.0000000000
131982  17.150  -78.310  35.785 0.0000000000
131983  16.992  -78.776  35.069 0.0000000000
131984  16.836  -79.245  34.351 0.0000000000
131985  15.113  -77.201  36.509 0.0000000000
131986  15.370  -77.635  36.031 0.0000000000
131987  15.629  -78.064  35.552 0.0000000000
131988  15.048  -78.535  34.582 0.0000000000
131989  15.468  -78.517  34.828 0.0000000000
131990  15.889  -78.486  35.072 0.0000000000
131991  16.151  -78.903  34.592 0.0000000000
131992  16.415  -79.313  34.111 0.0000000000
131993  16.680  -79.716  33.630 0.0000000000
131994  16.527  -80.190  32.906 0.0000000000
131995  16.376  -80.665  32.181 0.0000000000
131996  16.227  -81.142  31.453 0.0000000000
131997  15.534  -80.773  31.685 0.0000000000
131998  15.806  -81.201  31.205 0.0000000000
131999  16.081  -81.621  30.724 0.0000000000
132000  15.937  -82.102  29.993 0.0000000000
132001  15.796  -82.585  29.260 0.0000000000
132002  15.658  -83.071  28.526 0.0000000000
132003  15.523  -83.559  27.790 0.0000000000
132004  15.237  -83.124  28.271 0.0000000000
132005  14.815  -83.166  28.014 0.0000000000
132006  14.393  -83.195  27.757 0.0000000000
132007  14.251  -82.251  28.976 0.0000000000
132008  14.110  -82.730  28.238 0.0000000000
132009  13.971  -83.213  27.498 0.0000000000
132010  13.549  -83.219  27.240 0.0000000000
132011  13.127  -83.213  26.983 0.0000000000
132012  12.705  -83.196  26.728 0.0000000000
132013  13.163  -80.339  30.907 0.0000000000
132014  13.011  -80.804  30.171 0.0000000000
132015  12.861  -81.272  29.434 0.0000000000
132016  12.176  -80.729  29.671 0.0000000000
132017  12.442  -81.238  29.183 0.0000000000
132018  12.713  -81.743  28.695 0.0000000000
132019  12.568  -82.216  27.956 0.0000000000
132020  12.425  -82.691  27.216 0.0000000000
132025  10.897  -82.014  26.972 0.0000000000
135499  3.615  -69.597  35.679 0.0000000000
135500  3.820  -70.182  35.198 0.0000000000
135501  4.025  -70.768  34.713 0.0000000000
135502  4.231  -71.355  34.223 0.0000000000
135503  3.703  -71.618  33.416 0.0000000000
135504  4.070  -71.781  33.569 0.0000000000
135505  4.438  -71.945  33.728 0.0000000000
135506  4.646  -72.536  33.228 0.0000000000
135507  4.855  -73.128  32.724 0.0000000000
135508  5.066  -73.722  32.215 0.0000000000
135509  5.278  -74.315  31.704 0.0000000000
135510  4.902  -74.160  31.543 0.0000000000
135511  4.737  -74.601  30.872 0.0000000000
135512  4.570  -75.046  30.202 0.0000000000
135513  3.986  -74.291  30.581 0.0000000000
135514  4.193  -74.893  30.059 0.0000000000
135515  4.401  -75.495  29.534 0.0000000000
135516  4.231  -75.946  28.867 0.0000000000
135517  4.059  -76.400  28.201 0.0000000000
135518  3.885  -76.856  27.538 0.0000000000
135519  2.496  -73.663  30.085 0.0000000000
135520  2.694  -74.272  29.559 0.0000000000
135521  2.894  -74.881  29.029 0.0000000000
135522  2.341  -75.182  28.288 0.0000000000
135523  2.718  -75.337  28.388 0.0000000000
135524  3.095  -75.491  28.496 0.0000000000
135525  3.298  -76.099  27.959 0.0000000000
135526  3.503  -76.707  27.419 0.0000000000
135527  3.710  -77.314  26.877 0.0000000000
135528  3.533  -77.774  26.218 0.0000000000
135529  3.353  -78.234  25.562 0.0000000000
135530  3.172  -78.695  24.909 0.0000000000
135531  2.577  -77.934  25.373 0.0000000000
135532  2.781  -78.545  24.817 0.0000000000
135533  2.987  -79.156  24.259 0.0000000000
135534  2.800  -79.619  23.611 0.0000000000
135535  2.610  -80.081  22.966 0.0000000000
138765  21.711  -72.610  43.418 0.0000000000
138806  17.284  -75.720  39.568 0.0000000000
138810  16.447  -75.833  39.117 0.0000000000
138811  16.027  -75.867  38.887 0.0000000000
138812  15.608  -75.886  38.653 0.0000000000
138813  15.188  -75.892  38.417 0.0000000000
138822  14.769  -75.885  38.179 0.0000000000
138825  13.517  -75.791  37.456 0.0000000000
138827  13.267  -75.318  37.931 0.0000000000
138828  13.102  -75.738  37.213 0.0000000000
138829  12.688  -75.675  36.971 0.0000000000
138830  12.277  -75.603  36.729 0.0000000000
138831  11.868  -75.523  36.489 0.0000000000
147404  18.719  -77.049  37.856 0.0000000000
147406  18.404  -77.999  36.456 0.0000000000
147407  18.817  -77.863  36.668 0.0000000000
147412  17.786  -79.915  33.615 0.0000000000
147413  18.202  -79.793  33.841 0.0000000000
147414  18.616  -79.655  34.061 0.0000000000
147415  18.733  -80.486  32.858 0.0000000000
147416  18.879  -79.993  33.568 0.0000000000
147417  19.028  -79.501  34.275 0.0000000000
147418  19.435  -79.330  34.483 0.0000000000
147419  19.838  -79.143  34.683 0.0000000000
147420  20.236  -78.938  34.876 0.0000000000
147421  20.486  -79.222  34.370 0.0000000000
147424  20.459  -80.518  32.472 0.0000000000
147433  20.974  -82.336  29.547 0.0000000000
147439  19.415  -83.278  28.738 0.0000000000
157358  11.790  -74.605  37.686 0.0000000000
157359  11.625  -75.018  36.969 0.0000000000
157360  11.460  -75.434  36.249 0.0000000000
157435  10.339  -73.772  37.456 0.0000000000
157436  9.778  -74.060  36.512 0.0000000000
157437  10.176  -74.181  36.742 0.0000000000
157438  10.577  -74.297  36.976 0.0000000000
157439  10.815  -74.819  36.494 0.0000000000
157440  11.055  -75.339  36.011 0.0000000000
157441  11.296  -75.855  35.528 0.0000000000
157442  11.133  -76.281  34.804 0.0000000000
157443  10.970  -76.711  34.080 0.0000000000
157444  10.808  -77.145  33.354 0.0000000000
157445  10.164  -76.513  33.613 0.0000000000
157446  10.404  -77.050  33.120 0.0000000000
157447  10.648  -77.584  32.627 0.0000000000
157448  10.488  -78.027  31.899 0.0000000000
157449  10.329  -78.473  31.170 0.0000000000
157450  10.171  -78.923  30.440 0.0000000000
157451  8.575  -76.045  32.722 0.0000000000
157452  8.808  -76.604  32.222 0.0000000000
157453  9.043  -77.162  31.720 0.0000000000
157454  8.486  -77.483  30.787 0.0000000000
157455  8.882  -77.603  31.000 0.0000000000
157456  9.281  -77.718  31.218 0.0000000000
157457  9.522  -78.272  30.715 0.0000000000
157458  9.766  -78.825  30.212 0.0000000000
157459  10.014  -79.375  29.709 0.0000000000
157460  9.859  -79.830  28.978 0.0000000000
157461  9.704  -80.288  28.247 0.0000000000
157462  9.550  -80.749  27.516 0.0000000000
157463  8.892  -80.083  27.810 0.0000000000
157464  9.142  -80.648  27.297 0.0000000000
157469  5.492  -74.908  31.190 0.0000000000
157470  5.707  -75.500  30.674 0.0000000000
157471  5.924  -76.090  30.156 0.0000000000
157472  5.375  -76.391  29.306 0.0000000000
157473  5.758  -76.537  29.467 0.0000000000
157474  6.143  -76.680  29.635 0.0000000000
157475  6.364  -77.269  29.113 0.0000000000
157476  6.589  -77.857  28.590 0.0000000000
157477  6.817  -78.444  28.065 0.0000000000
157478  4.695  -78.211  26.586 0.0000000000
157479  5.084  -78.353  26.726 0.0000000000
157480  5.474  -78.493  26.873 0.0000000000
157481  5.530  -79.553  25.646 0.0000000000
157482  5.698  -79.091  26.336 0.0000000000
157483  5.866  -78.631  27.028 0.0000000000
157484  6.259  -78.767  27.191 0.0000000000
157485  6.653  -78.900  27.362 0.0000000000
157486  7.048  -79.030  27.540 0.0000000000
157487  7.284  -79.615  27.014 0.0000000000
157488  7.524  -80.198  26.488 0.0000000000
157489  7.769  -80.781  25.964 0.0000000000
157691  0.269  -74.857  27.304 0.0000000000
157699  -0.326  -76.228  25.533 0.0000000000
157700  0.061  -76.387  25.567 0.0000000000
157701  0.448  -76.545  25.607 0.0000000000
157702  0.835  -76.702  25.655 0.0000000000
157703  1.027  -77.317  25.097 0.0000000000
157704  1.220  -77.932  24.535 0.0000000000
157705  1.415  -78.546  23.970 0.0000000000
157706  0.818  -78.847  23.306 0.0000000000
