#!ascii label  , from subject fsaverage vox2ras=TkReg
1055
32  6.716  -90.807  12.804 0.0000000000
302  14.126  -91.472  16.216 0.0000000000
417  9.209  -83.188  24.097 0.0000000000
562  2.627  -81.159  21.752 0.0000000000
565  -0.957  -88.087  11.766 0.0000000000
782  10.468  -91.468  14.272 0.0000000000
1251  -2.597  -83.276  16.759 0.0000000000
1696  17.604  -90.623  18.322 0.0000000000
1932  18.329  -86.520  24.183 0.0000000000
1933  14.984  -87.472  22.136 0.0000000000
1934  11.512  -87.566  20.089 0.0000000000
1935  8.001  -87.034  18.373 0.0000000000
2325  5.897  -82.292  22.632 0.0000000000
2326  4.478  -86.062  17.207 0.0000000000
2333  -0.637  -79.876  21.458 0.0000000000
2334  0.946  -84.791  16.697 0.0000000000
2335  2.894  -89.646  11.969 0.0000000000
2702  8.602  -91.209  13.465 0.0000000000
2706  6.016  -92.599  10.075 0.0000000000
3787  15.898  -91.166  17.272 0.0000000000
4243  18.769  -84.483  27.081 0.0000000000
4244  17.117  -85.093  26.118 0.0000000000
4245  16.678  -87.114  23.182 0.0000000000
4246  15.440  -85.473  25.097 0.0000000000
4247  10.883  -83.500  25.002 0.0000000000
4248  12.032  -85.612  23.031 0.0000000000
4249  10.320  -85.424  22.074 0.0000000000
4250  9.758  -87.365  19.173 0.0000000000
4251  8.609  -85.107  21.216 0.0000000000
5173  5.206  -84.186  19.891 0.0000000000
5174  3.510  -83.619  19.464 0.0000000000
5193  -1.825  -85.688  14.268 0.0000000000
5194  -0.822  -84.065  16.668 0.0000000000
5195  0.021  -86.501  14.225 0.0000000000
5196  1.865  -87.235  14.320 0.0000000000
5197  0.968  -88.914  11.793 0.0000000000
5198  2.030  -91.290  9.386 0.0000000000
5199  0.019  -90.458  9.280 0.0000000000
6016  12.312  -91.565  15.200 0.0000000000
6861  -3.665  -84.794  14.425 0.0000000000
6862  -2.873  -87.162  11.872 0.0000000000
7798  19.228  -89.826  19.329 0.0000000000
8399  19.930  -85.683  25.107 0.0000000000
8400  19.553  -87.753  22.231 0.0000000000
8401  17.949  -88.576  21.260 0.0000000000
8402  16.280  -89.147  20.229 0.0000000000
8403  14.553  -89.476  19.173 0.0000000000
8404  13.741  -85.640  24.053 0.0000000000
8405  13.256  -87.613  21.091 0.0000000000
8406  12.784  -89.593  18.137 0.0000000000
8407  10.994  -89.527  17.167 0.0000000000
8408  9.191  -89.302  16.301 0.0000000000
8409  7.377  -88.942  15.568 0.0000000000
9535  7.547  -82.778  23.300 0.0000000000
9536  6.906  -84.687  20.481 0.0000000000
9537  6.241  -86.592  17.711 0.0000000000
9538  5.548  -88.466  14.987 0.0000000000
9559  0.999  -80.534  21.536 0.0000000000
9560  -1.582  -81.624  19.099 0.0000000000
9561  0.123  -82.334  19.085 0.0000000000
9562  1.816  -82.999  19.199 0.0000000000
9563  2.711  -85.458  16.870 0.0000000000
9564  3.709  -87.892  14.571 0.0000000000
9565  4.812  -90.281  12.305 0.0000000000
9566  4.031  -92.005  9.650 0.0000000000
10382  7.661  -91.025  13.115 0.0000000000
10383  8.295  -92.143  12.061 0.0000000000
10386  6.370  -91.714  11.437 0.0000000000
11467  15.019  -91.347  16.742 0.0000000000
11925  16.281  -85.311  25.613 0.0000000000
11926  15.684  -84.479  26.573 0.0000000000
11927  10.045  -83.358  24.538 0.0000000000
11928  10.601  -84.458  23.535 0.0000000000
11929  9.755  -84.315  23.081 0.0000000000
11930  9.464  -85.280  21.631 0.0000000000
11931  8.910  -84.144  22.652 0.0000000000
12851  3.811  -80.527  23.236 0.0000000000
12852  3.441  -81.458  21.915 0.0000000000
12853  3.890  -82.685  20.783 0.0000000000
12854  3.059  -82.389  20.606 0.0000000000
12873  -1.404  -86.890  13.016 0.0000000000
12874  -0.902  -86.104  14.231 0.0000000000
12875  -0.462  -87.312  12.994 0.0000000000
12876  0.481  -87.711  13.006 0.0000000000
12877  0.005  -88.513  11.762 0.0000000000
12878  0.500  -89.705  10.535 0.0000000000
12879  -0.483  -89.276  10.521 0.0000000000
13867  11.393  -91.539  14.723 0.0000000000
15275  -4.216  -85.492  13.256 0.0000000000
15276  -3.281  -85.981  13.150 0.0000000000
15278  -3.410  -87.832  10.675 0.0000000000
17122  18.427  -90.258  18.833 0.0000000000
18490  18.542  -85.499  25.636 0.0000000000
18491  19.350  -85.107  26.097 0.0000000000
18492  19.138  -86.132  24.657 0.0000000000
18495  18.760  -88.196  21.755 0.0000000000
18497  15.837  -87.321  22.662 0.0000000000
18498  16.476  -88.130  21.707 0.0000000000
18499  15.627  -88.331  21.182 0.0000000000
18500  15.423  -89.340  19.701 0.0000000000
18501  14.767  -88.474  20.654 0.0000000000
18503  13.994  -84.657  25.535 0.0000000000
18504  13.145  -84.673  25.017 0.0000000000
18505  11.771  -86.588  21.558 0.0000000000
18506  12.634  -86.628  22.058 0.0000000000
18507  12.386  -87.611  20.582 0.0000000000
18508  13.020  -88.603  19.612 0.0000000000
18509  12.138  -88.596  19.109 0.0000000000
18510  11.891  -89.581  17.641 0.0000000000
18511  11.253  -88.547  18.625 0.0000000000
18512  8.880  -87.214  18.757 0.0000000000
18513  9.475  -88.336  17.733 0.0000000000
18514  8.585  -88.179  17.332 0.0000000000
18515  8.286  -89.137  15.916 0.0000000000
18516  7.692  -87.991  16.965 0.0000000000
21273  5.420  -81.087  23.724 0.0000000000
21276  7.044  -81.598  24.358 0.0000000000
21277  6.721  -82.543  22.949 0.0000000000
21278  7.229  -83.731  21.884 0.0000000000
21279  6.392  -83.494  21.550 0.0000000000
21280  4.847  -85.128  18.542 0.0000000000
21281  5.712  -85.395  18.796 0.0000000000
21282  5.360  -86.337  17.439 0.0000000000
21283  5.899  -87.534  16.344 0.0000000000
21284  5.000  -87.270  16.093 0.0000000000
21335  -0.194  -78.979  22.646 0.0000000000
21336  0.611  -79.303  22.695 0.0000000000
21337  0.183  -80.209  21.481 0.0000000000
21338  -2.955  -82.068  17.994 0.0000000000
21339  -2.440  -81.248  19.147 0.0000000000
21340  -2.082  -82.465  17.927 0.0000000000
21341  0.063  -84.436  16.666 0.0000000000
21342  -0.341  -83.211  17.874 0.0000000000
21343  0.524  -83.563  17.891 0.0000000000
21344  0.970  -82.672  19.125 0.0000000000
21345  1.388  -83.904  17.943 0.0000000000
21346  2.252  -84.231  18.032 0.0000000000
21347  1.829  -85.132  16.764 0.0000000000
21348  2.366  -88.446  13.141 0.0000000000
21349  2.787  -87.573  14.426 0.0000000000
21350  3.307  -88.781  13.267 0.0000000000
21351  4.248  -89.094  13.434 0.0000000000
21352  3.854  -89.976  12.117 0.0000000000
21353  4.427  -91.156  10.975 0.0000000000
21354  3.449  -90.834  10.805 0.0000000000
23296  9.538  -91.357  13.852 0.0000000000
23297  10.197  -92.424  12.836 0.0000000000
25249  16.761  -90.925  17.800 0.0000000000
26071  17.948  -84.818  26.610 0.0000000000
26072  17.720  -85.830  25.153 0.0000000000
26073  17.509  -86.847  23.690 0.0000000000
26074  16.890  -86.101  24.652 0.0000000000
26075  16.053  -86.314  24.139 0.0000000000
26076  15.208  -86.471  23.617 0.0000000000
26077  11.724  -83.608  25.487 0.0000000000
26078  12.297  -84.642  24.507 0.0000000000
26079  11.449  -84.568  24.012 0.0000000000
26080  11.177  -85.536  22.542 0.0000000000
26081  10.906  -86.508  21.077 0.0000000000
26082  10.636  -87.484  19.618 0.0000000000
26083  10.039  -86.394  20.620 0.0000000000
26084  9.173  -86.247  20.190 0.0000000000
26085  8.307  -86.071  19.790 0.0000000000
27741  4.614  -80.812  23.461 0.0000000000
27742  5.075  -82.027  22.354 0.0000000000
27743  5.556  -83.239  21.254 0.0000000000
27744  4.722  -82.969  20.999 0.0000000000
27745  4.358  -83.910  19.657 0.0000000000
27746  3.982  -84.845  18.330 0.0000000000
27778  -1.461  -79.532  21.463 0.0000000000
27779  -2.222  -84.483  15.517 0.0000000000
27780  -1.709  -83.679  16.700 0.0000000000
27781  -1.317  -84.892  15.467 0.0000000000
27782  -0.413  -85.284  15.447 0.0000000000
27783  0.491  -85.659  15.459 0.0000000000
27784  1.393  -86.016  15.506 0.0000000000
27785  0.944  -86.877  14.254 0.0000000000
27786  1.423  -88.089  13.054 0.0000000000
27787  1.931  -89.292  11.862 0.0000000000
27788  2.468  -90.484  10.676 0.0000000000
27789  1.484  -90.108  10.587 0.0000000000
27790  1.025  -90.888  9.314 0.0000000000
29398  13.223  -91.544  15.700 0.0000000000
30046  11.168  -82.551  26.475 0.0000000000
30047  10.336  -82.411  26.001 0.0000000000
30048  9.507  -82.241  25.549 0.0000000000
31365  -3.829  -81.654  18.083 0.0000000000
31366  -3.485  -82.855  16.843 0.0000000000
31368  -4.028  -83.606  15.692 0.0000000000
31369  -3.125  -84.054  15.593 0.0000000000
31370  -2.746  -85.251  14.334 0.0000000000
31371  -2.344  -86.446  13.069 0.0000000000
31372  -1.917  -87.636  11.804 0.0000000000
31373  -1.463  -88.821  10.541 0.0000000000
31374  -2.439  -88.339  10.593 0.0000000000
35479  19.576  -84.087  27.529 0.0000000000
35480  20.140  -84.653  26.532 0.0000000000
35482  20.505  -86.208  24.110 0.0000000000
35486  18.590  -89.230  20.296 0.0000000000
35487  17.774  -89.603  19.792 0.0000000000
35488  17.311  -87.869  22.222 0.0000000000
35489  17.123  -88.892  20.750 0.0000000000
35490  16.940  -89.912  19.275 0.0000000000
35491  16.088  -90.159  18.750 0.0000000000
35492  15.220  -90.345  18.221 0.0000000000
35493  14.339  -90.476  17.694 0.0000000000
35494  14.841  -84.594  26.056 0.0000000000
35495  14.593  -85.582  24.575 0.0000000000
35496  14.355  -86.574  23.093 0.0000000000
35497  12.887  -85.649  23.536 0.0000000000
35498  13.496  -86.625  22.571 0.0000000000
35499  14.123  -87.568  21.610 0.0000000000
35500  13.897  -88.563  20.129 0.0000000000
35501  13.672  -89.559  18.650 0.0000000000
35502  13.448  -90.553  17.173 0.0000000000
35503  12.548  -90.582  16.666 0.0000000000
35504  11.643  -90.564  16.179 0.0000000000
35505  10.733  -90.502  15.716 0.0000000000
35506  10.365  -88.459  18.165 0.0000000000
35507  10.094  -89.432  16.719 0.0000000000
35508  9.819  -90.399  15.281 0.0000000000
35509  8.901  -90.260  14.878 0.0000000000
35510  7.978  -90.087  14.510 0.0000000000
35511  7.052  -89.882  14.181 0.0000000000
38836  8.682  -82.047  25.123 0.0000000000
38844  7.861  -81.831  24.725 0.0000000000
38845  8.376  -82.993  23.683 0.0000000000
38846  8.068  -83.948  22.252 0.0000000000
38847  7.757  -84.908  20.832 0.0000000000
38848  7.441  -85.868  19.422 0.0000000000
38849  6.056  -84.446  20.166 0.0000000000
38850  6.577  -85.642  19.090 0.0000000000
38851  7.122  -86.825  18.024 0.0000000000
38852  6.797  -87.776  16.635 0.0000000000
38853  6.464  -88.717  15.258 0.0000000000
38854  6.120  -89.646  13.891 0.0000000000
38917  1.813  -80.851  21.626 0.0000000000
38919  -1.941  -80.401  20.303 0.0000000000
38920  -1.099  -80.759  20.276 0.0000000000
38921  -1.210  -82.845  17.887 0.0000000000
38922  -0.727  -81.985  19.078 0.0000000000
38923  -0.263  -81.105  20.276 0.0000000000
38924  0.570  -81.440  20.306 0.0000000000
38925  1.400  -81.766  20.369 0.0000000000
38926  2.229  -82.083  20.469 0.0000000000
38927  2.662  -83.315  19.312 0.0000000000
38928  3.117  -84.545  18.160 0.0000000000
38929  3.595  -85.769  17.018 0.0000000000
38930  2.294  -86.356  15.592 0.0000000000
38931  3.197  -86.679  15.717 0.0000000000
38932  4.099  -86.984  15.884 0.0000000000
38933  4.629  -88.190  14.758 0.0000000000
38934  5.185  -89.383  13.641 0.0000000000
38935  5.766  -90.559  12.534 0.0000000000
38936  5.401  -91.450  11.186 0.0000000000
38937  5.026  -92.318  9.842 0.0000000000
38938  4.640  -93.156  8.502 0.0000000000
38939  3.032  -91.662  9.497 0.0000000000
38940  3.624  -92.823  8.327 0.0000000000
38941  4.241  -93.961  7.165 0.0000000000
38945  -0.983  -89.999  9.281 0.0000000000
41102  7.189  -90.920  12.955 0.0000000000
41103  7.499  -91.488  12.421 0.0000000000
41104  7.022  -91.380  12.265 0.0000000000
41105  6.853  -91.834  11.578 0.0000000000
41106  6.544  -91.263  12.120 0.0000000000
42187  14.574  -91.416  16.478 0.0000000000
42188  14.919  -91.846  16.002 0.0000000000
42647  9.626  -83.276  24.314 0.0000000000
42648  9.900  -83.836  23.808 0.0000000000
42649  9.479  -83.754  23.587 0.0000000000
42650  9.332  -84.233  22.863 0.0000000000
42651  9.060  -83.665  23.373 0.0000000000
43570  2.820  -80.695  22.398 0.0000000000
43571  3.224  -80.845  22.481 0.0000000000
43572  3.034  -81.309  21.829 0.0000000000
43573  3.252  -81.924  21.259 0.0000000000
43574  2.841  -81.774  21.179 0.0000000000
43593  -1.184  -87.489  12.391 0.0000000000
43594  -0.933  -87.104  13.001 0.0000000000
43595  -0.708  -87.704  12.380 0.0000000000
43596  -0.232  -87.913  12.377 0.0000000000
43597  -0.476  -88.303  11.760 0.0000000000
43598  -0.238  -88.899  11.141 0.0000000000
43599  -0.724  -88.682  11.143 0.0000000000
44587  10.932  -91.509  14.494 0.0000000000
44588  11.267  -92.023  13.998 0.0000000000
44589  10.801  -91.990  13.772 0.0000000000
47842  18.018  -90.449  18.579 0.0000000000
47843  18.348  -90.769  18.100 0.0000000000
47844  17.937  -90.958  17.845 0.0000000000
49210  18.433  -86.009  24.910 0.0000000000
49211  18.840  -85.822  25.147 0.0000000000
49212  18.735  -86.334  24.423 0.0000000000
49213  19.038  -86.647  23.934 0.0000000000
49214  18.635  -86.847  23.697 0.0000000000
49216  18.229  -87.033  23.455 0.0000000000
49217  15.412  -87.404  22.400 0.0000000000
49218  15.731  -87.826  21.922 0.0000000000
49219  15.304  -87.907  21.659 0.0000000000
49220  15.198  -88.410  20.918 0.0000000000
49221  14.875  -87.973  21.395 0.0000000000
49223  13.278  -84.187  25.758 0.0000000000
49224  12.854  -84.178  25.501 0.0000000000
49225  11.641  -87.077  20.823 0.0000000000
49226  12.076  -87.103  21.069 0.0000000000
49227  11.949  -87.594  20.333 0.0000000000
49228  12.262  -88.103  19.845 0.0000000000
49229  11.823  -88.085  19.598 0.0000000000
49230  11.696  -88.576  18.864 0.0000000000
49231  11.382  -88.057  19.356 0.0000000000
49232  8.440  -87.128  18.560 0.0000000000
49233  8.732  -87.697  18.043 0.0000000000
49234  8.290  -87.609  17.851 0.0000000000
49235  8.139  -88.089  17.144 0.0000000000
49236  7.847  -87.513  17.668 0.0000000000
51993  5.656  -81.690  23.177 0.0000000000
51994  5.825  -81.220  23.869 0.0000000000
51997  6.308  -82.420  22.786 0.0000000000
51998  6.557  -83.018  22.248 0.0000000000
51999  6.142  -82.894  22.090 0.0000000000
52000  4.664  -85.596  17.873 0.0000000000
52001  5.101  -85.734  17.989 0.0000000000
52002  4.919  -86.202  17.318 0.0000000000
52003  5.181  -86.805  16.764 0.0000000000
52004  4.736  -86.667  16.649 0.0000000000
52053  -0.820  -79.261  22.044 0.0000000000
52054  -0.597  -78.814  22.633 0.0000000000
52055  -0.413  -79.429  22.051 0.0000000000
52056  -0.006  -79.594  22.065 0.0000000000
52057  -0.226  -80.044  21.466 0.0000000000
52058  -2.778  -82.672  17.378 0.0000000000
52059  -2.518  -82.268  17.958 0.0000000000
52060  -2.337  -82.874  17.343 0.0000000000
52061  0.505  -84.615  16.677 0.0000000000
52062  0.296  -84.002  17.278 0.0000000000
52063  0.732  -84.178  17.294 0.0000000000
52064  0.956  -83.735  17.913 0.0000000000
52065  1.169  -84.350  17.319 0.0000000000
52066  1.605  -84.518  17.353 0.0000000000
52067  1.387  -84.964  16.726 0.0000000000
52068  2.626  -89.047  12.554 0.0000000000
52069  2.837  -88.616  13.199 0.0000000000
52070  3.102  -89.217  12.617 0.0000000000
52071  3.578  -89.380  12.691 0.0000000000
52072  3.374  -89.814  12.038 0.0000000000
52073  3.653  -90.409  11.461 0.0000000000
52074  3.168  -90.242  11.386 0.0000000000
54187  9.070  -91.288  13.654 0.0000000000
54188  9.394  -91.832  13.140 0.0000000000
54189  8.922  -91.760  12.947 0.0000000000
54197  6.509  -92.727  10.207 0.0000000000
57442  16.332  -91.053  17.536 0.0000000000
58810  17.237  -84.592  26.850 0.0000000000
58812  17.534  -84.963  26.366 0.0000000000
58813  17.832  -85.323  25.882 0.0000000000
58814  17.418  -85.467  25.636 0.0000000000
58815  17.306  -85.973  24.904 0.0000000000
58816  17.002  -85.596  25.386 0.0000000000
58817  15.861  -85.398  25.356 0.0000000000
58818  16.165  -85.811  24.876 0.0000000000
58819  15.745  -85.898  24.618 0.0000000000
58820  15.631  -86.399  23.879 0.0000000000
58821  15.322  -85.971  24.357 0.0000000000
58822  11.303  -83.559  25.242 0.0000000000
58823  11.586  -84.087  24.749 0.0000000000
58824  11.163  -84.037  24.506 0.0000000000
58825  10.461  -84.940  22.804 0.0000000000
58826  10.886  -85.000  23.037 0.0000000000
58827  10.748  -85.484  22.305 0.0000000000
58828  11.041  -86.022  21.809 0.0000000000
58829  10.611  -85.969  21.575 0.0000000000
58830  10.473  -86.455  20.845 0.0000000000
58831  10.180  -85.908  21.346 0.0000000000
58832  9.037  -85.196  21.420 0.0000000000
58833  9.318  -85.763  20.910 0.0000000000
58834  8.888  -85.679  20.702 0.0000000000
58835  8.739  -86.162  19.986 0.0000000000
58836  8.458  -85.589  20.502 0.0000000000
61593  4.032  -81.137  22.676 0.0000000000
61598  4.900  -82.498  21.675 0.0000000000
61599  4.487  -82.359  21.556 0.0000000000
61600  3.701  -83.153  20.122 0.0000000000
61601  4.121  -83.298  20.219 0.0000000000
61602  3.933  -83.766  19.555 0.0000000000
61603  4.171  -84.378  18.992 0.0000000000
61604  3.743  -84.233  18.896 0.0000000000
61658  -2.026  -85.085  14.893 0.0000000000
61659  -1.770  -84.690  15.489 0.0000000000
61660  -1.570  -85.294  14.868 0.0000000000
61661  -0.441  -86.305  14.223 0.0000000000
61662  -0.656  -85.698  14.838 0.0000000000
61663  -0.199  -85.893  14.836 0.0000000000
61664  0.039  -85.474  15.449 0.0000000000
61665  0.258  -86.083  14.841 0.0000000000
61666  0.714  -86.269  14.856 0.0000000000
61667  0.483  -86.692  14.235 0.0000000000
61668  0.721  -88.314  12.399 0.0000000000
61669  0.952  -87.903  13.025 0.0000000000
61670  1.197  -88.506  12.423 0.0000000000
61671  1.674  -88.692  12.457 0.0000000000
61672  1.450  -89.106  11.823 0.0000000000
61673  1.709  -89.704  11.224 0.0000000000
61674  1.223  -89.512  11.189 0.0000000000
61675  0.261  -90.087  9.908 0.0000000000
61676  0.759  -90.298  9.924 0.0000000000
61677  0.522  -90.677  9.292 0.0000000000
64642  12.768  -91.560  15.448 0.0000000000
64643  13.110  -92.036  14.965 0.0000000000
64644  12.652  -92.051  14.714 0.0000000000
66030  11.586  -82.607  26.718 0.0000000000
66034  10.069  -81.860  26.504 0.0000000000
66035  9.921  -82.330  25.772 0.0000000000
66036  9.657  -81.772  26.278 0.0000000000
68855  -4.100  -82.039  17.515 0.0000000000
68856  -3.659  -82.255  17.464 0.0000000000
68857  -3.929  -82.638  16.892 0.0000000000
68861  -4.125  -84.558  14.479 0.0000000000
68863  -3.849  -84.200  15.060 0.0000000000
68864  -3.577  -83.832  15.639 0.0000000000
68865  -3.394  -84.429  15.009 0.0000000000
68866  -2.938  -84.653  14.964 0.0000000000
68867  -3.206  -85.026  14.376 0.0000000000
68868  -3.080  -86.572  12.511 0.0000000000
68869  -2.813  -86.216  13.106 0.0000000000
68870  -2.607  -86.810  12.470 0.0000000000
68871  -2.134  -87.042  12.436 0.0000000000
68872  -2.395  -87.402  11.834 0.0000000000
68873  -2.177  -87.993  11.199 0.0000000000
68874  -2.659  -87.751  11.232 0.0000000000
78512  19.175  -84.293  27.308 0.0000000000
78513  19.640  -85.401  25.603 0.0000000000
78514  19.748  -84.888  26.318 0.0000000000
78515  20.033  -85.167  25.821 0.0000000000
78516  20.420  -84.918  26.031 0.0000000000
78517  20.317  -85.434  25.321 0.0000000000
78519  20.218  -85.951  24.609 0.0000000000
78520  19.642  -87.235  22.953 0.0000000000
78521  20.030  -86.989  23.179 0.0000000000
78527  18.357  -88.394  21.510 0.0000000000
78528  18.674  -88.713  21.026 0.0000000000
78529  18.270  -88.909  20.778 0.0000000000
78530  18.184  -89.424  20.046 0.0000000000
78531  17.861  -89.090  20.526 0.0000000000
78532  17.095  -86.988  23.438 0.0000000000
78533  17.408  -87.358  22.957 0.0000000000
78534  16.994  -87.497  22.702 0.0000000000
78535  16.378  -88.639  20.968 0.0000000000
78536  16.799  -88.518  21.229 0.0000000000
78537  16.704  -89.027  20.490 0.0000000000
78538  17.031  -89.403  20.013 0.0000000000
78539  16.609  -89.536  19.752 0.0000000000
78540  16.516  -90.043  19.013 0.0000000000
78541  16.184  -89.653  19.489 0.0000000000
78542  14.989  -89.415  19.437 0.0000000000
78543  15.321  -89.843  18.961 0.0000000000
78544  14.885  -89.916  18.697 0.0000000000
78545  14.781  -90.417  17.957 0.0000000000
78546  14.446  -89.976  18.434 0.0000000000
78549  14.547  -84.141  26.536 0.0000000000
78550  13.866  -85.148  24.794 0.0000000000
78551  14.291  -85.124  25.055 0.0000000000
78552  14.167  -85.617  24.313 0.0000000000
78553  14.472  -86.078  23.834 0.0000000000
78554  14.045  -86.111  23.572 0.0000000000
78555  12.164  -85.126  23.769 0.0000000000
78556  12.590  -85.149  24.021 0.0000000000
78557  12.460  -85.636  23.282 0.0000000000
78558  12.943  -87.125  21.573 0.0000000000
78559  13.065  -86.633  22.313 0.0000000000
78560  13.376  -87.119  21.831 0.0000000000
78561  13.808  -87.101  22.090 0.0000000000
78562  13.691  -87.597  21.349 0.0000000000
78563  14.010  -88.066  20.870 0.0000000000
78564  13.575  -88.093  20.609 0.0000000000
78565  12.902  -89.098  18.874 0.0000000000
78566  13.344  -89.085  19.131 0.0000000000
78567  13.229  -89.582  18.392 0.0000000000
78568  13.560  -90.057  17.911 0.0000000000
78569  13.114  -90.078  17.654 0.0000000000
78570  12.999  -90.573  16.917 0.0000000000
78571  12.666  -90.088  17.401 0.0000000000
78572  11.443  -89.559  17.401 0.0000000000
78573  11.767  -90.073  16.909 0.0000000000
78574  11.316  -90.049  16.672 0.0000000000
78575  11.189  -90.538  15.944 0.0000000000
78576  10.864  -90.015  16.440 0.0000000000
78577  10.197  -87.429  19.392 0.0000000000
78578  10.500  -87.972  18.891 0.0000000000
78579  10.059  -87.915  18.668 0.0000000000
78580  9.334  -88.819  17.016 0.0000000000
78581  9.782  -88.887  17.225 0.0000000000
78582  9.643  -89.371  16.506 0.0000000000
78583  9.957  -89.917  15.999 0.0000000000
78584  9.502  -89.854  15.789 0.0000000000
78585  9.360  -90.334  15.075 0.0000000000
78586  9.047  -89.782  15.588 0.0000000000
78587  7.832  -89.043  15.737 0.0000000000
78588  8.133  -89.613  15.212 0.0000000000
78589  7.675  -89.517  15.038 0.0000000000
78590  7.516  -89.988  14.341 0.0000000000
78591  7.215  -89.413  14.873 0.0000000000
86848  8.835  -81.578  25.846 0.0000000000
86868  7.293  -82.189  23.828 0.0000000000
86869  7.452  -81.717  24.537 0.0000000000
86870  7.704  -82.303  24.011 0.0000000000
86871  8.116  -82.413  24.203 0.0000000000
86872  7.961  -82.888  23.487 0.0000000000
86873  8.223  -83.470  22.966 0.0000000000
86874  7.805  -83.364  22.775 0.0000000000
86875  7.068  -84.209  21.181 0.0000000000
86876  7.490  -84.321  21.357 0.0000000000
86877  7.331  -84.800  20.652 0.0000000000
86878  7.600  -85.389  20.126 0.0000000000
86879  7.171  -85.280  19.950 0.0000000000
86880  5.382  -83.713  20.571 0.0000000000
86881  5.803  -83.843  20.709 0.0000000000
86882  5.631  -84.318  20.024 0.0000000000
86883  5.973  -85.995  18.253 0.0000000000
86884  6.144  -85.521  18.938 0.0000000000
86885  6.410  -86.118  18.399 0.0000000000
86886  6.846  -86.236  18.556 0.0000000000
86887  6.682  -86.711  17.863 0.0000000000
86888  6.960  -87.301  17.328 0.0000000000
86889  6.516  -87.186  17.172 0.0000000000
86890  5.725  -88.002  15.664 0.0000000000
86891  6.179  -88.128  15.800 0.0000000000
86892  6.006  -88.595  15.117 0.0000000000
86893  6.294  -89.184  14.573 0.0000000000
86894  5.831  -89.058  14.438 0.0000000000
87048  0.804  -79.919  22.117 0.0000000000
87049  1.011  -79.463  22.732 0.0000000000
87050  1.207  -80.078  22.156 0.0000000000
87051  1.611  -80.235  22.203 0.0000000000
87052  1.406  -80.693  21.577 0.0000000000
87055  -3.041  -80.446  19.788 0.0000000000
87056  -2.010  -81.438  19.120 0.0000000000
87057  -2.188  -80.827  19.725 0.0000000000
87058  -1.763  -81.012  19.703 0.0000000000
87059  -1.520  -80.581  20.286 0.0000000000
87060  -1.338  -81.194  19.687 0.0000000000
87061  -1.265  -83.874  16.681 0.0000000000
87062  -1.458  -83.266  17.293 0.0000000000
87063  -1.018  -83.455  17.278 0.0000000000
87064  -0.107  -82.775  18.478 0.0000000000
87065  -0.536  -82.598  18.476 0.0000000000
87066  -0.302  -82.161  19.078 0.0000000000
87067  -0.493  -81.547  19.676 0.0000000000
87068  -0.072  -81.719  19.681 0.0000000000
87069  0.154  -81.274  20.287 0.0000000000
87070  0.348  -81.889  19.694 0.0000000000
87071  1.393  -82.837  19.157 0.0000000000
87072  1.187  -82.221  19.745 0.0000000000
87073  1.606  -82.383  19.784 0.0000000000
87074  1.815  -81.926  20.414 0.0000000000
87075  2.025  -82.542  19.832 0.0000000000
87076  2.443  -82.699  19.890 0.0000000000
87077  2.239  -83.159  19.250 0.0000000000
87078  2.479  -84.845  17.450 0.0000000000
87079  2.684  -84.390  18.091 0.0000000000
87080  2.916  -85.003  17.514 0.0000000000
87081  3.353  -85.158  17.588 0.0000000000
87082  3.153  -85.616  16.939 0.0000000000
87083  1.626  -86.626  14.912 0.0000000000
87084  1.844  -86.188  15.544 0.0000000000
87085  2.081  -86.798  14.955 0.0000000000
87086  3.248  -87.735  14.493 0.0000000000
87087  2.993  -87.129  15.070 0.0000000000
87088  3.449  -87.287  15.143 0.0000000000
87089  3.648  -86.834  15.795 0.0000000000
87090  3.905  -87.440  15.226 0.0000000000
87091  4.361  -87.589  15.320 0.0000000000
87092  4.169  -88.044  14.660 0.0000000000
87093  4.527  -89.689  12.868 0.0000000000
87094  4.717  -89.241  13.532 0.0000000000
87095  5.000  -89.835  12.972 0.0000000000
87096  5.472  -89.973  13.087 0.0000000000
87097  5.289  -90.423  12.414 0.0000000000
87098  5.584  -91.007  11.859 0.0000000000
87099  5.103  -90.868  11.744 0.0000000000
87100  4.230  -91.584  10.312 0.0000000000
87101  4.723  -91.740  10.408 0.0000000000
87102  4.529  -92.165  9.741 0.0000000000
87103  4.835  -92.741  9.172 0.0000000000
87104  4.332  -92.584  9.075 0.0000000000
87105  2.250  -90.891  10.031 0.0000000000
87106  2.746  -91.075  10.086 0.0000000000
87107  2.531  -91.480  9.437 0.0000000000
87111  3.929  -93.395  7.745 0.0000000000
87122  -1.482  -89.758  9.295 0.0000000000
92416  8.132  -91.121  13.286 0.0000000000
92417  8.449  -91.678  12.762 0.0000000000
92418  7.975  -91.587  12.587 0.0000000000
92423  6.682  -92.284  10.892 0.0000000000
92424  6.194  -92.159  10.755 0.0000000000
94369  15.461  -91.263  17.007 0.0000000000
94370  15.804  -91.667  16.532 0.0000000000
94371  15.363  -91.764  16.267 0.0000000000
95192  16.819  -84.709  26.601 0.0000000000
95193  16.700  -85.209  25.867 0.0000000000
95194  16.401  -84.811  26.348 0.0000000000
95195  15.981  -84.900  26.093 0.0000000000
95196  15.560  -84.975  25.835 0.0000000000
95197  10.463  -83.433  24.767 0.0000000000
95198  10.742  -83.978  24.268 0.0000000000
95199  10.320  -83.910  24.035 0.0000000000
95200  10.178  -84.390  23.305 0.0000000000
95201  10.035  -84.872  22.576 0.0000000000
95202  9.892  -85.355  21.849 0.0000000000
95203  9.610  -84.797  22.355 0.0000000000
95204  9.184  -84.714  22.140 0.0000000000
95205  8.760  -84.625  21.933 0.0000000000
96861  3.627  -80.992  22.574 0.0000000000
96862  3.849  -81.605  22.010 0.0000000000
96863  4.075  -82.217  21.447 0.0000000000
96864  3.663  -82.072  21.348 0.0000000000
96865  3.474  -82.539  20.690 0.0000000000
96866  3.282  -83.005  20.034 0.0000000000
96899  -1.618  -86.290  13.642 0.0000000000
96900  -1.364  -85.899  14.245 0.0000000000
96901  -1.152  -86.502  13.623 0.0000000000
96902  -0.685  -86.709  13.612 0.0000000000
96903  -0.219  -86.910  13.609 0.0000000000
96904  0.248  -87.107  13.615 0.0000000000
96905  0.009  -87.514  12.995 0.0000000000
96906  0.244  -88.116  12.383 0.0000000000
96907  0.486  -88.716  11.773 0.0000000000
96908  0.736  -89.314  11.164 0.0000000000
96909  0.249  -89.110  11.148 0.0000000000
96910  0.008  -89.494  10.524 0.0000000000
96911  -0.236  -89.868  9.900 0.0000000000
98689  11.853  -91.558  14.959 0.0000000000
98690  12.192  -92.053  14.470 0.0000000000
98691  11.731  -92.044  14.231 0.0000000000
101223  -3.939  -85.149  13.841 0.0000000000
101224  -3.476  -85.388  13.788 0.0000000000
101225  -3.749  -85.739  13.200 0.0000000000
101226  -3.552  -86.329  12.558 0.0000000000
101227  -3.349  -86.917  11.916 0.0000000000
101228  -3.140  -87.503  11.273 0.0000000000
104548  18.830  -90.050  19.083 0.0000000000
104549  19.153  -90.341  18.599 0.0000000000
104550  18.753  -90.563  18.352 0.0000000000
107009  20.088  -83.353  28.451 0.0000000000
107010  18.654  -84.991  26.360 0.0000000000
107011  19.060  -84.801  26.590 0.0000000000
107012  18.948  -85.311  25.870 0.0000000000
107013  19.242  -85.619  25.378 0.0000000000
107014  19.536  -85.915  24.885 0.0000000000
107015  19.830  -86.199  24.391 0.0000000000
107016  19.436  -86.431  24.166 0.0000000000
107017  19.340  -86.947  23.444 0.0000000000
107018  19.247  -87.464  22.721 0.0000000000
107022  18.040  -88.061  21.993 0.0000000000
107023  16.259  -87.225  22.923 0.0000000000
107024  16.576  -87.622  22.445 0.0000000000
107025  16.155  -87.731  22.185 0.0000000000
107026  16.053  -88.238  21.445 0.0000000000
107027  15.953  -88.745  20.705 0.0000000000
107028  15.853  -89.251  19.965 0.0000000000
107029  15.524  -88.836  20.442 0.0000000000
107030  15.093  -88.912  20.177 0.0000000000
107031  14.659  -88.975  19.914 0.0000000000
107035  13.570  -84.671  25.275 0.0000000000
107036  13.441  -85.160  24.534 0.0000000000
107037  11.901  -86.100  22.294 0.0000000000
107038  12.331  -86.124  22.543 0.0000000000
107039  12.203  -86.613  21.806 0.0000000000
107040  12.510  -87.119  21.319 0.0000000000
107041  12.821  -87.617  20.834 0.0000000000
107042  13.138  -88.107  20.351 0.0000000000
107043  12.700  -88.111  20.096 0.0000000000
107044  12.580  -88.605  19.359 0.0000000000
107045  12.459  -89.099  18.622 0.0000000000
107046  12.338  -89.592  17.887 0.0000000000
107047  12.015  -89.089  18.374 0.0000000000
107048  11.570  -89.068  18.132 0.0000000000
107049  11.124  -89.037  17.895 0.0000000000
107050  9.319  -87.294  18.961 0.0000000000
107051  9.617  -87.851  18.452 0.0000000000
107052  9.175  -87.778  18.243 0.0000000000
107053  9.030  -88.261  17.528 0.0000000000
107054  8.885  -88.743  16.815 0.0000000000
107055  8.739  -89.223  16.104 0.0000000000
107056  8.436  -88.659  16.623 0.0000000000
107057  7.986  -88.567  16.439 0.0000000000
107058  7.535  -88.468  16.265 0.0000000000
112019  5.189  -80.483  24.271 0.0000000000
112021  5.590  -80.619  24.413 0.0000000000
112022  5.992  -80.751  24.564 0.0000000000
112023  6.395  -80.881  24.723 0.0000000000
112024  6.799  -81.007  24.891 0.0000000000
112025  6.637  -81.476  24.187 0.0000000000
112026  6.883  -82.070  23.652 0.0000000000
112027  7.133  -82.663  23.120 0.0000000000
112028  7.389  -83.253  22.591 0.0000000000
112029  6.973  -83.138  22.415 0.0000000000
112030  6.810  -83.614  21.713 0.0000000000
112031  6.646  -84.092  21.014 0.0000000000
112032  5.028  -84.658  19.215 0.0000000000
112033  5.456  -84.792  19.342 0.0000000000
112034  5.279  -85.264  18.664 0.0000000000
112035  5.537  -85.867  18.116 0.0000000000
112036  5.801  -86.467  17.570 0.0000000000
112037  6.072  -87.064  17.026 0.0000000000
112038  5.627  -86.937  16.890 0.0000000000
112039  5.450  -87.405  16.213 0.0000000000
112040  5.271  -87.870  15.539 0.0000000000
112133  0.209  -79.142  22.667 0.0000000000
112134  0.399  -79.757  22.087 0.0000000000
112135  0.591  -80.373  21.505 0.0000000000
112136  -3.129  -81.462  18.608 0.0000000000
112138  -2.695  -81.661  18.570 0.0000000000
112139  -2.262  -81.856  18.538 0.0000000000
112140  -1.830  -82.047  18.513 0.0000000000
112141  -0.379  -84.253  16.663 0.0000000000
112142  -0.580  -83.641  17.270 0.0000000000
112143  -0.142  -83.824  17.270 0.0000000000
112144  0.092  -83.389  17.878 0.0000000000
112145  0.321  -82.949  18.488 0.0000000000
112146  0.547  -82.504  19.101 0.0000000000
112147  0.749  -83.120  18.507 0.0000000000
112148  1.176  -83.288  18.534 0.0000000000
112149  1.604  -83.453  18.569 0.0000000000
112150  2.031  -83.615  18.615 0.0000000000
112151  1.820  -84.069  17.982 0.0000000000
112152  2.042  -84.684  17.397 0.0000000000
112153  2.270  -85.297  16.812 0.0000000000
112154  2.112  -87.841  13.730 0.0000000000
112155  2.326  -87.407  14.368 0.0000000000
112156  2.578  -88.013  13.783 0.0000000000
112157  3.044  -88.178  13.845 0.0000000000
112158  3.510  -88.339  13.918 0.0000000000
112159  3.975  -88.495  14.001 0.0000000000
112160  3.778  -88.940  13.345 0.0000000000
112161  4.052  -89.538  12.774 0.0000000000
112162  4.333  -90.132  12.206 0.0000000000
112163  4.621  -90.722  11.639 0.0000000000
112164  4.137  -90.569  11.545 0.0000000000
112165  3.938  -90.999  10.885 0.0000000000
112166  3.737  -91.422  10.227 0.0000000000
112168  2.313  -91.875  8.788 0.0000000000
112176  -2.241  -89.838  8.704 0.0000000000
112177  -1.740  -90.094  8.679 0.0000000000
112178  -1.999  -90.418  8.062 0.0000000000
115798  10.004  -91.418  14.058 0.0000000000
115799  10.334  -91.948  13.553 0.0000000000
115800  9.865  -91.895  13.343 0.0000000000
115801  9.724  -92.368  12.629 0.0000000000
115803  8.773  -92.228  12.241 0.0000000000
120355  17.185  -90.782  18.062 0.0000000000
122273  18.360  -84.658  26.848 0.0000000000
122274  18.244  -85.165  26.123 0.0000000000
122275  18.132  -85.672  25.397 0.0000000000
122276  18.024  -86.181  24.668 0.0000000000
122277  17.920  -86.691  23.939 0.0000000000
122278  17.612  -86.338  24.422 0.0000000000
122279  17.198  -86.480  24.172 0.0000000000
122280  16.782  -86.607  23.918 0.0000000000
122281  16.584  -85.711  25.133 0.0000000000
122282  16.472  -86.214  24.397 0.0000000000
122283  16.364  -86.719  23.661 0.0000000000
122284  15.944  -86.817  23.401 0.0000000000
122285  15.521  -86.901  23.140 0.0000000000
122286  15.095  -86.971  22.877 0.0000000000
122287  12.145  -83.648  25.735 0.0000000000
122288  12.431  -84.159  25.247 0.0000000000
122289  12.008  -84.128  24.996 0.0000000000
122290  11.872  -84.610  24.258 0.0000000000
122291  11.738  -85.094  23.520 0.0000000000
122292  11.025  -84.518  23.771 0.0000000000
122293  11.312  -85.051  23.276 0.0000000000
122294  11.604  -85.579  22.784 0.0000000000
122295  11.471  -86.065  22.049 0.0000000000
122296  11.339  -86.553  21.315 0.0000000000
122297  11.206  -87.041  20.582 0.0000000000
122298  11.074  -87.530  19.851 0.0000000000
122299  10.771  -86.996  20.347 0.0000000000
122300  10.335  -86.942  20.118 0.0000000000
122301  9.899  -86.880  19.895 0.0000000000
122302  9.749  -85.840  21.124 0.0000000000
122303  9.606  -86.324  20.401 0.0000000000
122304  9.462  -86.809  19.680 0.0000000000
122305  9.026  -86.731  19.472 0.0000000000
122306  8.590  -86.645  19.272 0.0000000000
122307  8.154  -86.553  19.080 0.0000000000
126170  5.017  -80.951  23.588 0.0000000000
126171  5.249  -81.557  23.038 0.0000000000
126173  5.727  -82.766  21.942 0.0000000000
126174  5.313  -82.634  21.803 0.0000000000
126175  5.139  -83.106  21.121 0.0000000000
126176  4.961  -83.578  20.443 0.0000000000
126177  4.305  -82.829  20.886 0.0000000000
126178  4.541  -83.440  20.326 0.0000000000
126179  4.782  -84.050  19.769 0.0000000000
126180  4.599  -84.520  19.098 0.0000000000
126181  4.415  -84.988  18.431 0.0000000000
126182  4.227  -85.454  17.767 0.0000000000
126255  -1.229  -79.092  22.044 0.0000000000
126256  -1.048  -79.705  21.457 0.0000000000
126257  -2.412  -83.879  16.139 0.0000000000
126258  -2.153  -83.480  16.727 0.0000000000
126259  -1.964  -84.085  16.109 0.0000000000
126260  -1.516  -84.286  16.085 0.0000000000
126261  -1.068  -84.483  16.068 0.0000000000
126262  -1.113  -85.499  14.849 0.0000000000
126263  -0.865  -85.091  15.453 0.0000000000
126264  -0.620  -84.675  16.058 0.0000000000
126265  -0.173  -84.863  16.056 0.0000000000
126266  0.274  -85.048  16.062 0.0000000000
126267  0.720  -85.228  16.077 0.0000000000
126268  1.166  -85.404  16.101 0.0000000000
126269  0.942  -85.840  15.478 0.0000000000
126270  1.170  -86.450  14.879 0.0000000000
126271  1.404  -87.059  14.282 0.0000000000
126272  0.714  -87.298  13.629 0.0000000000
126273  1.180  -87.484  13.653 0.0000000000
126274  1.646  -87.665  13.687 0.0000000000
126275  1.894  -88.270  13.093 0.0000000000
126276  2.150  -88.872  12.501 0.0000000000
126277  2.413  -89.472  11.911 0.0000000000
126278  2.682  -90.069  11.322 0.0000000000
126279  2.196  -89.890  11.268 0.0000000000
126280  1.976  -90.299  10.626 0.0000000000
126281  1.754  -90.700  9.985 0.0000000000
126282  0.992  -89.910  10.556 0.0000000000
126283  1.256  -90.503  9.950 0.0000000000
126284  1.528  -91.093  9.345 0.0000000000
130264  13.675  -91.514  15.956 0.0000000000
130265  14.019  -91.968  15.478 0.0000000000
130266  13.566  -92.008  15.219 0.0000000000
132021  12.284  -83.169  26.475 0.0000000000
132022  11.863  -83.130  26.226 0.0000000000
132023  11.444  -83.082  25.980 0.0000000000
132024  11.025  -83.024  25.738 0.0000000000
132026  10.751  -82.485  26.236 0.0000000000
132027  10.607  -82.958  25.501 0.0000000000
132028  10.190  -82.883  25.269 0.0000000000
132029  9.774  -82.802  25.042 0.0000000000
132030  9.358  -82.713  24.822 0.0000000000
135536  2.417  -80.544  22.324 0.0000000000
135602  -3.392  -81.863  18.036 0.0000000000
135603  -3.218  -82.466  17.418 0.0000000000
135604  -3.041  -83.068  16.798 0.0000000000
135609  -4.480  -83.374  15.748 0.0000000000
135610  -4.203  -83.011  16.321 0.0000000000
135611  -3.755  -83.235  16.267 0.0000000000
135612  -3.307  -83.455  16.219 0.0000000000
135613  -2.859  -83.669  16.176 0.0000000000
135614  -2.673  -84.271  15.552 0.0000000000
135615  -2.482  -84.872  14.925 0.0000000000
135616  -2.286  -85.472  14.297 0.0000000000
135617  -3.012  -85.621  13.742 0.0000000000
135618  -2.548  -85.849  13.702 0.0000000000
135619  -2.083  -86.072  13.668 0.0000000000
135620  -1.874  -86.671  13.039 0.0000000000
135621  -1.659  -87.268  12.410 0.0000000000
135622  -1.437  -87.864  11.781 0.0000000000
135623  -1.209  -88.459  11.154 0.0000000000
135624  -1.693  -88.229  11.172 0.0000000000
135625  -1.952  -88.583  10.564 0.0000000000
135627  -2.925  -88.089  10.631 0.0000000000
147440  19.693  -83.577  28.241 0.0000000000
147442  19.461  -84.597  26.814 0.0000000000
147443  19.858  -84.376  27.031 0.0000000000
147444  20.249  -84.139  27.241 0.0000000000
147445  20.525  -84.402  26.739 0.0000000000
147451  20.122  -86.470  23.895 0.0000000000
147459  19.306  -89.310  20.057 0.0000000000
147461  18.990  -89.018  20.542 0.0000000000
147463  18.508  -89.745  19.565 0.0000000000
147464  18.101  -89.938  19.313 0.0000000000
147465  17.689  -90.114  19.057 0.0000000000
147466  17.820  -87.203  23.208 0.0000000000
147467  17.724  -87.716  22.475 0.0000000000
147468  17.630  -88.229  21.742 0.0000000000
147469  16.895  -88.007  21.966 0.0000000000
147470  17.216  -88.381  21.487 0.0000000000
147471  17.538  -88.742  21.007 0.0000000000
147472  17.448  -89.255  20.271 0.0000000000
147473  17.360  -89.765  19.535 0.0000000000
147474  17.272  -90.275  18.799 0.0000000000
147475  16.850  -90.420  18.538 0.0000000000
147476  16.424  -90.549  18.275 0.0000000000
147477  15.993  -90.663  18.011 0.0000000000
147478  15.754  -89.756  19.225 0.0000000000
147479  15.656  -90.259  18.486 0.0000000000
147480  15.558  -90.762  17.746 0.0000000000
147481  15.120  -90.847  17.481 0.0000000000
147482  14.678  -90.917  17.217 0.0000000000
147483  14.233  -90.975  16.954 0.0000000000
147484  15.391  -84.050  27.054 0.0000000000
147485  15.263  -84.543  26.315 0.0000000000
147486  15.138  -85.038  25.576 0.0000000000
147487  14.418  -84.632  25.796 0.0000000000
147488  14.715  -85.087  25.316 0.0000000000
147489  15.017  -85.534  24.836 0.0000000000
147490  14.898  -86.031  24.096 0.0000000000
147491  14.782  -86.529  23.355 0.0000000000
147492  14.668  -87.028  22.614 0.0000000000
147493  12.721  -84.663  24.761 0.0000000000
147494  13.015  -85.160  24.276 0.0000000000
147495  13.314  -85.650  23.793 0.0000000000
147496  12.760  -86.138  22.797 0.0000000000
147497  13.189  -86.141  23.053 0.0000000000
147498  13.617  -86.132  23.312 0.0000000000
147499  13.926  -86.606  22.831 0.0000000000
147500  14.238  -87.071  22.351 0.0000000000
147501  14.555  -87.527  21.873 0.0000000000
147502  14.443  -88.026  21.132 0.0000000000
147503  14.333  -88.525  20.391 0.0000000000
147504  14.223  -89.025  19.651 0.0000000000
147505  13.459  -88.589  19.870 0.0000000000
147506  13.784  -89.061  19.390 0.0000000000
147507  14.114  -89.524  18.911 0.0000000000
147508  14.004  -90.023  18.171 0.0000000000
147509  13.895  -90.521  17.432 0.0000000000
147510  13.785  -91.018  16.694 0.0000000000
147511  13.335  -91.049  16.436 0.0000000000
147512  12.883  -91.068  16.182 0.0000000000
147513  12.430  -91.074  15.932 0.0000000000
147514  12.217  -90.086  17.152 0.0000000000
147515  12.096  -90.578  16.420 0.0000000000
147516  11.975  -91.069  15.688 0.0000000000
147517  11.519  -91.052  15.450 0.0000000000
147518  11.061  -91.024  15.218 0.0000000000
147519  10.602  -90.986  14.993 0.0000000000
147520  10.942  -88.019  19.120 0.0000000000
147521  10.809  -88.508  18.392 0.0000000000
147522  10.677  -88.996  17.665 0.0000000000
147523  9.920  -88.402  17.945 0.0000000000
147524  10.230  -88.946  17.441 0.0000000000
147525  10.544  -89.484  16.940 0.0000000000
147526  10.411  -89.971  16.216 0.0000000000
147527  10.277  -90.455  15.495 0.0000000000
147528  10.141  -90.938  14.775 0.0000000000
147529  9.679  -90.880  14.565 0.0000000000
147530  9.216  -90.812  14.364 0.0000000000
147531  8.752  -90.736  14.171 0.0000000000
147532  8.590  -89.702  15.396 0.0000000000
147533  8.440  -90.178  14.690 0.0000000000
147534  8.287  -90.651  13.986 0.0000000000
147535  7.821  -90.558  13.812 0.0000000000
147536  7.354  -90.456  13.647 0.0000000000
147537  6.885  -90.347  13.491 0.0000000000
157465  9.398  -81.212  26.787 0.0000000000
157466  9.246  -81.678  26.059 0.0000000000
157467  9.094  -82.147  25.333 0.0000000000
157468  8.943  -82.619  24.608 0.0000000000
157490  7.204  -81.129  25.066 0.0000000000
157491  7.610  -81.248  25.250 0.0000000000
157492  8.018  -81.362  25.441 0.0000000000
157493  8.271  -81.941  24.920 0.0000000000
157494  8.529  -82.519  24.402 0.0000000000
157495  8.792  -83.093  23.886 0.0000000000
157496  8.641  -83.570  23.166 0.0000000000
157497  8.489  -84.049  22.448 0.0000000000
157498  8.336  -84.529  21.733 0.0000000000
157499  7.648  -83.842  22.064 0.0000000000
157500  7.913  -84.428  21.541 0.0000000000
157501  8.183  -85.010  21.020 0.0000000000
157502  8.029  -85.492  20.310 0.0000000000
157503  7.874  -85.973  19.602 0.0000000000
157504  7.718  -86.453  18.896 0.0000000000
157505  5.974  -83.368  21.398 0.0000000000
157506  6.225  -83.970  20.857 0.0000000000
157507  6.481  -84.569  20.319 0.0000000000
157508  5.885  -84.921  19.479 0.0000000000
157509  6.313  -85.045  19.627 0.0000000000
157510  6.742  -85.165  19.784 0.0000000000
157511  7.009  -85.758  19.252 0.0000000000
157512  7.282  -86.347  18.722 0.0000000000
157513  7.561  -86.933  18.194 0.0000000000
157514  7.404  -87.411  17.493 0.0000000000
157515  7.245  -87.887  16.796 0.0000000000
157516  7.084  -88.361  16.100 0.0000000000
157517  6.348  -87.658  16.485 0.0000000000
157518  6.632  -88.248  15.945 0.0000000000
157519  6.921  -88.833  15.408 0.0000000000
157520  6.755  -89.302  14.718 0.0000000000
157521  6.586  -89.768  14.031 0.0000000000
157522  6.415  -90.230  13.346 0.0000000000
157707  1.215  -79.005  23.350 0.0000000000
157708  1.612  -79.161  23.402 0.0000000000
157709  1.811  -79.775  22.832 0.0000000000
157710  2.014  -80.390  22.259 0.0000000000
157711  2.220  -81.006  21.684 0.0000000000
157718  -1.698  -79.969  20.883 0.0000000000
157719  -1.281  -80.145  20.871 0.0000000000
157720  -0.866  -80.319  20.866 0.0000000000
157721  -1.897  -83.072  17.315 0.0000000000
157722  -1.646  -82.657  17.904 0.0000000000
157723  -1.398  -82.234  18.494 0.0000000000
157724  -0.775  -83.030  17.876 0.0000000000
157725  -0.967  -82.418  18.481 0.0000000000
157726  -1.154  -81.806  19.085 0.0000000000
157727  -0.915  -81.372  19.678 0.0000000000
157728  -0.680  -80.933  20.272 0.0000000000
157729  -0.451  -80.490  20.868 0.0000000000
157730  -0.038  -80.659  20.877 0.0000000000
157731  0.375  -80.825  20.894 0.0000000000
157732  0.787  -80.989  20.920 0.0000000000
157733  0.768  -82.056  19.716 0.0000000000
157734  0.985  -81.604  20.333 0.0000000000
157735  1.198  -81.150  20.953 0.0000000000
157736  1.609  -81.309  20.996 0.0000000000
157737  2.019  -81.466  21.048 0.0000000000
157738  2.430  -81.621  21.109 0.0000000000
157739  2.644  -82.237  20.533 0.0000000000
157740  2.863  -82.853  19.957 0.0000000000
157741  3.086  -83.469  19.383 0.0000000000
157742  2.459  -83.775  18.670 0.0000000000
157743  2.887  -83.931  18.735 0.0000000000
157744  3.315  -84.083  18.810 0.0000000000
157745  3.549  -84.697  18.240 0.0000000000
157746  3.790  -85.308  17.672 0.0000000000
157747  4.036  -85.917  17.107 0.0000000000
157748  1.612  -85.577  16.134 0.0000000000
157749  2.058  -85.745  16.177 0.0000000000
157750  2.504  -85.910  16.230 0.0000000000
157751  2.537  -86.966  15.008 0.0000000000
157752  2.746  -86.520  15.649 0.0000000000
157753  2.951  -86.070  16.293 0.0000000000
157754  3.397  -86.226  16.366 0.0000000000
157755  3.843  -86.378  16.450 0.0000000000
157756  4.290  -86.525  16.544 0.0000000000
157757  4.550  -87.130  15.983 0.0000000000
157758  4.816  -87.732  15.424 0.0000000000
157759  5.089  -88.331  14.868 0.0000000000
157760  4.440  -88.644  14.095 0.0000000000
157761  4.904  -88.789  14.199 0.0000000000
157762  5.368  -88.927  14.313 0.0000000000
157763  5.653  -89.518  13.761 0.0000000000
157764  5.944  -90.105  13.211 0.0000000000
157765  6.241  -90.687  12.664 0.0000000000
157766  6.065  -91.139  11.984 0.0000000000
157767  5.886  -91.586  11.306 0.0000000000
157768  5.705  -92.027  10.629 0.0000000000
157769  4.914  -91.307  11.075 0.0000000000
157770  5.215  -91.887  10.513 0.0000000000
157771  5.521  -92.462  9.954 0.0000000000
157775  2.959  -90.662  10.736 0.0000000000
157776  3.242  -91.252  10.151 0.0000000000
157777  3.532  -91.838  9.568 0.0000000000
157778  2.819  -92.064  8.844 0.0000000000
157779  3.325  -92.245  8.911 0.0000000000
157780  3.829  -92.418  8.988 0.0000000000
157781  4.133  -92.994  8.409 0.0000000000
157782  4.443  -93.563  7.833 0.0000000000
157784  4.560  -94.520  6.586 0.0000000000
157793  -0.974  -89.052  10.527 0.0000000000
157794  -0.732  -89.643  9.901 0.0000000000
157795  -0.482  -90.232  9.276 0.0000000000
157796  -1.236  -90.343  8.662 0.0000000000
157798  -0.225  -90.818  8.652 0.0000000000
