#!ascii label  , from subject fsaverage vox2ras=TkReg
921
157  21.009  -80.642  -29.979 0.0000000000
444  9.816  -101.676  -34.125 0.0000000000
628  17.194  -88.195  -34.659 0.0000000000
1401  21.628  -76.032  -27.822 0.0000000000
1402  19.976  -69.396  -29.460 0.0000000000
1403  19.286  -73.898  -31.479 0.0000000000
1404  14.524  -96.319  -35.143 0.0000000000
1405  18.286  -94.103  -33.066 0.0000000000
1406  13.826  -90.649  -36.822 0.0000000000
1994  9.908  -97.375  -36.696 0.0000000000
2519  20.976  -90.832  -30.689 0.0000000000
2520  19.564  -84.775  -32.318 0.0000000000
2522  15.740  -81.485  -35.878 0.0000000000
2523  17.916  -77.994  -33.654 0.0000000000
2524  16.100  -70.645  -34.871 0.0000000000
3321  21.415  -78.380  -28.873 0.0000000000
3322  20.576  -75.108  -29.677 0.0000000000
3323  20.171  -77.344  -30.744 0.0000000000
3324  12.107  -94.354  -36.956 0.0000000000
3325  14.235  -93.599  -36.058 0.0000000000
3326  11.797  -91.474  -37.763 0.0000000000
4372  12.387  -99.390  -34.863 0.0000000000
4373  9.915  -99.664  -35.505 0.0000000000
5644  18.802  -68.150  -31.180 0.0000000000
5652  17.791  -91.255  -33.928 0.0000000000
5653  19.772  -92.587  -31.895 0.0000000000
5654  19.187  -89.690  -32.756 0.0000000000
5655  20.310  -87.897  -31.559 0.0000000000
5656  18.506  -86.588  -33.499 0.0000000000
5663  16.932  -79.829  -34.766 0.0000000000
5664  16.072  -76.201  -35.346 0.0000000000
5665  17.023  -74.374  -34.266 0.0000000000
7130  20.920  -70.395  -27.692 0.0000000000
7131  20.812  -72.784  -28.659 0.0000000000
7132  19.702  -71.688  -30.449 0.0000000000
7133  18.366  -70.330  -32.175 0.0000000000
7134  16.806  -97.924  -33.107 0.0000000000
7135  18.665  -96.740  -32.043 0.0000000000
7136  16.530  -95.355  -34.161 0.0000000000
7137  16.135  -92.562  -35.042 0.0000000000
7138  15.630  -89.556  -35.777 0.0000000000
7988  21.788  -83.770  -29.165 0.0000000000
8562  14.700  -98.809  -34.054 0.0000000000
8563  12.302  -96.993  -35.997 0.0000000000
8564  9.797  -94.824  -37.713 0.0000000000
8569  4.675  -99.308  -36.163 0.0000000000
8570  7.332  -99.633  -35.945 0.0000000000
8571  7.387  -97.459  -37.207 0.0000000000
10115  21.165  -85.915  -30.355 0.0000000000
10116  20.391  -82.787  -31.137 0.0000000000
10119  15.026  -86.337  -36.405 0.0000000000
10122  16.505  -84.934  -35.295 0.0000000000
10123  17.746  -83.302  -34.156 0.0000000000
10124  18.763  -81.473  -33.008 0.0000000000
10125  19.571  -79.476  -31.863 0.0000000000
10126  18.699  -76.006  -32.551 0.0000000000
10127  17.783  -72.411  -33.206 0.0000000000
10128  16.843  -68.707  -33.847 0.0000000000
10999  21.637  -81.105  -29.011 0.0000000000
11000  21.816  -79.955  -28.455 0.0000000000
11001  21.237  -79.523  -29.419 0.0000000000
11002  20.823  -77.901  -29.815 0.0000000000
11003  20.597  -79.013  -30.366 0.0000000000
11004  10.854  -93.235  -37.789 0.0000000000
11005  11.967  -92.943  -37.377 0.0000000000
11006  10.706  -91.785  -38.189 0.0000000000
12051  11.103  -101.635  -33.859 0.0000000000
12052  11.150  -100.636  -34.557 0.0000000000
12053  9.880  -100.706  -34.839 0.0000000000
13332  17.505  -89.751  -34.308 0.0000000000
13333  18.523  -90.503  -33.347 0.0000000000
13334  18.214  -88.987  -33.729 0.0000000000
13335  18.858  -88.163  -33.141 0.0000000000
13336  17.882  -87.419  -34.083 0.0000000000
13343  15.525  -77.053  -35.888 0.0000000000
13345  15.629  -74.340  -35.628 0.0000000000
15721  21.672  -74.831  -27.315 0.0000000000
15722  21.277  -73.232  -27.747 0.0000000000
15723  21.222  -74.428  -28.246 0.0000000000
15724  19.960  -74.539  -30.586 0.0000000000
15725  20.142  -73.414  -30.067 0.0000000000
15726  19.514  -72.805  -30.959 0.0000000000
15727  19.060  -71.042  -31.321 0.0000000000
15728  18.830  -72.129  -31.832 0.0000000000
15729  15.683  -97.167  -34.154 0.0000000000
15730  16.682  -96.668  -33.656 0.0000000000
15731  15.556  -95.874  -34.667 0.0000000000
15732  14.045  -92.151  -36.457 0.0000000000
15733  15.215  -93.115  -35.564 0.0000000000
15734  14.999  -91.652  -35.955 0.0000000000
15735  15.895  -91.086  -35.426 0.0000000000
15736  14.757  -90.137  -36.311 0.0000000000
18873  14.745  -99.961  -33.441 0.0000000000
18874  11.159  -98.426  -35.811 0.0000000000
18875  12.358  -98.223  -35.453 0.0000000000
18876  11.124  -97.221  -36.368 0.0000000000
18877  11.062  -95.953  -36.882 0.0000000000
18878  9.866  -96.131  -37.225 0.0000000000
18892  4.738  -98.315  -36.857 0.0000000000
18893  6.010  -99.507  -36.083 0.0000000000
18894  6.063  -98.484  -36.756 0.0000000000
18895  7.372  -98.581  -36.598 0.0000000000
18896  6.091  -97.391  -37.384 0.0000000000
22689  20.476  -69.927  -28.580 0.0000000000
22712  18.491  -95.450  -32.576 0.0000000000
22714  19.294  -94.736  -32.002 0.0000000000
22715  20.410  -91.738  -31.294 0.0000000000
22721  21.469  -89.872  -30.083 0.0000000000
22722  19.945  -86.358  -31.950 0.0000000000
22723  20.769  -86.927  -30.957 0.0000000000
22724  20.393  -85.387  -31.352 0.0000000000
22725  20.783  -84.373  -30.755 0.0000000000
22726  20.004  -83.802  -31.726 0.0000000000
22740  15.064  -82.234  -36.426 0.0000000000
22741  15.439  -83.972  -36.145 0.0000000000
22742  16.130  -83.233  -35.591 0.0000000000
22743  17.155  -84.145  -34.728 0.0000000000
22744  16.765  -82.437  -35.031 0.0000000000
22745  17.450  -78.933  -34.210 0.0000000000
22746  17.872  -80.692  -33.900 0.0000000000
22747  18.346  -79.754  -33.336 0.0000000000
22748  19.193  -80.494  -32.435 0.0000000000
22749  18.769  -78.774  -32.773 0.0000000000
22750  19.141  -77.758  -32.212 0.0000000000
22751  18.333  -77.017  -33.100 0.0000000000
22752  16.564  -72.522  -34.567 0.0000000000
22753  17.426  -73.408  -33.732 0.0000000000
22754  16.962  -71.563  -34.044 0.0000000000
22755  17.315  -70.572  -33.527 0.0000000000
22756  16.493  -69.692  -34.357 0.0000000000
24408  21.944  -78.784  -27.914 0.0000000000
24409  21.544  -77.216  -28.341 0.0000000000
24410  21.132  -75.606  -28.756 0.0000000000
24411  21.001  -76.764  -29.279 0.0000000000
24412  20.397  -76.238  -30.204 0.0000000000
24413  19.734  -75.638  -31.116 0.0000000000
24414  13.332  -95.382  -36.075 0.0000000000
24415  14.394  -94.989  -35.621 0.0000000000
24416  13.197  -94.012  -36.522 0.0000000000
24417  13.033  -92.581  -36.931 0.0000000000
24418  12.839  -91.094  -37.306 0.0000000000
26300  13.588  -100.264  -33.854 0.0000000000
26301  12.387  -100.489  -34.228 0.0000000000
26302  11.168  -99.566  -35.208 0.0000000000
26303  9.924  -98.553  -36.124 0.0000000000
28590  19.417  -68.804  -30.329 0.0000000000
28604  18.052  -92.705  -33.515 0.0000000000
28605  19.064  -93.377  -32.487 0.0000000000
28606  18.806  -91.966  -32.934 0.0000000000
28607  19.492  -91.166  -32.342 0.0000000000
28608  20.109  -90.305  -31.742 0.0000000000
28609  20.655  -89.389  -31.139 0.0000000000
28610  19.783  -88.819  -32.159 0.0000000000
28611  19.435  -87.285  -32.547 0.0000000000
28612  19.066  -85.705  -32.910 0.0000000000
28622  15.338  -79.692  -36.157 0.0000000000
28623  16.362  -80.681  -35.324 0.0000000000
28624  15.949  -78.884  -35.609 0.0000000000
28625  16.508  -78.032  -35.060 0.0000000000
28626  17.016  -77.136  -34.511 0.0000000000
28627  17.475  -76.199  -33.963 0.0000000000
28628  16.572  -75.306  -34.805 0.0000000000
28629  16.120  -73.448  -35.096 0.0000000000
31995  21.304  -72.023  -27.263 0.0000000000
31996  20.879  -71.596  -28.169 0.0000000000
31997  20.397  -71.105  -29.064 0.0000000000
31998  20.712  -73.955  -29.162 0.0000000000
31999  20.287  -72.269  -29.560 0.0000000000
32000  19.855  -70.550  -29.949 0.0000000000
32001  19.255  -69.932  -30.820 0.0000000000
32002  18.601  -69.250  -31.672 0.0000000000
32003  17.899  -68.503  -32.510 0.0000000000
32006  17.768  -97.369  -32.588 0.0000000000
32007  17.619  -96.095  -33.129 0.0000000000
32008  17.441  -94.764  -33.625 0.0000000000
32009  15.401  -94.524  -35.136 0.0000000000
32010  16.347  -93.986  -34.622 0.0000000000
32011  17.232  -93.379  -34.080 0.0000000000
32012  16.995  -91.941  -34.495 0.0000000000
32013  16.731  -90.452  -34.875 0.0000000000
32014  16.443  -88.908  -35.225 0.0000000000
34297  22.021  -82.644  -28.587 0.0000000000
34298  21.405  -82.228  -29.580 0.0000000000
35947  15.782  -98.404  -33.597 0.0000000000
35948  14.626  -97.593  -34.622 0.0000000000
35949  13.567  -99.138  -34.477 0.0000000000
35950  13.516  -97.945  -35.055 0.0000000000
35951  13.437  -96.693  -35.587 0.0000000000
35952  12.219  -95.703  -36.497 0.0000000000
35953  10.972  -94.625  -37.355 0.0000000000
35954  9.699  -93.456  -38.164 0.0000000000
35963  8.503  -101.638  -34.337 0.0000000000
35971  7.266  -100.615  -35.244 0.0000000000
35972  8.583  -100.698  -35.069 0.0000000000
35973  8.635  -99.687  -35.751 0.0000000000
35974  8.660  -98.604  -36.387 0.0000000000
35975  8.660  -97.454  -36.977 0.0000000000
35977  7.377  -96.268  -37.772 0.0000000000
35978  8.636  -96.236  -37.523 0.0000000000
35979  8.584  -94.953  -38.028 0.0000000000
40570  20.026  -93.957  -31.412 0.0000000000
40579  21.129  -88.423  -30.535 0.0000000000
40580  21.534  -87.412  -29.931 0.0000000000
40581  21.876  -86.359  -29.329 0.0000000000
40582  21.503  -84.861  -29.756 0.0000000000
40583  21.120  -83.319  -30.163 0.0000000000
40584  20.727  -81.732  -30.553 0.0000000000
40590  13.580  -89.095  -37.156 0.0000000000
40591  14.489  -88.567  -36.639 0.0000000000
40592  15.340  -87.973  -36.102 0.0000000000
40593  16.131  -87.312  -35.549 0.0000000000
40600  14.690  -84.653  -36.692 0.0000000000
40601  15.796  -85.665  -35.854 0.0000000000
40602  16.861  -86.588  -34.986 0.0000000000
40603  17.529  -85.805  -34.414 0.0000000000
40604  18.135  -84.968  -33.836 0.0000000000
40605  18.681  -84.080  -33.253 0.0000000000
40606  17.345  -81.588  -34.465 0.0000000000
40607  18.282  -82.409  -33.581 0.0000000000
40608  19.169  -83.147  -32.669 0.0000000000
40609  19.604  -82.171  -32.086 0.0000000000
40610  19.988  -81.154  -31.505 0.0000000000
40611  20.319  -80.099  -30.930 0.0000000000
40612  19.897  -78.424  -31.298 0.0000000000
40613  19.462  -76.712  -31.659 0.0000000000
40614  19.016  -74.966  -32.010 0.0000000000
40615  17.884  -75.227  -33.419 0.0000000000
40616  18.246  -74.223  -32.881 0.0000000000
40617  18.559  -73.190  -32.352 0.0000000000
40618  18.095  -71.385  -32.687 0.0000000000
40619  17.626  -69.551  -33.015 0.0000000000
40620  17.154  -67.692  -33.341 0.0000000000
40626  15.634  -68.746  -35.178 0.0000000000
41719  21.331  -80.883  -29.497 0.0000000000
41720  21.439  -80.319  -29.217 0.0000000000
41721  21.129  -80.086  -29.697 0.0000000000
41722  20.925  -79.278  -29.894 0.0000000000
41723  20.804  -79.833  -30.174 0.0000000000
41725  10.783  -92.517  -37.994 0.0000000000
42769  10.423  -102.130  -33.627 0.0000000000
42770  11.067  -102.108  -33.492 0.0000000000
42771  10.463  -101.665  -33.998 0.0000000000
42772  10.495  -101.182  -34.357 0.0000000000
42773  9.852  -101.200  -34.488 0.0000000000
44052  17.353  -88.980  -34.486 0.0000000000
44053  17.868  -89.377  -34.019 0.0000000000
44054  17.710  -88.602  -34.199 0.0000000000
44055  18.051  -88.209  -33.909 0.0000000000
44056  17.546  -87.815  -34.372 0.0000000000
46437  21.828  -76.819  -27.605 0.0000000000
46439  21.853  -76.219  -27.349 0.0000000000
46440  21.868  -75.615  -27.095 0.0000000000
46441  21.654  -75.434  -27.567 0.0000000000
46442  21.454  -74.638  -27.782 0.0000000000
46443  21.426  -75.235  -28.035 0.0000000000
46444  19.630  -74.227  -31.035 0.0000000000
46445  19.738  -73.676  -30.774 0.0000000000
46446  19.405  -73.355  -31.218 0.0000000000
46447  19.178  -72.476  -31.398 0.0000000000
46448  19.059  -73.017  -31.657 0.0000000000
46449  15.108  -96.755  -34.656 0.0000000000
46450  15.623  -96.528  -34.416 0.0000000000
46451  15.047  -96.106  -34.909 0.0000000000
46452  13.939  -91.406  -36.643 0.0000000000
46453  14.529  -91.910  -36.209 0.0000000000
46454  14.417  -91.162  -36.394 0.0000000000
46455  14.881  -90.901  -36.137 0.0000000000
46456  14.298  -90.401  -36.570 0.0000000000
49594  10.536  -97.911  -36.261 0.0000000000
49595  11.145  -97.832  -36.095 0.0000000000
49596  10.520  -97.307  -36.537 0.0000000000
49597  10.498  -96.687  -36.803 0.0000000000
49598  9.890  -96.761  -36.966 0.0000000000
49612  4.760  -97.792  -37.188 0.0000000000
49613  5.402  -98.409  -36.814 0.0000000000
49614  5.422  -97.878  -37.139 0.0000000000
49615  6.080  -97.946  -37.075 0.0000000000
49616  5.436  -97.330  -37.453 0.0000000000
53409  20.233  -69.669  -29.021 0.0000000000
53410  20.272  -69.080  -28.782 0.0000000000
53411  20.024  -68.813  -29.219 0.0000000000
53432  18.392  -94.783  -32.826 0.0000000000
53433  18.901  -95.101  -32.291 0.0000000000
53434  18.796  -94.431  -32.540 0.0000000000
53435  20.702  -91.292  -30.992 0.0000000000
53441  21.232  -90.359  -30.386 0.0000000000
53442  19.756  -85.572  -32.136 0.0000000000
53443  20.177  -85.878  -31.651 0.0000000000
53444  19.985  -85.091  -31.839 0.0000000000
53445  20.199  -84.600  -31.541 0.0000000000
53446  19.790  -84.293  -32.022 0.0000000000
53458  15.212  -80.978  -36.292 0.0000000000
53460  15.409  -81.867  -36.153 0.0000000000
53461  15.602  -82.744  -36.012 0.0000000000
53462  15.937  -82.365  -35.736 0.0000000000
53463  16.454  -82.842  -35.312 0.0000000000
53464  16.257  -81.972  -35.458 0.0000000000
53465  17.689  -78.469  -33.932 0.0000000000
53466  17.904  -79.354  -33.776 0.0000000000
53467  18.132  -78.879  -33.497 0.0000000000
53468  18.563  -79.269  -33.055 0.0000000000
53469  18.348  -78.394  -33.217 0.0000000000
53470  18.552  -77.900  -32.938 0.0000000000
53471  18.130  -77.510  -33.377 0.0000000000
53472  16.333  -71.587  -34.719 0.0000000000
53473  16.768  -72.046  -34.305 0.0000000000
53474  16.536  -71.113  -34.459 0.0000000000
53475  16.728  -70.631  -34.201 0.0000000000
53476  16.302  -70.173  -34.614 0.0000000000
56037  21.617  -79.173  -28.666 0.0000000000
56038  21.886  -79.372  -28.183 0.0000000000
56039  21.688  -78.591  -28.395 0.0000000000
56040  21.746  -78.005  -28.129 0.0000000000
56041  21.486  -77.800  -28.605 0.0000000000
56042  21.280  -76.999  -28.812 0.0000000000
56043  21.209  -77.577  -29.077 0.0000000000
56044  20.505  -77.632  -30.282 0.0000000000
56045  20.611  -77.075  -30.011 0.0000000000
56046  20.290  -76.795  -30.472 0.0000000000
56047  20.073  -75.947  -30.662 0.0000000000
56048  19.954  -76.496  -30.931 0.0000000000
56049  12.723  -94.879  -36.521 0.0000000000
56050  13.268  -94.705  -36.303 0.0000000000
56051  12.659  -94.192  -36.743 0.0000000000
56052  11.886  -92.216  -37.574 0.0000000000
56053  12.506  -92.771  -37.158 0.0000000000
56054  12.419  -92.039  -37.352 0.0000000000
56055  12.940  -91.845  -37.122 0.0000000000
56056  12.324  -91.292  -37.538 0.0000000000
59191  12.973  -101.428  -33.370 0.0000000000
59192  12.987  -100.916  -33.714 0.0000000000
59193  12.377  -101.012  -33.892 0.0000000000
59194  10.535  -100.161  -35.039 0.0000000000
59195  11.162  -100.110  -34.889 0.0000000000
59196  10.545  -99.625  -35.362 0.0000000000
59197  10.549  -99.070  -35.674 0.0000000000
59198  9.923  -99.117  -35.820 0.0000000000
63009  19.116  -68.485  -30.757 0.0000000000
63011  18.891  -67.592  -30.938 0.0000000000
63032  17.925  -91.986  -33.725 0.0000000000
63033  18.438  -92.344  -33.226 0.0000000000
63034  18.305  -91.622  -33.436 0.0000000000
63035  18.864  -90.104  -33.053 0.0000000000
63036  19.014  -90.846  -32.850 0.0000000000
63037  19.343  -90.435  -32.553 0.0000000000
63038  19.809  -90.743  -32.043 0.0000000000
63039  19.655  -90.009  -32.254 0.0000000000
63040  19.949  -89.569  -31.955 0.0000000000
63041  19.494  -89.262  -32.459 0.0000000000
63042  18.685  -87.381  -33.323 0.0000000000
63043  19.154  -87.730  -32.845 0.0000000000
63044  18.977  -86.947  -33.028 0.0000000000
63045  19.253  -86.500  -32.731 0.0000000000
63046  18.794  -86.153  -33.205 0.0000000000
63063  15.650  -79.294  -35.884 0.0000000000
63064  15.442  -78.382  -36.022 0.0000000000
63065  15.805  -76.633  -35.617 0.0000000000
63066  16.021  -77.552  -35.477 0.0000000000
63067  16.291  -77.121  -35.204 0.0000000000
63068  16.768  -77.590  -34.786 0.0000000000
63069  16.549  -76.678  -34.931 0.0000000000
63070  16.795  -76.225  -34.659 0.0000000000
63071  16.328  -75.759  -35.075 0.0000000000
70203  21.495  -72.823  -27.044 0.0000000000
70204  21.052  -73.016  -28.205 0.0000000000
70205  21.078  -72.419  -27.960 0.0000000000
70206  20.849  -72.192  -28.412 0.0000000000
70207  20.645  -71.359  -28.618 0.0000000000
70208  20.605  -71.949  -28.862 0.0000000000
70209  20.861  -75.366  -29.218 0.0000000000
70210  20.923  -74.785  -28.960 0.0000000000
70211  20.649  -74.534  -29.418 0.0000000000
70212  19.923  -72.555  -30.259 0.0000000000
70213  20.219  -72.844  -29.812 0.0000000000
70214  20.002  -71.986  -30.006 0.0000000000
70215  20.072  -71.413  -29.756 0.0000000000
70216  19.782  -71.121  -30.198 0.0000000000
70217  19.562  -70.249  -30.387 0.0000000000
70218  19.479  -70.814  -30.636 0.0000000000
70219  18.719  -70.695  -31.750 0.0000000000
70220  18.831  -70.150  -31.498 0.0000000000
70221  18.488  -69.793  -31.922 0.0000000000
70222  18.256  -68.885  -32.092 0.0000000000
70223  18.133  -69.420  -32.343 0.0000000000
70225  17.831  -97.984  -32.301 0.0000000000
70226  17.295  -97.656  -32.851 0.0000000000
70227  16.610  -96.019  -33.914 0.0000000000
70228  17.159  -96.391  -33.396 0.0000000000
70229  17.079  -95.737  -33.652 0.0000000000
70230  17.533  -95.437  -33.383 0.0000000000
70231  16.993  -95.069  -33.896 0.0000000000
70232  14.319  -94.302  -35.844 0.0000000000
70233  14.905  -94.765  -35.382 0.0000000000
70234  14.823  -94.073  -35.603 0.0000000000
70235  15.683  -92.847  -35.307 0.0000000000
70236  15.786  -93.562  -35.100 0.0000000000
70237  16.245  -93.281  -34.837 0.0000000000
70238  16.798  -93.691  -34.354 0.0000000000
70239  16.689  -92.982  -34.567 0.0000000000
70240  17.117  -92.666  -34.292 0.0000000000
70241  16.573  -92.260  -34.772 0.0000000000
70242  15.766  -90.328  -35.606 0.0000000000
70243  16.321  -90.777  -35.153 0.0000000000
70244  16.186  -90.016  -35.332 0.0000000000
70245  16.590  -89.687  -35.053 0.0000000000
70246  16.044  -89.241  -35.503 0.0000000000
75619  22.099  -83.965  -28.658 0.0000000000
75620  22.209  -83.398  -28.368 0.0000000000
75621  21.912  -83.211  -28.875 0.0000000000
75622  21.721  -82.446  -29.087 0.0000000000
75623  21.599  -83.004  -29.375 0.0000000000
79654  15.280  -99.206  -33.531 0.0000000000
79655  15.820  -98.999  -33.301 0.0000000000
79656  15.248  -98.616  -33.830 0.0000000000
79657  15.208  -98.010  -34.117 0.0000000000
79658  14.667  -98.208  -34.344 0.0000000000
79659  12.991  -99.839  -34.366 0.0000000000
79660  13.581  -99.710  -34.171 0.0000000000
79661  12.982  -99.273  -34.675 0.0000000000
79662  12.334  -97.616  -35.730 0.0000000000
79663  12.943  -98.094  -35.259 0.0000000000
79664  12.912  -97.480  -35.533 0.0000000000
79665  13.480  -97.326  -35.327 0.0000000000
79666  12.875  -96.852  -35.796 0.0000000000
79667  12.832  -96.209  -36.049 0.0000000000
79668  12.264  -96.356  -36.252 0.0000000000
79669  10.432  -95.400  -37.304 0.0000000000
79670  11.021  -95.296  -37.123 0.0000000000
79671  10.389  -94.733  -37.539 0.0000000000
79672  10.339  -94.052  -37.765 0.0000000000
79673  9.751  -94.148  -37.943 0.0000000000
79696  7.840  -101.590  -34.423 0.0000000000
79708  4.040  -98.702  -36.540 0.0000000000
79710  4.004  -99.181  -36.182 0.0000000000
79715  6.673  -99.579  -36.021 0.0000000000
79716  6.640  -100.071  -35.672 0.0000000000
79717  7.302  -100.133  -35.601 0.0000000000
79718  7.927  -100.666  -35.163 0.0000000000
79719  7.960  -100.176  -35.515 0.0000000000
79720  8.613  -100.201  -35.416 0.0000000000
79721  7.986  -99.669  -35.855 0.0000000000
79722  7.383  -98.029  -36.908 0.0000000000
79723  8.019  -98.602  -36.499 0.0000000000
79724  8.026  -98.042  -36.804 0.0000000000
79725  8.663  -98.038  -36.688 0.0000000000
79726  8.027  -97.466  -37.098 0.0000000000
79733  8.009  -96.261  -37.653 0.0000000000
79734  7.991  -95.633  -37.916 0.0000000000
79735  8.613  -95.602  -37.780 0.0000000000
79736  7.966  -94.990  -38.168 0.0000000000
91180  19.427  -92.990  -32.192 0.0000000000
91181  19.551  -93.678  -31.955 0.0000000000
91182  19.902  -93.279  -31.658 0.0000000000
91202  20.485  -88.649  -31.353 0.0000000000
91203  20.901  -88.912  -30.837 0.0000000000
91204  20.727  -88.170  -31.051 0.0000000000
91205  20.974  -86.426  -30.656 0.0000000000
91206  21.159  -87.180  -30.448 0.0000000000
91207  21.351  -86.669  -30.147 0.0000000000
91208  21.713  -86.890  -29.630 0.0000000000
91209  21.528  -86.147  -29.846 0.0000000000
91210  21.691  -85.616  -29.546 0.0000000000
91211  21.340  -85.393  -30.055 0.0000000000
91212  20.588  -83.585  -30.948 0.0000000000
91213  20.958  -83.851  -30.458 0.0000000000
91214  20.763  -83.063  -30.653 0.0000000000
91215  20.925  -82.531  -30.360 0.0000000000
91216  20.566  -82.264  -30.844 0.0000000000
91232  13.448  -88.298  -37.313 0.0000000000
91233  14.041  -88.840  -36.900 0.0000000000
91235  14.619  -86.649  -36.676 0.0000000000
91236  14.773  -87.470  -36.527 0.0000000000
91237  15.185  -87.161  -36.256 0.0000000000
91238  15.743  -87.650  -35.827 0.0000000000
91239  15.583  -86.835  -35.981 0.0000000000
91258  15.977  -84.464  -35.724 0.0000000000
91259  15.620  -84.824  -36.001 0.0000000000
91260  16.158  -85.307  -35.575 0.0000000000
91261  16.333  -86.138  -35.424 0.0000000000
91262  16.685  -85.766  -35.142 0.0000000000
91263  17.202  -86.203  -34.701 0.0000000000
91264  17.022  -85.381  -34.858 0.0000000000
91265  17.458  -83.730  -34.443 0.0000000000
91266  17.650  -84.567  -34.286 0.0000000000
91267  17.942  -84.141  -33.998 0.0000000000
91268  18.415  -84.530  -33.545 0.0000000000
91269  18.220  -83.702  -33.708 0.0000000000
91270  16.654  -80.261  -35.045 0.0000000000
91271  16.859  -81.145  -34.898 0.0000000000
91272  17.140  -80.714  -34.617 0.0000000000
91273  18.324  -81.093  -33.457 0.0000000000
91274  18.078  -81.557  -33.742 0.0000000000
91275  18.529  -81.946  -33.294 0.0000000000
91276  18.732  -82.788  -33.129 0.0000000000
91277  18.967  -82.316  -32.840 0.0000000000
91278  19.393  -82.664  -32.377 0.0000000000
91279  19.190  -81.832  -32.551 0.0000000000
91280  19.388  -79.990  -32.149 0.0000000000
91281  19.597  -80.834  -31.973 0.0000000000
91282  19.781  -80.320  -31.685 0.0000000000
91283  20.160  -80.631  -31.216 0.0000000000
91284  19.952  -79.798  -31.399 0.0000000000
91285  20.109  -79.267  -31.115 0.0000000000
91286  19.740  -78.954  -31.580 0.0000000000
91287  18.922  -76.886  -32.382 0.0000000000
91288  19.308  -77.238  -31.934 0.0000000000
91289  19.087  -76.368  -32.108 0.0000000000
91290  19.240  -75.843  -31.835 0.0000000000
91291  18.863  -75.489  -32.279 0.0000000000
91292  17.250  -75.290  -34.115 0.0000000000
91293  17.686  -75.717  -33.690 0.0000000000
91294  17.459  -74.809  -33.845 0.0000000000
91295  17.611  -72.913  -33.468 0.0000000000
91296  17.842  -73.824  -33.309 0.0000000000
91297  18.015  -73.320  -33.044 0.0000000000
91298  18.408  -73.710  -32.616 0.0000000000
91299  18.177  -72.809  -32.781 0.0000000000
91300  18.328  -72.291  -32.520 0.0000000000
91301  17.944  -71.902  -32.945 0.0000000000
91302  17.079  -69.643  -33.687 0.0000000000
91303  17.476  -70.066  -33.270 0.0000000000
91304  17.240  -69.137  -33.432 0.0000000000
93525  21.927  -81.307  -28.520 0.0000000000
93526  22.010  -80.728  -28.241 0.0000000000
93527  21.733  -80.533  -28.731 0.0000000000
93528  21.534  -79.749  -28.939 0.0000000000
93529  21.332  -78.955  -29.144 0.0000000000
93530  21.127  -78.150  -29.346 0.0000000000
93531  21.032  -78.717  -29.618 0.0000000000
93532  20.716  -78.460  -30.089 0.0000000000
93533  20.385  -78.184  -30.556 0.0000000000
93534  11.484  -93.806  -37.378 0.0000000000
93535  12.041  -93.656  -37.171 0.0000000000
93536  11.416  -93.098  -37.588 0.0000000000
93537  11.340  -92.375  -37.788 0.0000000000
93538  11.257  -91.638  -37.980 0.0000000000
95419  11.735  -101.586  -33.708 0.0000000000
95420  11.758  -101.088  -34.059 0.0000000000
95421  11.130  -101.145  -34.214 0.0000000000
95422  10.519  -100.681  -34.704 0.0000000000
95423  9.901  -100.194  -35.178 0.0000000000
97724  17.651  -90.510  -34.122 0.0000000000
97725  18.166  -90.887  -33.639 0.0000000000
97726  18.020  -90.139  -33.833 0.0000000000
97727  18.372  -89.752  -33.541 0.0000000000
97728  18.707  -89.350  -33.248 0.0000000000
97729  19.025  -88.933  -32.952 0.0000000000
97730  18.544  -88.582  -33.436 0.0000000000
97731  18.376  -87.802  -33.617 0.0000000000
97732  18.202  -87.010  -33.792 0.0000000000
97743  15.232  -77.463  -36.159 0.0000000000
97746  15.586  -75.706  -35.756 0.0000000000
97747  15.852  -75.274  -35.487 0.0000000000
97748  15.366  -74.771  -35.895 0.0000000000
102025  21.681  -74.224  -27.067 0.0000000000
102026  21.488  -73.432  -27.287 0.0000000000
102027  21.474  -74.037  -27.533 0.0000000000
102028  21.253  -73.832  -27.995 0.0000000000
102029  21.017  -73.610  -28.454 0.0000000000
102030  20.275  -74.832  -30.133 0.0000000000
102031  20.360  -74.266  -29.873 0.0000000000
102032  20.056  -73.979  -30.325 0.0000000000
102033  19.835  -73.118  -30.515 0.0000000000
102034  19.612  -72.249  -30.703 0.0000000000
102035  19.388  -71.373  -30.888 0.0000000000
102036  19.288  -71.927  -31.142 0.0000000000
102037  18.950  -71.589  -31.576 0.0000000000
102038  18.599  -71.233  -32.005 0.0000000000
102039  16.250  -97.557  -33.638 0.0000000000
102040  16.748  -97.303  -33.387 0.0000000000
102041  16.190  -96.927  -33.909 0.0000000000
102042  16.124  -96.282  -34.169 0.0000000000
102043  16.051  -95.624  -34.418 0.0000000000
102044  14.144  -92.882  -36.262 0.0000000000
102045  14.732  -93.366  -35.815 0.0000000000
102046  14.635  -92.645  -36.017 0.0000000000
102047  15.111  -92.390  -35.764 0.0000000000
102048  15.572  -92.119  -35.505 0.0000000000
102049  16.019  -91.830  -35.239 0.0000000000
102050  15.455  -91.377  -35.694 0.0000000000
102051  15.331  -90.623  -35.874 0.0000000000
102052  15.201  -89.855  -36.047 0.0000000000
105277  22.284  -84.707  -28.436 0.0000000000
105278  21.976  -84.524  -28.951 0.0000000000
107698  15.304  -99.780  -33.222 0.0000000000
107699  14.726  -99.393  -33.753 0.0000000000
107700  11.776  -98.919  -35.345 0.0000000000
107701  12.376  -98.815  -35.164 0.0000000000
107702  11.763  -98.334  -35.637 0.0000000000
107703  11.744  -97.733  -35.918 0.0000000000
107704  11.718  -97.116  -36.187 0.0000000000
107705  11.685  -96.484  -36.446 0.0000000000
107706  11.096  -96.595  -36.630 0.0000000000
107707  10.468  -96.051  -37.059 0.0000000000
107708  9.835  -95.485  -37.474 0.0000000000
107731  4.070  -98.205  -36.887 0.0000000000
107732  4.709  -98.821  -36.516 0.0000000000
107734  5.376  -98.921  -36.478 0.0000000000
107735  6.040  -99.004  -36.425 0.0000000000
107736  6.699  -99.069  -36.358 0.0000000000
107737  7.355  -99.116  -36.278 0.0000000000
107738  6.720  -98.542  -36.684 0.0000000000
107739  6.734  -97.996  -36.998 0.0000000000
107740  6.742  -97.434  -37.302 0.0000000000
114569  20.506  -69.332  -28.343 0.0000000000
114608  18.582  -96.102  -32.315 0.0000000000
114610  18.999  -95.757  -32.032 0.0000000000
114613  20.100  -92.170  -31.595 0.0000000000
114614  20.236  -92.864  -31.358 0.0000000000
114626  20.130  -87.133  -31.757 0.0000000000
114627  20.548  -87.417  -31.258 0.0000000000
114628  20.365  -86.653  -31.457 0.0000000000
114629  20.583  -86.162  -31.157 0.0000000000
114630  20.786  -85.661  -30.857 0.0000000000
114631  20.975  -85.149  -30.558 0.0000000000
114632  20.594  -84.885  -31.053 0.0000000000
114633  20.400  -84.098  -31.244 0.0000000000
114634  20.204  -83.299  -31.431 0.0000000000
114648  14.459  -85.816  -36.821 0.0000000000
114659  14.891  -83.459  -36.560 0.0000000000
114660  15.254  -83.109  -36.287 0.0000000000
114661  15.792  -83.610  -35.869 0.0000000000
114662  16.320  -84.089  -35.444 0.0000000000
114663  16.837  -84.546  -35.012 0.0000000000
114664  16.648  -83.700  -35.163 0.0000000000
114665  16.961  -83.297  -34.881 0.0000000000
114666  17.261  -82.881  -34.597 0.0000000000
114667  17.198  -79.386  -34.488 0.0000000000
114668  17.408  -80.271  -34.336 0.0000000000
114669  17.662  -79.818  -34.056 0.0000000000
114670  18.115  -80.228  -33.618 0.0000000000
114671  18.556  -80.619  -33.173 0.0000000000
114672  18.984  -80.989  -32.721 0.0000000000
114673  18.775  -80.134  -32.889 0.0000000000
114674  18.982  -79.639  -32.605 0.0000000000
114675  19.176  -79.135  -32.321 0.0000000000
114676  19.358  -78.622  -32.039 0.0000000000
114677  18.961  -78.270  -32.492 0.0000000000
114678  18.743  -77.397  -32.659 0.0000000000
114679  18.522  -76.515  -32.825 0.0000000000
114680  16.794  -73.451  -34.417 0.0000000000
114681  17.231  -73.895  -33.999 0.0000000000
114682  17.000  -72.974  -34.152 0.0000000000
114683  17.195  -72.489  -33.888 0.0000000000
114684  17.378  -71.996  -33.627 0.0000000000
114685  17.550  -71.495  -33.367 0.0000000000
114686  17.144  -71.072  -33.785 0.0000000000
114687  16.909  -70.141  -33.943 0.0000000000
114688  16.673  -69.203  -34.101 0.0000000000
118392  21.793  -77.414  -27.866 0.0000000000
118393  21.592  -76.626  -28.080 0.0000000000
118394  21.388  -75.828  -28.291 0.0000000000
118395  21.340  -76.416  -28.550 0.0000000000
118396  21.072  -76.187  -29.016 0.0000000000
118397  20.789  -75.941  -29.479 0.0000000000
118398  20.918  -77.335  -29.545 0.0000000000
118399  20.706  -76.511  -29.743 0.0000000000
118400  20.492  -75.676  -29.939 0.0000000000
118401  20.179  -75.393  -30.396 0.0000000000
118402  19.853  -75.091  -30.849 0.0000000000
118403  19.512  -74.772  -31.299 0.0000000000
118404  13.932  -95.862  -35.616 0.0000000000
118405  14.463  -95.661  -35.387 0.0000000000
118406  13.870  -95.194  -35.852 0.0000000000
118407  13.800  -94.512  -36.077 0.0000000000
118408  13.723  -93.814  -36.293 0.0000000000
118409  12.586  -93.489  -36.955 0.0000000000
118410  13.119  -93.304  -36.731 0.0000000000
118411  13.639  -93.102  -36.500 0.0000000000
118412  13.546  -92.375  -36.697 0.0000000000
118413  13.446  -91.634  -36.886 0.0000000000
118414  13.339  -90.880  -37.067 0.0000000000
122804  14.177  -100.666  -33.326 0.0000000000
122805  13.587  -100.801  -33.525 0.0000000000
122806  12.993  -100.387  -34.046 0.0000000000
122807  12.391  -99.948  -34.551 0.0000000000
122808  11.773  -100.572  -34.398 0.0000000000
122809  11.781  -100.039  -34.726 0.0000000000
122810  11.782  -99.488  -35.041 0.0000000000
122811  11.166  -99.004  -35.515 0.0000000000
122812  10.545  -98.499  -35.973 0.0000000000
122813  9.919  -97.972  -36.415 0.0000000000
128148  19.703  -69.108  -29.896 0.0000000000
128150  19.486  -68.233  -30.086 0.0000000000
128180  18.173  -93.411  -33.295 0.0000000000
128181  18.684  -93.748  -32.778 0.0000000000
128182  18.564  -93.052  -33.007 0.0000000000
128183  18.938  -92.678  -32.715 0.0000000000
128184  19.296  -92.288  -32.420 0.0000000000
128185  18.668  -91.242  -33.144 0.0000000000
128186  19.158  -91.574  -32.639 0.0000000000
128187  19.635  -91.883  -32.122 0.0000000000
128188  19.958  -91.463  -31.823 0.0000000000
128189  20.263  -91.029  -31.522 0.0000000000
128190  20.549  -90.580  -31.220 0.0000000000
128191  20.818  -90.117  -30.918 0.0000000000
128192  20.391  -89.854  -31.441 0.0000000000
128193  20.226  -89.115  -31.654 0.0000000000
128194  20.055  -88.364  -31.859 0.0000000000
128195  19.327  -88.502  -32.655 0.0000000000
128196  19.612  -88.058  -32.357 0.0000000000
128197  19.879  -87.601  -32.057 0.0000000000
128198  19.698  -86.827  -32.249 0.0000000000
128199  19.512  -86.042  -32.434 0.0000000000
128200  19.322  -85.245  -32.614 0.0000000000
128222  15.540  -80.594  -36.019 0.0000000000
128223  16.058  -81.090  -35.602 0.0000000000
128224  15.855  -80.197  -35.744 0.0000000000
128225  16.157  -79.787  -35.467 0.0000000000
128226  16.446  -79.367  -35.191 0.0000000000
128227  15.738  -77.973  -35.750 0.0000000000
128228  16.235  -78.464  -35.335 0.0000000000
128229  16.721  -78.935  -34.914 0.0000000000
128230  16.984  -78.492  -34.638 0.0000000000
128231  17.234  -78.039  -34.362 0.0000000000
128232  17.471  -77.575  -34.086 0.0000000000
128233  17.697  -77.101  -33.810 0.0000000000
128234  17.251  -76.672  -34.237 0.0000000000
128235  17.029  -75.762  -34.386 0.0000000000
128236  16.803  -74.844  -34.535 0.0000000000
128237  16.105  -74.832  -35.218 0.0000000000
128238  16.347  -74.380  -34.950 0.0000000000
128239  16.576  -73.920  -34.683 0.0000000000
128240  16.348  -72.989  -34.831 0.0000000000
128241  16.118  -72.052  -34.980 0.0000000000
132487  10.374  -102.576  -33.244 0.0000000000
132488  9.772  -102.133  -33.750 0.0000000000
137308  21.311  -71.414  -27.026 0.0000000000
137309  21.113  -71.214  -27.479 0.0000000000
137310  21.293  -72.629  -27.504 0.0000000000
137311  21.098  -71.818  -27.718 0.0000000000
137312  20.902  -70.998  -27.929 0.0000000000
137313  20.678  -70.766  -28.376 0.0000000000
137314  20.440  -70.518  -28.820 0.0000000000
137315  20.187  -70.255  -29.263 0.0000000000
137316  21.182  -75.019  -28.499 0.0000000000
137317  20.975  -74.200  -28.705 0.0000000000
137318  20.767  -73.372  -28.909 0.0000000000
137319  20.435  -73.694  -29.616 0.0000000000
137320  20.500  -73.116  -29.362 0.0000000000
137321  20.557  -72.534  -29.111 0.0000000000
137322  20.346  -71.689  -29.310 0.0000000000
137323  20.133  -70.836  -29.508 0.0000000000
137324  19.919  -69.975  -29.703 0.0000000000
137325  19.637  -69.681  -30.140 0.0000000000
137326  19.340  -69.370  -30.573 0.0000000000
137327  19.029  -69.044  -31.001 0.0000000000
137328  19.162  -70.490  -31.069 0.0000000000
137329  18.934  -69.600  -31.248 0.0000000000
137330  18.706  -68.702  -31.425 0.0000000000
137331  18.370  -68.344  -31.845 0.0000000000
137332  18.023  -67.971  -32.262 0.0000000000
137339  17.230  -97.030  -33.129 0.0000000000
137340  17.697  -96.739  -32.864 0.0000000000
137341  18.148  -96.430  -32.593 0.0000000000
137342  18.063  -95.781  -32.856 0.0000000000
137343  17.971  -95.119  -33.107 0.0000000000
137344  17.872  -94.442  -33.348 0.0000000000
137345  14.980  -95.443  -35.151 0.0000000000
137346  15.482  -95.206  -34.907 0.0000000000
137347  15.970  -94.951  -34.655 0.0000000000
137348  15.312  -93.827  -35.355 0.0000000000
137349  15.882  -94.264  -34.883 0.0000000000
137350  16.442  -94.678  -34.396 0.0000000000
137351  16.899  -94.387  -34.130 0.0000000000
137352  17.340  -94.078  -33.858 0.0000000000
137353  17.765  -93.753  -33.579 0.0000000000
137354  17.650  -93.050  -33.800 0.0000000000
137355  17.529  -92.335  -34.011 0.0000000000
137356  17.401  -91.606  -34.213 0.0000000000
137357  16.450  -91.525  -34.967 0.0000000000
137358  16.866  -91.203  -34.689 0.0000000000
137359  17.267  -90.864  -34.407 0.0000000000
137360  17.126  -90.110  -34.593 0.0000000000
137361  16.979  -89.341  -34.772 0.0000000000
137362  16.827  -88.560  -34.943 0.0000000000
143945  22.118  -82.071  -28.303 0.0000000000
143946  21.831  -81.880  -28.801 0.0000000000
143947  21.528  -81.670  -29.294 0.0000000000
143948  21.209  -81.440  -29.782 0.0000000000
148820  16.856  -98.529  -32.816 0.0000000000
148821  16.381  -99.359  -32.758 0.0000000000
148822  16.345  -98.774  -33.062 0.0000000000
148823  16.301  -98.173  -33.356 0.0000000000
148824  15.736  -97.793  -33.881 0.0000000000
148825  15.162  -97.390  -34.392 0.0000000000
148826  14.579  -96.963  -34.888 0.0000000000
148827  14.172  -100.122  -33.652 0.0000000000
148828  14.160  -99.561  -33.967 0.0000000000
148829  14.140  -98.983  -34.270 0.0000000000
148830  12.966  -98.692  -34.973 0.0000000000
148831  13.545  -98.549  -34.772 0.0000000000
148832  14.112  -98.388  -34.562 0.0000000000
148833  14.077  -97.778  -34.843 0.0000000000
148834  14.036  -97.154  -35.112 0.0000000000
148835  13.987  -96.515  -35.369 0.0000000000
148836  13.388  -96.044  -35.836 0.0000000000
148837  12.781  -95.551  -36.290 0.0000000000
148838  12.167  -95.036  -36.731 0.0000000000
148839  11.645  -95.837  -36.694 0.0000000000
148840  11.599  -95.175  -36.932 0.0000000000
148841  11.545  -94.498  -37.160 0.0000000000
148842  10.917  -93.938  -37.577 0.0000000000
148843  10.281  -93.355  -37.982 0.0000000000
148870  9.114  -102.116  -33.858 0.0000000000
148871  9.162  -101.666  -34.238 0.0000000000
148893  5.974  -99.991  -35.729 0.0000000000
148896  7.887  -101.137  -34.799 0.0000000000
148897  8.547  -101.177  -34.709 0.0000000000
148898  9.202  -101.198  -34.605 0.0000000000
148899  9.235  -100.712  -34.960 0.0000000000
148900  9.260  -100.207  -35.303 0.0000000000
148901  9.278  -99.685  -35.635 0.0000000000
148902  8.006  -99.144  -36.183 0.0000000000
148903  8.651  -99.154  -36.075 0.0000000000
148904  9.290  -99.145  -35.954 0.0000000000
148905  9.296  -98.588  -36.262 0.0000000000
148906  9.295  -98.014  -36.558 0.0000000000
148907  9.288  -97.424  -36.843 0.0000000000
148909  6.096  -96.818  -37.682 0.0000000000
148910  6.743  -96.854  -37.595 0.0000000000
148912  6.739  -96.257  -37.877 0.0000000000
148913  7.385  -96.872  -37.494 0.0000000000
148914  8.021  -96.872  -37.381 0.0000000000
148915  8.651  -96.853  -37.255 0.0000000000
148916  9.274  -96.816  -37.116 0.0000000000
148917  9.255  -96.193  -37.380 0.0000000000
148918  9.228  -95.553  -37.633 0.0000000000
148919  9.195  -94.897  -37.876 0.0000000000
148922  9.154  -94.227  -38.111 0.0000000000
162664  19.182  -94.063  -32.250 0.0000000000
162665  19.669  -94.354  -31.708 0.0000000000
162691  21.069  -89.642  -30.615 0.0000000000
162692  21.302  -89.153  -30.313 0.0000000000
162693  21.516  -88.654  -30.011 0.0000000000
162694  20.952  -87.680  -30.749 0.0000000000
162695  21.340  -87.922  -30.233 0.0000000000
162696  21.713  -88.143  -29.709 0.0000000000
162700  22.025  -85.818  -29.029 0.0000000000
162701  21.840  -85.074  -29.247 0.0000000000
162702  21.652  -84.320  -29.460 0.0000000000
162703  21.150  -84.627  -30.259 0.0000000000
162704  21.313  -84.096  -29.962 0.0000000000
162705  21.462  -83.554  -29.667 0.0000000000
162706  21.270  -82.778  -29.870 0.0000000000
162707  21.074  -81.990  -30.069 0.0000000000
162708  20.874  -81.191  -30.264 0.0000000000
162715  12.222  -90.532  -37.715 0.0000000000
162716  12.731  -90.331  -37.480 0.0000000000
162717  13.225  -90.113  -37.240 0.0000000000
162725  13.105  -89.333  -37.405 0.0000000000
162726  13.706  -89.878  -36.992 0.0000000000
162727  14.173  -89.627  -36.738 0.0000000000
162728  14.626  -89.359  -36.478 0.0000000000
162729  15.064  -89.073  -36.213 0.0000000000
162731  14.922  -88.278  -36.373 0.0000000000
162732  15.488  -88.771  -35.943 0.0000000000
162733  15.896  -88.452  -35.668 0.0000000000
162734  16.290  -88.116  -35.390 0.0000000000
162735  16.668  -87.765  -35.108 0.0000000000
162756  14.861  -85.501  -36.550 0.0000000000
162757  15.072  -84.320  -36.420 0.0000000000
162758  15.248  -85.170  -36.277 0.0000000000
162759  15.418  -86.008  -36.131 0.0000000000
162760  15.966  -86.494  -35.704 0.0000000000
162761  16.503  -86.957  -35.268 0.0000000000
162762  17.030  -87.397  -34.825 0.0000000000
162763  17.377  -87.015  -34.539 0.0000000000
162764  17.708  -86.618  -34.251 0.0000000000
162765  18.023  -86.207  -33.961 0.0000000000
162766  17.344  -84.981  -34.573 0.0000000000
162767  17.839  -85.393  -34.126 0.0000000000
162768  18.323  -85.783  -33.670 0.0000000000
162769  18.607  -85.347  -33.377 0.0000000000
162770  18.875  -84.898  -33.083 0.0000000000
162771  19.129  -84.438  -32.789 0.0000000000
162772  16.565  -81.565  -35.178 0.0000000000
162773  17.062  -82.019  -34.748 0.0000000000
162774  17.547  -82.451  -34.312 0.0000000000
162775  17.615  -81.146  -34.182 0.0000000000
162776  17.820  -82.009  -34.027 0.0000000000
162777  18.021  -82.861  -33.869 0.0000000000
162778  18.483  -83.251  -33.418 0.0000000000
162779  18.932  -83.619  -32.961 0.0000000000
162780  19.368  -83.966  -32.495 0.0000000000
162781  19.593  -83.484  -32.201 0.0000000000
162782  19.805  -82.992  -31.908 0.0000000000
162783  20.005  -82.489  -31.615 0.0000000000
162784  19.400  -81.338  -32.262 0.0000000000
162785  19.802  -81.668  -31.795 0.0000000000
162786  20.191  -81.976  -31.322 0.0000000000
162787  20.365  -81.453  -31.031 0.0000000000
162788  20.525  -80.921  -30.743 0.0000000000
162789  20.671  -80.381  -30.457 0.0000000000
162790  20.464  -79.560  -30.646 0.0000000000
162791  20.254  -78.729  -30.834 0.0000000000
162792  20.040  -77.888  -31.020 0.0000000000
162793  19.526  -78.101  -31.758 0.0000000000
162794  19.681  -77.572  -31.479 0.0000000000
162795  19.824  -77.037  -31.204 0.0000000000
162796  19.604  -76.178  -31.386 0.0000000000
162797  19.382  -75.311  -31.566 0.0000000000
162798  19.157  -74.435  -31.743 0.0000000000
162799  17.909  -76.617  -33.535 0.0000000000
162800  18.110  -76.125  -33.260 0.0000000000
162801  18.298  -75.625  -32.988 0.0000000000
162802  17.657  -74.321  -33.576 0.0000000000
162803  18.071  -74.728  -33.149 0.0000000000
162804  18.474  -75.118  -32.717 0.0000000000
162805  18.637  -74.603  -32.448 0.0000000000
162806  18.789  -74.081  -32.182 0.0000000000
162807  18.929  -73.553  -31.918 0.0000000000
162808  18.700  -72.663  -32.091 0.0000000000
162809  18.468  -71.766  -32.262 0.0000000000
162810  18.236  -70.861  -32.430 0.0000000000
162811  17.711  -70.987  -33.108 0.0000000000
162812  17.861  -70.472  -32.851 0.0000000000
162813  18.002  -69.949  -32.596 0.0000000000
162814  17.767  -69.031  -32.761 0.0000000000
162835  16.068  -69.227  -34.769 0.0000000000
162836  16.257  -68.748  -34.514 0.0000000000
