#!ascii label /Applications/freesurfer/7.2.0/subjects/fsaverage/label/Wang2015/lh.wang2015atlas.TO2.label , from subject  vox2ras=TkReg
25
2296  -23.420  -75.326  -16.041 0.0000000000
9448  -23.754  -75.632  -20.578 0.0000000000
21049  -23.179  -75.110  -13.720 0.0000000000
21050  -22.959  -75.908  -14.853 0.0000000000
21059  -24.963  -73.482  -21.799 0.0000000000
27607  -24.115  -73.939  -16.117 0.0000000000
38557  -22.580  -77.960  -23.786 0.0000000000
51768  -23.536  -74.931  -15.481 0.0000000000
51769  -23.304  -75.223  -14.884 0.0000000000
51771  -22.839  -76.308  -15.421 0.0000000000
55960  -21.848  -79.126  -25.337 0.0000000000
61372  -24.458  -73.243  -16.163 0.0000000000
86150  -22.998  -77.219  -23.811 0.0000000000
86151  -23.214  -76.833  -23.285 0.0000000000
86186  -22.841  -75.787  -13.687 0.0000000000
86208  -23.916  -75.245  -20.035 0.0000000000
86209  -23.693  -75.573  -19.459 0.0000000000
86210  -23.535  -75.963  -20.005 0.0000000000
93480  -22.285  -78.376  -25.362 0.0000000000
111616  -23.412  -74.826  -14.321 0.0000000000
111617  -23.072  -75.508  -14.286 0.0000000000
111618  -22.729  -76.189  -14.257 0.0000000000
111630  -24.293  -74.525  -20.070 0.0000000000
125856  -23.880  -74.241  -15.520 0.0000000000
125857  -23.769  -74.633  -16.076 0.0000000000
