#!ascii label  , from subject fsaverage vox2ras=TkReg
302
158  5.237  -63.297  -42.764 0.0000000000
351  -2.442  -65.501  -45.828 0.0000000000
830  -1.748  -72.958  -44.733 0.0000000000
1782  2.628  -72.511  -43.430 0.0000000000
1783  1.640  -64.778  -44.402 0.0000000000
3327  5.877  -67.304  -42.264 0.0000000000
3328  8.229  -70.292  -40.897 0.0000000000
3329  7.518  -66.316  -41.383 0.0000000000
3927  -2.092  -69.283  -45.282 0.0000000000
3928  0.494  -72.836  -44.141 0.0000000000
3929  0.072  -69.084  -44.637 0.0000000000
3930  2.131  -68.691  -43.902 0.0000000000
3931  -0.349  -65.235  -45.149 0.0000000000
3933  -2.789  -61.636  -46.394 0.0000000000
6101  -4.073  -72.875  -45.174 0.0000000000
6102  -4.340  -69.287  -45.799 0.0000000000
7997  4.639  -71.983  -42.641 0.0000000000
7998  4.070  -68.097  -43.106 0.0000000000
7999  3.508  -64.129  -43.603 0.0000000000
11007  5.557  -65.306  -42.509 0.0000000000
11008  6.720  -66.833  -41.827 0.0000000000
11009  6.381  -64.829  -42.077 0.0000000000
11010  7.160  -64.311  -41.640 0.0000000000
11607  -2.267  -67.404  -45.555 0.0000000000
11608  -0.998  -69.208  -44.974 0.0000000000
11609  -1.192  -67.312  -45.235 0.0000000000
11610  -0.139  -67.171  -44.891 0.0000000000
11611  -1.384  -65.392  -45.499 0.0000000000
11612  -1.576  -63.452  -45.770 0.0000000000
11613  -2.617  -63.577  -46.106 0.0000000000
14005  -3.947  -74.620  -44.847 0.0000000000
15740  9.019  -69.739  -40.435 0.0000000000
17539  -0.430  -74.737  -44.190 0.0000000000
17540  1.575  -72.698  -43.797 0.0000000000
17541  1.800  -74.552  -43.560 0.0000000000
17546  3.649  -72.273  -43.044 0.0000000000
17547  1.884  -66.744  -44.148 0.0000000000
17548  3.116  -68.419  -43.510 0.0000000000
17549  2.851  -66.457  -43.756 0.0000000000
17550  3.788  -66.121  -43.351 0.0000000000
17551  2.590  -64.477  -44.009 0.0000000000
24419  6.196  -69.285  -42.025 0.0000000000
24420  7.394  -70.795  -41.350 0.0000000000
24421  7.057  -68.823  -41.586 0.0000000000
24422  7.874  -68.312  -41.137 0.0000000000
24424  9.378  -67.157  -40.218 0.0000000000
25499  -1.918  -71.135  -45.009 0.0000000000
25500  -0.614  -72.923  -44.454 0.0000000000
25501  -0.804  -71.079  -44.714 0.0000000000
25502  0.284  -70.973  -44.388 0.0000000000
25503  1.346  -70.818  -44.035 0.0000000000
25504  2.380  -70.614  -43.662 0.0000000000
25505  1.116  -68.912  -44.278 0.0000000000
25506  0.887  -66.982  -44.527 0.0000000000
25507  0.660  -65.031  -44.783 0.0000000000
25508  0.435  -63.063  -45.048 0.0000000000
25509  -0.558  -63.281  -45.417 0.0000000000
29592  -2.759  -74.709  -44.672 0.0000000000
29593  -2.903  -72.941  -44.974 0.0000000000
29595  -4.204  -71.096  -45.489 0.0000000000
29596  -3.053  -71.140  -45.268 0.0000000000
29597  -3.207  -69.308  -45.558 0.0000000000
29598  -3.364  -67.450  -45.845 0.0000000000
29599  -3.521  -65.565  -46.131 0.0000000000
29600  -3.678  -63.657  -46.420 0.0000000000
34313  0.699  -74.671  -43.891 0.0000000000
34321  5.595  -71.640  -42.223 0.0000000000
34322  3.383  -70.358  -43.273 0.0000000000
34323  4.354  -70.052  -42.870 0.0000000000
34324  5.293  -69.694  -42.453 0.0000000000
34325  4.992  -67.725  -42.691 0.0000000000
34326  4.692  -65.737  -42.935 0.0000000000
34327  4.392  -63.735  -43.186 0.0000000000
34329  3.229  -62.125  -43.862 0.0000000000
41727  5.397  -64.302  -42.635 0.0000000000
41728  5.975  -65.073  -42.294 0.0000000000
41729  5.809  -64.068  -42.421 0.0000000000
41730  6.210  -63.824  -42.206 0.0000000000
41731  5.644  -63.062  -42.551 0.0000000000
42327  -2.355  -66.456  -45.691 0.0000000000
42328  -1.727  -67.364  -45.398 0.0000000000
42329  -1.819  -66.411  -45.532 0.0000000000
42330  -1.288  -66.354  -45.366 0.0000000000
42331  -1.911  -65.452  -45.666 0.0000000000
42332  -2.002  -64.489  -45.802 0.0000000000
42333  -2.530  -64.542  -45.966 0.0000000000
46457  6.674  -72.214  -41.678 0.0000000000
46459  7.124  -72.000  -41.457 0.0000000000
48257  -1.665  -73.858  -44.594 0.0000000000
48259  -1.090  -73.853  -44.463 0.0000000000
48260  2.105  -72.611  -43.616 0.0000000000
48261  2.223  -73.546  -43.500 0.0000000000
48262  2.751  -73.450  -43.315 0.0000000000
48264  3.270  -73.342  -43.125 0.0000000000
48265  3.782  -73.221  -42.931 0.0000000000
48266  3.143  -72.399  -43.239 0.0000000000
48267  1.762  -65.763  -44.274 0.0000000000
48268  2.371  -66.607  -43.953 0.0000000000
48269  2.245  -65.622  -44.079 0.0000000000
48270  2.720  -65.469  -43.881 0.0000000000
48271  2.119  -64.634  -44.207 0.0000000000
48272  1.993  -63.641  -44.337 0.0000000000
48273  1.519  -63.789  -44.532 0.0000000000
56057  6.036  -68.297  -42.144 0.0000000000
56058  6.632  -69.060  -41.807 0.0000000000
56059  6.468  -68.070  -41.926 0.0000000000
56060  7.125  -66.580  -41.606 0.0000000000
56061  7.298  -67.578  -41.483 0.0000000000
56062  7.697  -67.316  -41.259 0.0000000000
56063  8.266  -68.039  -40.909 0.0000000000
56064  8.084  -67.042  -41.033 0.0000000000
56065  8.461  -66.759  -40.806 0.0000000000
56066  7.901  -66.043  -41.159 0.0000000000
56068  7.534  -64.037  -41.421 0.0000000000
57857  -2.004  -70.212  -45.146 0.0000000000
57858  -1.358  -71.113  -44.866 0.0000000000
57859  -1.450  -70.186  -44.999 0.0000000000
57860  -0.460  -69.152  -44.809 0.0000000000
57861  -0.358  -70.095  -44.682 0.0000000000
57862  0.178  -70.032  -44.512 0.0000000000
57863  0.819  -70.902  -44.214 0.0000000000
57864  0.708  -69.956  -44.337 0.0000000000
57865  1.231  -69.868  -44.156 0.0000000000
57866  0.597  -69.004  -44.460 0.0000000000
57867  -0.245  -66.206  -45.019 0.0000000000
57868  0.377  -67.083  -44.711 0.0000000000
57869  0.268  -66.113  -44.839 0.0000000000
57870  0.773  -66.009  -44.654 0.0000000000
57871  0.159  -65.139  -44.968 0.0000000000
57872  0.050  -64.160  -45.100 0.0000000000
57873  -0.454  -64.260  -45.282 0.0000000000
57874  -2.184  -62.548  -46.081 0.0000000000
57875  -1.671  -62.476  -45.910 0.0000000000
57876  -2.274  -61.572  -46.226 0.0000000000
65052  -4.009  -73.751  -45.012 0.0000000000
65053  -3.352  -74.670  -44.765 0.0000000000
65054  -3.418  -73.796  -44.924 0.0000000000
65055  -2.830  -73.829  -44.824 0.0000000000
65056  -3.486  -72.913  -45.079 0.0000000000
65060  -4.911  -69.259  -45.905 0.0000000000
65061  -4.847  -70.162  -45.746 0.0000000000
65062  -4.272  -70.195  -45.645 0.0000000000
65063  -3.627  -71.124  -45.384 0.0000000000
65064  -3.699  -70.217  -45.534 0.0000000000
65065  -3.130  -70.228  -45.414 0.0000000000
65066  -3.772  -69.303  -45.683 0.0000000000
65068  -3.919  -67.455  -45.979 0.0000000000
65069  -3.994  -66.521  -46.126 0.0000000000
65070  -3.443  -66.510  -45.988 0.0000000000
65071  -4.068  -65.580  -46.272 0.0000000000
70255  7.817  -70.550  -41.125 0.0000000000
75655  -0.056  -72.886  -44.302 0.0000000000
75656  0.042  -73.802  -44.174 0.0000000000
75657  0.597  -73.757  -44.016 0.0000000000
75676  5.121  -71.818  -42.434 0.0000000000
75677  2.256  -69.655  -43.781 0.0000000000
75678  2.885  -70.492  -43.470 0.0000000000
75679  2.756  -69.530  -43.588 0.0000000000
75680  3.597  -68.264  -43.310 0.0000000000
75681  3.734  -69.241  -43.190 0.0000000000
75682  4.212  -69.077  -42.987 0.0000000000
75683  4.828  -69.879  -42.663 0.0000000000
75684  4.681  -68.901  -42.780 0.0000000000
75685  5.142  -68.712  -42.571 0.0000000000
75686  4.535  -67.917  -42.900 0.0000000000
75687  3.648  -65.127  -43.476 0.0000000000
75688  4.244  -65.935  -43.145 0.0000000000
75689  4.100  -64.938  -43.269 0.0000000000
75690  4.542  -64.738  -43.060 0.0000000000
75691  3.955  -63.938  -43.396 0.0000000000
75692  3.810  -62.935  -43.524 0.0000000000
75693  3.369  -63.128  -43.731 0.0000000000
75699  -0.165  -62.191  -45.372 0.0000000000
75715  -3.756  -62.696  -46.567 0.0000000000
93539  5.717  -66.306  -42.386 0.0000000000
93540  6.304  -67.074  -42.047 0.0000000000
93541  6.139  -66.075  -42.169 0.0000000000
93542  6.550  -65.832  -41.951 0.0000000000
93543  6.950  -65.578  -41.731 0.0000000000
93544  7.339  -65.315  -41.510 0.0000000000
93545  6.776  -64.575  -41.859 0.0000000000
94619  -2.180  -68.347  -45.419 0.0000000000
94620  -1.542  -69.251  -45.132 0.0000000000
94621  -1.634  -68.311  -45.265 0.0000000000
94622  -1.095  -68.263  -45.104 0.0000000000
94623  -0.561  -68.203  -44.937 0.0000000000
94624  -0.034  -68.131  -44.763 0.0000000000
94625  -0.662  -67.247  -45.065 0.0000000000
94626  -0.763  -66.286  -45.195 0.0000000000
94627  -0.864  -65.319  -45.326 0.0000000000
94628  -0.964  -64.348  -45.460 0.0000000000
94629  -1.480  -64.424  -45.633 0.0000000000
94630  -2.093  -63.521  -45.940 0.0000000000
94631  -2.703  -62.608  -46.248 0.0000000000
98935  -3.886  -75.479  -44.679 0.0000000000
98936  -4.543  -74.558  -44.918 0.0000000000
98937  -4.601  -73.696  -45.089 0.0000000000
98938  -4.661  -72.825  -45.257 0.0000000000
105298  1.038  -72.774  -43.972 0.0000000000
105299  1.146  -73.699  -43.851 0.0000000000
105300  1.688  -73.629  -43.678 0.0000000000
105309  4.285  -73.086  -42.732 0.0000000000
105310  4.148  -72.135  -42.844 0.0000000000
105311  2.007  -67.720  -44.024 0.0000000000
105312  2.627  -68.561  -43.708 0.0000000000
105313  2.499  -67.586  -43.829 0.0000000000
105314  2.983  -67.440  -43.632 0.0000000000
105315  3.460  -67.282  -43.431 0.0000000000
105316  3.929  -67.111  -43.228 0.0000000000
105317  3.324  -66.295  -43.555 0.0000000000
105318  3.188  -65.304  -43.680 0.0000000000
105319  3.053  -64.309  -43.807 0.0000000000
105320  2.918  -63.311  -43.936 0.0000000000
105321  2.460  -63.482  -44.138 0.0000000000
118415  6.356  -70.267  -41.908 0.0000000000
118416  6.960  -71.026  -41.572 0.0000000000
118417  6.796  -70.046  -41.689 0.0000000000
118418  7.226  -69.812  -41.467 0.0000000000
118419  7.645  -69.564  -41.243 0.0000000000
118420  6.889  -67.830  -41.706 0.0000000000
118421  7.472  -68.573  -41.362 0.0000000000
118422  8.052  -69.304  -41.016 0.0000000000
118423  8.448  -69.032  -40.787 0.0000000000
118427  9.018  -67.461  -40.449 0.0000000000
118428  8.827  -66.465  -40.578 0.0000000000
118430  7.718  -65.041  -41.289 0.0000000000
120935  -1.832  -72.050  -44.872 0.0000000000
120936  -1.178  -72.947  -44.599 0.0000000000
120937  -1.267  -72.034  -44.733 0.0000000000
120938  -0.708  -72.005  -44.585 0.0000000000
120939  -0.156  -71.963  -44.428 0.0000000000
120940  -0.901  -70.147  -44.844 0.0000000000
120941  -0.257  -71.032  -44.555 0.0000000000
120942  0.390  -71.908  -44.264 0.0000000000
120943  0.929  -71.841  -44.093 0.0000000000
120944  1.461  -71.761  -43.916 0.0000000000
120945  1.987  -71.670  -43.733 0.0000000000
120946  2.504  -71.566  -43.545 0.0000000000
120947  1.867  -70.722  -43.851 0.0000000000
120948  1.747  -69.768  -43.971 0.0000000000
120949  1.628  -68.808  -44.092 0.0000000000
120950  0.487  -68.047  -44.585 0.0000000000
120951  1.001  -67.950  -44.402 0.0000000000
120952  1.508  -67.841  -44.215 0.0000000000
120953  1.389  -66.869  -44.339 0.0000000000
120954  1.271  -65.892  -44.466 0.0000000000
120955  1.154  -64.911  -44.594 0.0000000000
120956  1.037  -63.925  -44.725 0.0000000000
120957  0.547  -64.049  -44.914 0.0000000000
120958  -0.058  -63.178  -45.234 0.0000000000
120960  -1.064  -63.373  -45.596 0.0000000000
120961  -1.163  -62.393  -45.734 0.0000000000
130784  -3.287  -75.536  -44.603 0.0000000000
130785  -2.690  -75.580  -44.516 0.0000000000
130787  -2.169  -74.736  -44.567 0.0000000000
130788  -2.245  -73.850  -44.714 0.0000000000
130789  -2.323  -72.956  -44.859 0.0000000000
130792  -4.722  -71.945  -45.422 0.0000000000
130794  -4.784  -71.058  -45.585 0.0000000000
130795  -4.138  -71.989  -45.333 0.0000000000
130796  -3.556  -72.023  -45.232 0.0000000000
130797  -2.977  -72.044  -45.122 0.0000000000
130798  -2.402  -72.053  -45.002 0.0000000000
130799  -2.483  -71.143  -45.143 0.0000000000
130800  -2.565  -70.226  -45.284 0.0000000000
130801  -2.647  -69.302  -45.425 0.0000000000
130802  -3.845  -68.383  -45.831 0.0000000000
130803  -3.286  -68.382  -45.702 0.0000000000
130804  -2.730  -68.371  -45.564 0.0000000000
130805  -2.813  -67.433  -45.704 0.0000000000
130806  -2.896  -66.489  -45.843 0.0000000000
130807  -2.979  -65.539  -45.983 0.0000000000
130808  -3.062  -64.583  -46.124 0.0000000000
130809  -3.600  -64.614  -46.275 0.0000000000
137374  7.562  -71.771  -41.234 0.0000000000
143987  -0.521  -73.834  -44.323 0.0000000000
143988  0.138  -74.711  -44.045 0.0000000000
144013  6.060  -71.449  -42.009 0.0000000000
144014  3.014  -71.449  -43.354 0.0000000000
144015  3.516  -71.319  -43.158 0.0000000000
144016  4.010  -71.176  -42.958 0.0000000000
144017  3.249  -69.392  -43.391 0.0000000000
144018  3.872  -70.212  -43.073 0.0000000000
144019  4.497  -71.020  -42.754 0.0000000000
144020  4.975  -70.852  -42.547 0.0000000000
144021  5.444  -70.670  -42.337 0.0000000000
144022  5.905  -70.475  -42.124 0.0000000000
144023  5.749  -69.496  -42.240 0.0000000000
144024  5.594  -68.511  -42.359 0.0000000000
144025  5.439  -67.521  -42.479 0.0000000000
144026  4.389  -66.928  -43.021 0.0000000000
144027  4.842  -66.733  -42.812 0.0000000000
144028  5.284  -66.526  -42.600 0.0000000000
144029  5.130  -65.527  -42.723 0.0000000000
144030  4.975  -64.526  -42.848 0.0000000000
144031  4.820  -63.522  -42.976 0.0000000000
144032  4.664  -62.516  -43.106 0.0000000000
144033  4.242  -62.731  -43.316 0.0000000000
144034  3.665  -61.930  -43.656 0.0000000000
144060  -3.145  -63.623  -46.266 0.0000000000
144061  -3.227  -62.657  -46.411 0.0000000000
144062  -3.309  -61.688  -46.558 0.0000000000
