#!ascii label  , from subject fsaverage vox2ras=TkReg
53
292  -0.963  -55.008  45.314 0.0000000000
3759  -0.198  -57.407  44.171 0.0000000000
5998  -2.280  -54.167  44.253 0.0000000000
5999  -1.528  -56.585  43.202 0.0000000000
11437  -0.295  -55.438  45.853 0.0000000000
11439  -0.581  -56.209  44.759 0.0000000000
13837  -2.932  -53.756  43.734 0.0000000000
13838  -2.560  -54.971  43.250 0.0000000000
17040  -1.812  -57.393  42.174 0.0000000000
17041  -1.150  -57.790  42.622 0.0000000000
29356  -1.624  -54.584  44.780 0.0000000000
29357  -1.245  -55.790  44.248 0.0000000000
29358  -1.905  -55.377  43.745 0.0000000000
29359  -2.187  -56.183  42.730 0.0000000000
36645  -0.678  -54.238  46.398 0.0000000000
42157  -0.630  -55.222  45.583 0.0000000000
42158  -0.439  -55.822  45.304 0.0000000000
42159  -0.772  -55.609  45.041 0.0000000000
57354  0.574  -56.472  46.101 0.0000000000
57355  -0.055  -57.020  44.723 0.0000000000
57356  0.283  -57.232  44.977 0.0000000000
57357  0.138  -57.617  44.419 0.0000000000
64552  -1.952  -54.375  44.516 0.0000000000
64553  -1.764  -54.979  44.260 0.0000000000
64554  -2.092  -54.773  44.003 0.0000000000
74160  -1.387  -56.186  43.723 0.0000000000
74161  -1.056  -56.392  43.970 0.0000000000
74162  -1.197  -56.788  43.441 0.0000000000
94315  0.041  -55.656  46.124 0.0000000000
94317  -0.103  -56.037  45.569 0.0000000000
94318  -0.247  -56.421  45.018 0.0000000000
98635  -2.606  -53.961  43.993 0.0000000000
98636  -2.420  -54.567  43.749 0.0000000000
98637  -2.746  -54.363  43.496 0.0000000000
104400  -1.670  -56.988  42.685 0.0000000000
104401  -1.339  -57.188  42.916 0.0000000000
104402  -1.481  -57.591  42.396 0.0000000000
104403  -1.293  -58.193  42.098 0.0000000000
120234  0.428  -56.851  45.538 0.0000000000
130151  -1.104  -55.397  44.779 0.0000000000
130152  -1.435  -55.188  44.518 0.0000000000
130153  -1.575  -55.583  43.995 0.0000000000
130154  -1.716  -55.982  43.478 0.0000000000
130155  -2.233  -55.173  43.496 0.0000000000
130156  -2.045  -55.779  43.235 0.0000000000
130157  -1.858  -56.384  42.965 0.0000000000
142161  -0.914  -55.999  44.503 0.0000000000
142164  -1.007  -57.390  43.150 0.0000000000
142165  -0.675  -57.593  43.386 0.0000000000
142166  -0.341  -57.798  43.624 0.0000000000
150900  0.187  -55.277  46.683 0.0000000000
150901  -0.151  -55.057  46.406 0.0000000000
150902  -0.487  -54.839  46.129 0.0000000000
