#!ascii label  , from subject fsaverage vox2ras=TkReg
1101
347  24.324  -82.212  -21.766 0.0000000000
348  23.827  -92.043  -26.138 0.0000000000
443  18.918  -99.141  -30.847 0.0000000000
827  25.616  -91.813  -21.167 0.0000000000
828  24.682  -96.506  -23.462 0.0000000000
977  14.444  -104.639  -29.704 0.0000000000
1399  23.139  -82.026  -25.987 0.0000000000
1400  23.035  -77.034  -23.957 0.0000000000
1776  25.525  -86.667  -19.156 0.0000000000
1777  24.487  -87.310  -23.813 0.0000000000
1778  22.525  -86.719  -28.274 0.0000000000
1991  22.482  -100.383  -25.802 0.0000000000
1992  18.977  -103.149  -27.959 0.0000000000
1993  14.756  -101.043  -32.784 0.0000000000
2518  22.003  -96.071  -28.544 0.0000000000
2747  25.612  -96.183  -20.750 0.0000000000
2748  24.899  -98.415  -21.899 0.0000000000
2897  11.437  -106.061  -28.521 0.0000000000
3319  22.201  -81.490  -28.023 0.0000000000
3320  22.410  -79.114  -26.937 0.0000000000
3917  25.761  -85.973  -16.807 0.0000000000
3918  26.051  -88.622  -17.664 0.0000000000
3919  24.851  -92.094  -23.689 0.0000000000
3920  25.103  -89.658  -22.559 0.0000000000
3921  24.288  -89.743  -24.951 0.0000000000
3922  23.631  -87.184  -26.082 0.0000000000
3923  23.217  -89.484  -27.271 0.0000000000
4367  20.759  -103.602  -25.275 0.0000000000
4368  18.752  -104.725  -26.276 0.0000000000
4369  12.201  -103.352  -32.037 0.0000000000
4370  14.675  -102.989  -31.333 0.0000000000
4371  12.358  -101.517  -33.545 0.0000000000
5634  24.632  -81.913  -19.636 0.0000000000
5636  24.051  -79.616  -20.869 0.0000000000
5637  22.350  -74.177  -24.942 0.0000000000
5638  22.831  -74.485  -23.043 0.0000000000
5649  20.825  -99.957  -28.402 0.0000000000
5650  22.319  -98.348  -27.250 0.0000000000
5651  20.611  -97.740  -29.722 0.0000000000
6096  26.015  -93.773  -19.642 0.0000000000
6097  25.295  -94.242  -22.290 0.0000000000
6098  24.318  -94.386  -24.870 0.0000000000
6365  16.504  -105.514  -27.169 0.0000000000
6366  14.048  -105.962  -27.927 0.0000000000
6367  11.895  -104.878  -30.353 0.0000000000
7125  23.837  -82.260  -23.891 0.0000000000
7126  23.699  -79.712  -22.909 0.0000000000
7127  23.161  -79.552  -24.939 0.0000000000
7128  22.439  -76.672  -25.909 0.0000000000
7129  21.685  -73.614  -26.822 0.0000000000
7981  25.210  -84.032  -18.283 0.0000000000
7982  24.935  -84.532  -20.521 0.0000000000
7983  25.680  -89.271  -20.120 0.0000000000
7984  25.111  -87.123  -21.498 0.0000000000
7985  24.481  -84.787  -22.746 0.0000000000
7986  23.822  -84.762  -24.948 0.0000000000
7987  22.932  -84.428  -27.099 0.0000000000
8555  23.856  -100.423  -23.056 0.0000000000
8556  22.473  -102.161  -24.193 0.0000000000
8557  20.881  -101.917  -26.916 0.0000000000
8558  19.028  -101.282  -29.488 0.0000000000
8559  16.820  -104.062  -28.896 0.0000000000
8560  16.964  -102.298  -30.475 0.0000000000
8561  16.956  -100.249  -31.877 0.0000000000
10093  23.445  -77.141  -21.995 0.0000000000
10108  23.750  -98.567  -24.641 0.0000000000
10109  23.483  -96.481  -26.066 0.0000000000
10110  23.072  -94.166  -27.344 0.0000000000
10111  20.253  -95.275  -30.889 0.0000000000
10112  21.545  -93.560  -29.690 0.0000000000
10113  22.532  -91.622  -28.480 0.0000000000
10114  21.888  -88.863  -29.478 0.0000000000
11599  24.372  -92.113  -24.925 0.0000000000
11600  24.584  -90.944  -24.337 0.0000000000
11601  24.093  -90.912  -25.540 0.0000000000
11602  23.785  -89.659  -26.122 0.0000000000
11603  23.535  -90.790  -26.721 0.0000000000
12049  11.023  -102.561  -33.113 0.0000000000
12050  12.297  -102.472  -32.815 0.0000000000
13314  24.499  -82.092  -20.700 0.0000000000
13315  24.343  -80.786  -20.266 0.0000000000
13316  24.201  -80.915  -21.308 0.0000000000
13329  19.900  -99.599  -29.645 0.0000000000
13330  20.736  -98.880  -29.082 0.0000000000
13331  19.800  -98.476  -30.294 0.0000000000
13999  25.181  -96.386  -22.117 0.0000000000
14000  25.471  -95.237  -21.538 0.0000000000
14001  25.027  -95.398  -22.873 0.0000000000
14002  24.840  -94.357  -23.592 0.0000000000
14003  24.516  -95.473  -24.185 0.0000000000
14450  11.685  -105.515  -29.454 0.0000000000
14451  10.572  -104.873  -30.607 0.0000000000
14452  10.758  -104.184  -31.484 0.0000000000
15714  23.516  -82.180  -24.945 0.0000000000
15715  23.505  -80.928  -24.427 0.0000000000
15716  23.171  -80.796  -25.455 0.0000000000
15717  22.026  -77.595  -27.386 0.0000000000
15718  22.445  -77.900  -26.416 0.0000000000
15719  22.063  -76.388  -26.872 0.0000000000
15720  22.064  -75.165  -26.372 0.0000000000
17509  25.663  -86.348  -17.982 0.0000000000
17510  25.491  -85.024  -17.561 0.0000000000
17511  25.384  -85.352  -18.708 0.0000000000
17512  25.093  -84.311  -19.403 0.0000000000
17513  25.236  -85.622  -19.855 0.0000000000
17514  25.910  -91.558  -19.891 0.0000000000
17515  25.928  -90.276  -19.381 0.0000000000
17516  25.678  -90.552  -20.633 0.0000000000
17517  24.805  -88.509  -23.203 0.0000000000
17518  25.134  -88.400  -22.019 0.0000000000
17519  24.827  -87.253  -22.660 0.0000000000
17520  24.800  -85.979  -22.137 0.0000000000
17521  24.506  -86.057  -23.269 0.0000000000
17522  24.179  -84.812  -23.851 0.0000000000
17523  24.157  -86.060  -24.393 0.0000000000
17524  23.110  -86.994  -27.191 0.0000000000
17525  23.284  -85.828  -26.604 0.0000000000
17526  22.755  -85.590  -27.680 0.0000000000
17527  22.393  -84.140  -28.144 0.0000000000
17528  22.161  -85.267  -28.731 0.0000000000
18857  23.163  -102.143  -22.775 0.0000000000
18859  19.899  -103.423  -26.636 0.0000000000
18860  20.843  -102.794  -26.114 0.0000000000
18861  19.964  -102.572  -27.448 0.0000000000
18862  19.984  -101.649  -28.222 0.0000000000
18863  19.023  -102.251  -28.744 0.0000000000
18864  15.500  -105.128  -28.460 0.0000000000
18865  16.684  -104.828  -28.049 0.0000000000
18866  15.657  -104.393  -29.317 0.0000000000
18867  14.733  -102.051  -32.082 0.0000000000
18868  15.845  -102.684  -30.922 0.0000000000
18869  15.883  -101.720  -31.657 0.0000000000
18870  16.979  -101.309  -31.198 0.0000000000
18871  15.884  -100.686  -32.347 0.0000000000
18872  15.850  -99.579  -32.994 0.0000000000
22667  23.371  -78.395  -23.443 0.0000000000
22668  23.583  -78.429  -22.443 0.0000000000
22669  23.261  -77.119  -22.976 0.0000000000
22704  23.205  -100.450  -24.447 0.0000000000
22705  23.825  -99.525  -23.868 0.0000000000
22706  23.159  -99.508  -25.225 0.0000000000
22707  22.179  -97.240  -27.916 0.0000000000
22708  22.943  -97.445  -26.661 0.0000000000
22709  22.779  -96.325  -27.321 0.0000000000
22710  23.295  -95.352  -26.722 0.0000000000
22711  22.578  -95.147  -27.945 0.0000000000
22713  19.495  -96.041  -31.474 0.0000000000
22716  20.687  -93.119  -30.811 0.0000000000
22717  21.273  -92.223  -30.207 0.0000000000
22718  22.077  -92.618  -29.085 0.0000000000
22719  21.785  -91.271  -29.601 0.0000000000
22720  22.222  -90.268  -28.995 0.0000000000
23377  25.296  -97.324  -21.322 0.0000000000
23378  24.811  -97.487  -22.700 0.0000000000
24405  22.701  -81.797  -27.015 0.0000000000
24406  22.781  -80.591  -26.472 0.0000000000
24407  22.330  -80.311  -27.473 0.0000000000
25484  25.798  -87.667  -18.426 0.0000000000
25485  25.265  -91.993  -22.435 0.0000000000
25486  25.374  -90.759  -21.880 0.0000000000
25487  25.010  -90.891  -23.116 0.0000000000
25488  24.726  -89.741  -23.762 0.0000000000
25489  24.417  -88.541  -24.374 0.0000000000
25490  24.089  -87.288  -24.954 0.0000000000
25491  23.968  -88.490  -25.532 0.0000000000
25492  23.455  -88.352  -26.672 0.0000000000
25493  22.879  -88.126  -27.788 0.0000000000
26292  20.628  -104.341  -24.400 0.0000000000
26293  19.788  -104.204  -25.787 0.0000000000
26294  18.887  -103.974  -27.136 0.0000000000
26295  13.342  -104.046  -30.898 0.0000000000
26296  14.580  -103.853  -30.539 0.0000000000
26297  13.458  -103.211  -31.706 0.0000000000
26298  13.536  -102.302  -32.470 0.0000000000
26299  13.578  -101.319  -33.185 0.0000000000
28574  24.449  -80.601  -19.227 0.0000000000
28575  24.167  -79.480  -19.852 0.0000000000
28576  23.879  -78.316  -20.447 0.0000000000
28577  22.693  -75.628  -24.456 0.0000000000
28578  22.937  -75.763  -23.491 0.0000000000
28579  22.612  -74.362  -23.993 0.0000000000
28599  21.688  -100.219  -27.119 0.0000000000
28600  22.421  -99.396  -26.546 0.0000000000
28601  21.612  -99.187  -27.832 0.0000000000
28602  21.498  -98.093  -28.503 0.0000000000
28603  21.346  -96.937  -29.137 0.0000000000
29582  25.830  -92.817  -20.421 0.0000000000
29583  25.850  -94.997  -20.188 0.0000000000
29584  25.685  -94.046  -20.972 0.0000000000
29585  25.490  -93.045  -21.720 0.0000000000
29586  25.088  -93.194  -23.007 0.0000000000
29587  24.621  -93.262  -24.275 0.0000000000
29588  24.088  -93.242  -25.520 0.0000000000
30211  15.299  -105.781  -27.567 0.0000000000
30212  14.267  -105.343  -28.833 0.0000000000
30213  12.759  -106.055  -28.246 0.0000000000
30214  12.993  -105.471  -29.166 0.0000000000
30215  13.187  -104.800  -30.050 0.0000000000
30216  12.066  -104.156  -31.214 0.0000000000
30217  10.908  -103.412  -32.320 0.0000000000
31983  24.105  -82.270  -22.831 0.0000000000
31984  24.016  -80.984  -22.351 0.0000000000
31985  23.785  -80.990  -23.391 0.0000000000
31986  23.455  -79.665  -23.927 0.0000000000
31987  23.113  -78.298  -24.440 0.0000000000
31988  22.814  -79.369  -25.944 0.0000000000
31989  22.805  -78.134  -25.432 0.0000000000
31990  22.762  -76.886  -24.936 0.0000000000
31991  22.403  -75.429  -25.418 0.0000000000
31992  22.042  -73.928  -25.886 0.0000000000
31993  21.678  -72.385  -26.345 0.0000000000
32004  17.885  -98.583  -32.003 0.0000000000
32005  18.809  -97.972  -31.466 0.0000000000
34277  25.012  -82.709  -17.882 0.0000000000
34278  24.922  -82.995  -18.975 0.0000000000
34279  24.796  -83.224  -20.067 0.0000000000
34280  24.630  -83.395  -21.157 0.0000000000
34281  26.128  -89.934  -18.127 0.0000000000
34282  25.889  -88.977  -18.893 0.0000000000
34283  25.626  -87.975  -19.627 0.0000000000
34284  25.419  -89.500  -21.343 0.0000000000
34285  25.406  -88.221  -20.826 0.0000000000
34286  25.343  -86.927  -20.329 0.0000000000
34287  25.042  -85.832  -20.998 0.0000000000
34288  24.732  -84.692  -21.635 0.0000000000
34289  24.419  -83.504  -22.245 0.0000000000
34290  24.160  -83.547  -23.330 0.0000000000
34291  23.850  -83.519  -24.409 0.0000000000
34292  23.484  -83.417  -25.479 0.0000000000
34293  23.751  -85.985  -25.506 0.0000000000
34294  23.408  -84.634  -26.032 0.0000000000
34295  23.059  -83.238  -26.535 0.0000000000
34296  22.573  -82.981  -27.572 0.0000000000
35929  23.207  -101.328  -23.629 0.0000000000
35930  22.500  -101.305  -25.017 0.0000000000
35931  21.656  -102.920  -24.743 0.0000000000
35932  21.711  -102.087  -25.573 0.0000000000
35933  21.722  -101.187  -26.366 0.0000000000
35934  20.874  -100.971  -27.679 0.0000000000
35935  19.962  -100.657  -28.955 0.0000000000
35936  18.992  -100.245  -30.188 0.0000000000
35937  17.656  -105.162  -26.737 0.0000000000
35938  17.814  -104.443  -27.607 0.0000000000
35939  17.927  -103.646  -28.443 0.0000000000
35940  15.771  -103.576  -30.140 0.0000000000
35941  16.912  -103.216  -29.707 0.0000000000
35942  17.997  -102.774  -29.241 0.0000000000
35943  18.027  -101.830  -29.996 0.0000000000
35944  18.017  -100.816  -30.707 0.0000000000
35945  17.969  -99.733  -31.376 0.0000000000
35946  16.898  -99.119  -32.514 0.0000000000
40513  23.897  -79.694  -21.889 0.0000000000
40514  23.751  -78.401  -21.444 0.0000000000
40515  23.588  -77.106  -21.017 0.0000000000
40516  23.137  -75.836  -22.527 0.0000000000
40558  24.420  -99.450  -22.478 0.0000000000
40559  24.360  -98.535  -23.285 0.0000000000
40560  24.258  -97.564  -24.052 0.0000000000
40561  23.071  -98.506  -25.963 0.0000000000
40562  23.636  -97.552  -25.373 0.0000000000
40563  24.116  -96.539  -24.779 0.0000000000
40564  23.940  -95.460  -25.468 0.0000000000
40565  23.730  -94.324  -26.121 0.0000000000
40566  23.488  -93.130  -26.740 0.0000000000
40567  19.664  -97.289  -30.905 0.0000000000
40568  20.449  -96.537  -30.325 0.0000000000
40569  21.159  -95.721  -29.734 0.0000000000
40571  20.937  -94.447  -30.292 0.0000000000
40572  21.790  -94.844  -29.135 0.0000000000
40573  22.342  -93.911  -28.533 0.0000000000
40574  22.817  -92.922  -27.929 0.0000000000
40575  23.214  -91.880  -27.325 0.0000000000
40576  22.911  -90.575  -27.874 0.0000000000
40577  22.585  -89.218  -28.391 0.0000000000
40578  22.238  -87.812  -28.875 0.0000000000
42319  24.108  -92.090  -25.534 0.0000000000
42320  24.236  -91.519  -25.236 0.0000000000
42321  23.969  -91.483  -25.838 0.0000000000
42322  23.822  -90.863  -26.133 0.0000000000
42323  23.685  -91.423  -26.434 0.0000000000
44034  24.417  -82.160  -21.233 0.0000000000
44035  24.350  -81.509  -21.007 0.0000000000
44036  24.266  -81.564  -21.535 0.0000000000
44049  19.415  -99.382  -30.252 0.0000000000
44050  19.854  -99.045  -29.975 0.0000000000
44051  19.367  -98.817  -30.574 0.0000000000
44719  24.940  -96.457  -22.792 0.0000000000
44720  25.109  -95.898  -22.500 0.0000000000
44721  24.865  -95.958  -23.167 0.0000000000
44722  24.780  -95.446  -23.532 0.0000000000
44723  24.604  -95.996  -23.828 0.0000000000
45170  10.466  -105.184  -30.156 0.0000000000
45172  10.003  -104.514  -31.162 0.0000000000
46434  23.334  -82.112  -25.468 0.0000000000
46435  23.345  -81.493  -25.203 0.0000000000
46436  23.160  -81.413  -25.719 0.0000000000
46438  22.049  -76.993  -27.127 0.0000000000
48229  25.600  -86.515  -18.569 0.0000000000
48230  25.525  -85.855  -18.349 0.0000000000
48231  25.459  -86.010  -18.929 0.0000000000
48232  25.315  -85.494  -19.282 0.0000000000
48233  25.382  -86.150  -19.510 0.0000000000
48234  25.770  -91.694  -20.530 0.0000000000
48235  25.798  -91.061  -20.266 0.0000000000
48236  25.655  -91.186  -20.898 0.0000000000
48237  24.648  -87.916  -23.512 0.0000000000
48238  24.823  -87.884  -22.929 0.0000000000
48239  24.664  -87.291  -23.238 0.0000000000
48240  24.668  -86.661  -22.969 0.0000000000
48241  24.503  -86.686  -23.539 0.0000000000
48242  24.339  -86.068  -23.832 0.0000000000
48243  24.323  -86.691  -24.106 0.0000000000
48244  22.825  -86.868  -27.736 0.0000000000
48245  22.933  -86.298  -27.439 0.0000000000
48246  22.647  -86.159  -27.976 0.0000000000
48247  22.466  -85.439  -28.209 0.0000000000
48248  22.344  -85.999  -28.506 0.0000000000
49579  19.445  -103.298  -27.303 0.0000000000
49580  19.937  -103.006  -27.047 0.0000000000
49581  19.478  -102.870  -27.707 0.0000000000
49582  19.501  -102.424  -28.101 0.0000000000
49583  19.005  -102.709  -28.357 0.0000000000
49584  14.978  -104.897  -29.088 0.0000000000
49585  15.584  -104.771  -28.893 0.0000000000
49586  15.056  -104.526  -29.515 0.0000000000
49587  14.749  -101.556  -32.439 0.0000000000
49588  15.314  -101.896  -31.874 0.0000000000
49589  15.325  -101.394  -32.228 0.0000000000
49590  15.888  -101.212  -32.008 0.0000000000
49591  15.327  -100.874  -32.570 0.0000000000
49592  15.320  -100.336  -32.901 0.0000000000
49593  14.755  -100.511  -33.118 0.0000000000
53387  23.204  -77.721  -23.702 0.0000000000
53388  23.319  -77.758  -23.207 0.0000000000
53389  23.154  -77.084  -23.466 0.0000000000
53424  22.852  -100.428  -25.129 0.0000000000
53425  23.187  -99.987  -24.841 0.0000000000
53426  22.831  -99.954  -25.515 0.0000000000
53427  22.096  -96.663  -28.234 0.0000000000
53428  22.489  -96.790  -27.619 0.0000000000
53429  22.399  -96.210  -27.937 0.0000000000
53430  22.683  -95.743  -27.638 0.0000000000
53431  22.300  -95.616  -28.245 0.0000000000
53436  20.849  -91.992  -30.755 0.0000000000
53437  21.128  -91.534  -30.452 0.0000000000
53438  21.538  -91.754  -29.904 0.0000000000
53439  21.388  -91.063  -30.149 0.0000000000
53440  21.630  -90.578  -29.846 0.0000000000
54319  25.143  -98.323  -21.196 0.0000000000
54321  25.108  -97.876  -21.610 0.0000000000
54322  25.062  -97.416  -22.014 0.0000000000
54323  24.861  -97.958  -22.304 0.0000000000
56034  22.459  -81.653  -27.521 0.0000000000
56035  22.517  -81.059  -27.246 0.0000000000
56036  22.272  -80.903  -27.746 0.0000000000
57832  25.868  -87.490  -17.825 0.0000000000
57833  25.927  -88.150  -18.049 0.0000000000
57834  25.066  -92.053  -23.064 0.0000000000
57835  25.141  -91.448  -22.780 0.0000000000
57836  24.939  -91.496  -23.401 0.0000000000
57837  24.439  -90.350  -24.648 0.0000000000
57838  24.663  -90.346  -24.048 0.0000000000
57839  24.515  -89.752  -24.358 0.0000000000
57840  24.574  -89.147  -24.072 0.0000000000
57841  24.360  -89.146  -24.660 0.0000000000
57842  24.200  -88.526  -24.955 0.0000000000
57843  24.130  -89.123  -25.245 0.0000000000
57844  23.509  -89.583  -26.700 0.0000000000
57845  23.622  -89.012  -26.401 0.0000000000
57846  23.344  -88.923  -26.970 0.0000000000
57847  23.175  -88.250  -27.233 0.0000000000
57848  23.050  -88.811  -27.533 0.0000000000
59179  19.199  -104.830  -25.594 0.0000000000
59180  19.716  -104.567  -25.349 0.0000000000
59181  19.278  -104.475  -26.035 0.0000000000
59182  19.345  -104.101  -26.467 0.0000000000
59183  18.825  -104.359  -26.710 0.0000000000
59184  12.776  -103.711  -31.475 0.0000000000
59185  13.405  -103.638  -31.307 0.0000000000
59186  12.834  -103.292  -31.877 0.0000000000
59187  12.332  -102.003  -33.186 0.0000000000
59188  12.921  -102.397  -32.648 0.0000000000
59189  12.951  -101.921  -33.015 0.0000000000
59190  13.561  -101.819  -32.833 0.0000000000
62979  24.686  -81.802  -19.103 0.0000000000
62980  24.590  -81.145  -18.903 0.0000000000
62981  24.543  -81.257  -19.429 0.0000000000
62982  24.198  -80.207  -20.571 0.0000000000
62983  24.257  -80.133  -20.057 0.0000000000
62984  24.113  -79.555  -20.360 0.0000000000
62985  24.024  -78.904  -20.153 0.0000000000
62986  23.968  -78.966  -20.656 0.0000000000
62987  22.522  -74.908  -24.701 0.0000000000
62988  22.654  -74.996  -24.222 0.0000000000
62989  22.486  -74.277  -24.468 0.0000000000
63024  21.265  -100.100  -27.765 0.0000000000
63025  21.655  -99.711  -27.481 0.0000000000
63026  21.228  -99.581  -28.118 0.0000000000
63027  20.678  -98.318  -29.407 0.0000000000
63028  21.127  -98.495  -28.794 0.0000000000
63029  21.062  -97.928  -29.117 0.0000000000
63030  21.427  -97.522  -28.825 0.0000000000
63031  20.988  -97.347  -29.431 0.0000000000
65032  25.979  -92.676  -19.769 0.0000000000
65033  25.926  -93.301  -20.036 0.0000000000
65036  25.740  -95.595  -20.468 0.0000000000
65037  25.387  -94.746  -21.919 0.0000000000
65038  25.587  -94.647  -21.253 0.0000000000
65039  25.498  -94.154  -21.632 0.0000000000
65040  25.591  -93.552  -21.350 0.0000000000
65041  25.401  -93.648  -22.003 0.0000000000
65042  25.297  -93.130  -22.365 0.0000000000
65043  25.195  -93.725  -22.652 0.0000000000
65044  24.587  -94.382  -24.234 0.0000000000
65045  24.734  -93.816  -23.938 0.0000000000
65046  24.479  -93.830  -24.572 0.0000000000
65047  24.363  -93.263  -24.901 0.0000000000
65048  24.207  -93.821  -25.199 0.0000000000
66379  14.557  -106.169  -27.289 0.0000000000
66380  15.181  -106.077  -27.107 0.0000000000
66381  14.679  -105.882  -27.752 0.0000000000
66382  14.789  -105.575  -28.206 0.0000000000
66383  14.163  -105.663  -28.384 0.0000000000
66384  11.966  -106.318  -27.913 0.0000000000
66386  12.102  -106.069  -28.389 0.0000000000
66387  11.795  -105.208  -29.908 0.0000000000
66388  12.343  -105.504  -29.316 0.0000000000
66389  12.449  -105.188  -29.766 0.0000000000
66390  13.095  -105.147  -29.613 0.0000000000
66391  12.545  -104.850  -30.207 0.0000000000
66392  12.632  -104.491  -30.639 0.0000000000
66393  11.985  -104.527  -30.788 0.0000000000
66395  10.838  -103.808  -31.907 0.0000000000
66396  10.252  -103.412  -32.444 0.0000000000
66397  10.317  -103.004  -32.850 0.0000000000
70179  23.977  -82.274  -23.361 0.0000000000
70180  23.946  -81.635  -23.114 0.0000000000
70181  23.816  -81.626  -23.639 0.0000000000
70182  23.334  -80.245  -24.686 0.0000000000
70183  23.484  -80.298  -24.175 0.0000000000
70184  23.314  -79.617  -24.434 0.0000000000
70185  23.285  -78.987  -24.186 0.0000000000
70186  23.141  -78.926  -24.688 0.0000000000
70187  22.597  -79.858  -26.706 0.0000000000
70188  22.803  -79.982  -26.206 0.0000000000
70189  22.620  -79.251  -26.442 0.0000000000
70190  22.446  -77.288  -26.161 0.0000000000
70191  22.632  -78.026  -25.925 0.0000000000
70192  22.624  -77.408  -25.673 0.0000000000
70193  22.787  -77.511  -25.182 0.0000000000
70194  22.607  -76.787  -25.424 0.0000000000
70195  22.583  -76.163  -25.179 0.0000000000
70196  22.424  -76.052  -25.661 0.0000000000
70197  21.875  -74.395  -26.598 0.0000000000
70198  22.055  -74.548  -26.127 0.0000000000
70199  21.870  -73.780  -26.356 0.0000000000
70200  21.860  -73.162  -26.117 0.0000000000
70201  21.684  -73.001  -26.582 0.0000000000
70202  21.498  -72.212  -26.805 0.0000000000
70224  17.351  -98.266  -32.562 0.0000000000
75567  25.352  -84.533  -17.926 0.0000000000
75568  25.395  -84.360  -17.359 0.0000000000
75569  25.255  -83.871  -17.723 0.0000000000
75571  25.113  -83.371  -18.080 0.0000000000
75572  24.971  -82.859  -18.429 0.0000000000
75573  25.066  -83.519  -18.633 0.0000000000
75574  25.019  -84.429  -19.962 0.0000000000
75575  24.945  -83.773  -19.739 0.0000000000
75576  24.869  -83.879  -20.291 0.0000000000
75577  24.718  -83.317  -20.612 0.0000000000
75578  24.782  -83.969  -20.842 0.0000000000
75582  25.807  -89.779  -19.754 0.0000000000
75583  25.916  -89.628  -19.134 0.0000000000
75584  25.791  -89.132  -19.507 0.0000000000
75585  25.761  -88.481  -19.264 0.0000000000
75586  25.660  -88.625  -19.871 0.0000000000
75587  25.242  -90.215  -22.224 0.0000000000
75588  25.404  -90.132  -21.609 0.0000000000
75589  25.268  -89.588  -21.952 0.0000000000
75590  25.129  -87.764  -21.756 0.0000000000
75591  25.277  -88.319  -21.423 0.0000000000
75592  25.261  -87.678  -21.166 0.0000000000
75593  25.380  -87.575  -20.575 0.0000000000
75594  25.233  -87.033  -20.914 0.0000000000
75595  25.194  -86.385  -20.668 0.0000000000
75596  25.082  -86.479  -21.245 0.0000000000
75597  24.641  -85.389  -22.445 0.0000000000
75598  24.771  -85.337  -21.883 0.0000000000
75599  24.613  -84.748  -22.191 0.0000000000
75600  24.575  -84.104  -21.943 0.0000000000
75601  24.454  -84.147  -22.493 0.0000000000
75602  24.295  -83.534  -22.788 0.0000000000
75603  24.320  -84.173  -23.041 0.0000000000
75604  24.008  -84.796  -24.400 0.0000000000
75605  24.014  -84.171  -24.133 0.0000000000
75606  23.841  -84.143  -24.676 0.0000000000
75607  23.674  -83.477  -24.946 0.0000000000
75608  23.654  -84.095  -25.217 0.0000000000
75609  23.868  -87.246  -25.520 0.0000000000
75610  23.921  -86.643  -25.233 0.0000000000
75611  23.697  -86.588  -25.792 0.0000000000
75612  23.109  -85.134  -26.855 0.0000000000
75613  23.352  -85.235  -26.316 0.0000000000
75614  23.178  -84.541  -26.568 0.0000000000
75615  23.235  -83.942  -26.287 0.0000000000
75616  23.002  -83.836  -26.815 0.0000000000
75617  22.824  -83.120  -27.056 0.0000000000
75618  22.754  -83.710  -27.338 0.0000000000
79609  22.827  -102.164  -23.489 0.0000000000
79610  23.191  -101.743  -23.206 0.0000000000
79611  22.850  -101.754  -23.913 0.0000000000
79612  22.862  -101.328  -24.328 0.0000000000
79613  22.492  -101.742  -24.610 0.0000000000
79614  21.165  -103.656  -24.580 0.0000000000
79615  21.611  -103.312  -24.313 0.0000000000
79616  21.217  -103.271  -25.011 0.0000000000
79617  20.867  -102.364  -26.519 0.0000000000
79618  21.287  -102.450  -25.846 0.0000000000
79619  21.305  -102.014  -26.249 0.0000000000
79620  21.722  -101.646  -25.974 0.0000000000
79621  21.311  -101.561  -26.643 0.0000000000
79622  21.306  -101.091  -27.027 0.0000000000
79623  20.883  -101.453  -27.302 0.0000000000
79624  19.513  -101.478  -28.860 0.0000000000
79625  19.979  -101.162  -28.594 0.0000000000
79626  19.504  -100.979  -29.224 0.0000000000
79627  19.484  -100.464  -29.577 0.0000000000
79628  19.015  -100.772  -29.843 0.0000000000
79629  16.985  -105.670  -26.506 0.0000000000
79631  17.087  -105.349  -26.957 0.0000000000
79632  16.757  -104.455  -28.477 0.0000000000
79633  17.256  -104.646  -27.832 0.0000000000
79634  17.324  -104.265  -28.257 0.0000000000
79635  17.876  -104.054  -28.029 0.0000000000
79636  17.381  -103.864  -28.673 0.0000000000
79637  14.632  -103.430  -30.941 0.0000000000
79638  15.182  -103.725  -30.344 0.0000000000
79639  15.229  -103.295  -30.743 0.0000000000
79640  16.411  -102.501  -30.703 0.0000000000
79641  16.385  -102.963  -30.321 0.0000000000
79642  16.943  -102.766  -30.097 0.0000000000
79643  17.462  -103.005  -29.478 0.0000000000
79644  17.487  -102.548  -29.864 0.0000000000
79645  18.017  -102.311  -29.624 0.0000000000
79646  17.503  -102.074  -30.240 0.0000000000
79647  16.972  -100.788  -31.543 0.0000000000
79648  17.505  -101.072  -30.956 0.0000000000
79649  17.493  -100.545  -31.298 0.0000000000
79650  17.998  -100.283  -31.046 0.0000000000
79651  17.470  -100.001  -31.630 0.0000000000
79652  17.439  -99.439  -31.951 0.0000000000
79653  16.931  -99.693  -32.201 0.0000000000
91037  23.859  -80.353  -22.633 0.0000000000
91038  23.960  -80.339  -22.118 0.0000000000
91039  23.803  -79.711  -22.399 0.0000000000
91040  23.516  -77.786  -22.217 0.0000000000
91041  23.672  -78.422  -21.943 0.0000000000
91042  23.598  -77.777  -21.722 0.0000000000
91043  23.671  -77.754  -21.228 0.0000000000
91044  23.521  -77.131  -21.505 0.0000000000
91045  22.885  -75.125  -23.265 0.0000000000
91046  23.042  -75.807  -23.009 0.0000000000
91047  22.984  -75.166  -22.787 0.0000000000
91149  24.155  -100.376  -22.348 0.0000000000
91150  24.434  -99.886  -22.060 0.0000000000
91151  24.149  -99.945  -22.767 0.0000000000
91152  23.793  -99.053  -24.260 0.0000000000
91153  24.103  -99.038  -23.577 0.0000000000
91154  24.064  -98.562  -23.967 0.0000000000
91155  24.314  -98.056  -23.673 0.0000000000
91156  24.015  -98.073  -24.347 0.0000000000
91157  22.375  -98.880  -26.903 0.0000000000
91158  22.756  -98.959  -26.256 0.0000000000
91159  22.704  -98.439  -26.611 0.0000000000
91160  23.224  -96.970  -26.364 0.0000000000
91161  23.298  -97.510  -26.021 0.0000000000
91162  23.564  -97.023  -25.724 0.0000000000
91163  23.886  -97.052  -25.076 0.0000000000
91164  23.808  -96.522  -25.426 0.0000000000
91165  24.032  -96.006  -25.128 0.0000000000
91166  23.721  -95.977  -25.767 0.0000000000
91167  23.188  -94.766  -27.037 0.0000000000
91168  23.522  -94.845  -26.422 0.0000000000
91169  23.410  -94.257  -26.736 0.0000000000
91170  23.613  -93.734  -26.435 0.0000000000
91171  23.290  -93.655  -27.042 0.0000000000
91172  18.741  -97.364  -31.759 0.0000000000
91173  19.245  -97.639  -31.188 0.0000000000
91174  19.171  -97.027  -31.480 0.0000000000
91175  19.883  -95.666  -31.184 0.0000000000
91176  19.979  -96.301  -30.905 0.0000000000
91177  20.356  -95.913  -30.612 0.0000000000
91178  20.814  -96.137  -30.031 0.0000000000
91179  20.713  -95.510  -30.316 0.0000000000
91183  21.123  -93.351  -30.255 0.0000000000
91184  20.815  -93.790  -30.557 0.0000000000
91185  21.251  -94.011  -29.991 0.0000000000
91186  21.371  -94.657  -29.718 0.0000000000
91187  21.671  -94.209  -29.417 0.0000000000
91188  22.076  -94.384  -28.835 0.0000000000
91189  21.952  -93.747  -29.116 0.0000000000
91190  22.314  -92.126  -28.782 0.0000000000
91191  22.455  -92.781  -28.511 0.0000000000
91192  22.678  -92.278  -28.209 0.0000000000
91193  23.025  -92.407  -27.627 0.0000000000
91194  22.881  -91.762  -27.906 0.0000000000
91195  23.066  -91.234  -27.604 0.0000000000
91196  22.731  -91.104  -28.177 0.0000000000
91197  22.058  -89.572  -29.241 0.0000000000
91198  22.412  -89.749  -28.693 0.0000000000
91199  22.244  -89.052  -28.938 0.0000000000
91200  22.413  -88.521  -28.637 0.0000000000
91201  22.071  -88.343  -29.177 0.0000000000
92498  24.927  -98.859  -21.483 0.0000000000
94605  24.620  -92.114  -24.309 0.0000000000
94606  24.721  -91.525  -24.018 0.0000000000
94607  24.487  -91.533  -24.629 0.0000000000
94608  24.346  -90.939  -24.941 0.0000000000
94609  24.199  -90.332  -25.244 0.0000000000
94610  24.045  -89.712  -25.539 0.0000000000
94611  23.942  -90.292  -25.835 0.0000000000
94612  23.669  -90.229  -26.421 0.0000000000
94613  23.379  -90.144  -27.000 0.0000000000
95414  18.668  -105.072  -25.832 0.0000000000
95415  11.616  -102.969  -32.583 0.0000000000
95416  12.254  -102.921  -32.431 0.0000000000
95417  11.665  -102.526  -32.970 0.0000000000
95418  11.704  -102.065  -33.345 0.0000000000
97692  24.570  -82.010  -20.168 0.0000000000
97693  24.488  -81.355  -19.955 0.0000000000
97694  24.424  -81.439  -20.481 0.0000000000
97695  24.277  -80.858  -20.787 0.0000000000
97696  24.129  -80.266  -21.086 0.0000000000
97697  22.177  -73.435  -25.181 0.0000000000
97698  22.319  -73.548  -24.711 0.0000000000
97719  20.370  -99.790  -29.029 0.0000000000
97720  20.786  -99.427  -28.747 0.0000000000
97721  20.327  -99.248  -29.366 0.0000000000
97722  20.275  -98.690  -29.693 0.0000000000
97723  20.214  -98.116  -30.010 0.0000000000
98925  25.405  -96.295  -21.436 0.0000000000
98926  25.546  -95.716  -21.149 0.0000000000
98927  25.336  -95.818  -21.827 0.0000000000
98928  25.257  -95.328  -22.208 0.0000000000
98929  25.170  -94.826  -22.580 0.0000000000
98930  25.076  -94.310  -22.943 0.0000000000
98931  24.937  -94.884  -23.237 0.0000000000
98932  24.687  -94.921  -23.888 0.0000000000
98933  24.421  -94.936  -24.532 0.0000000000
99735  10.899  -105.780  -29.115 0.0000000000
99736  11.566  -105.799  -28.992 0.0000000000
99737  11.021  -105.504  -29.581 0.0000000000
99738  11.133  -105.206  -30.038 0.0000000000
99739  11.237  -104.886  -30.486 0.0000000000
99740  11.331  -104.544  -30.926 0.0000000000
99741  10.670  -104.539  -31.050 0.0000000000
99742  10.094  -104.168  -31.599 0.0000000000
102012  23.683  -82.229  -24.419 0.0000000000
102013  23.672  -81.600  -24.162 0.0000000000
102014  23.515  -81.555  -24.684 0.0000000000
102015  23.345  -80.871  -24.942 0.0000000000
102016  23.171  -80.176  -25.195 0.0000000000
102017  22.220  -78.360  -27.163 0.0000000000
102018  22.433  -78.509  -26.674 0.0000000000
102019  22.243  -77.757  -26.903 0.0000000000
102020  22.255  -77.150  -26.646 0.0000000000
102021  22.258  -76.539  -26.392 0.0000000000
102022  22.252  -75.924  -26.142 0.0000000000
102023  22.067  -75.778  -26.620 0.0000000000
102024  21.875  -75.007  -26.845 0.0000000000
105243  25.717  -86.167  -17.394 0.0000000000
105244  25.628  -85.503  -17.188 0.0000000000
105245  25.581  -85.686  -17.768 0.0000000000
105246  25.442  -85.195  -18.134 0.0000000000
105247  25.300  -84.692  -18.493 0.0000000000
105248  25.156  -84.179  -18.843 0.0000000000
105249  25.239  -84.837  -19.060 0.0000000000
105250  25.168  -84.967  -19.626 0.0000000000
105251  25.086  -85.083  -20.192 0.0000000000
105252  26.037  -91.405  -19.251 0.0000000000
105253  26.043  -90.761  -19.000 0.0000000000
105254  25.927  -90.919  -19.633 0.0000000000
105255  25.810  -90.423  -20.008 0.0000000000
105256  25.686  -89.914  -20.374 0.0000000000
105257  24.957  -89.090  -22.885 0.0000000000
105258  25.126  -89.032  -22.286 0.0000000000
105259  24.977  -88.464  -22.612 0.0000000000
105260  24.983  -87.833  -22.344 0.0000000000
105261  24.976  -87.197  -22.080 0.0000000000
105262  24.957  -86.557  -21.821 0.0000000000
105263  24.819  -86.618  -22.396 0.0000000000
105264  24.660  -86.027  -22.704 0.0000000000
105265  24.499  -85.424  -23.005 0.0000000000
105266  24.336  -84.808  -23.299 0.0000000000
105267  24.343  -85.440  -23.563 0.0000000000
105268  24.174  -85.438  -24.119 0.0000000000
105269  23.990  -85.417  -24.673 0.0000000000
105270  23.378  -87.100  -26.639 0.0000000000
105271  23.458  -86.512  -26.346 0.0000000000
105272  23.204  -86.415  -26.895 0.0000000000
105273  23.028  -85.719  -27.145 0.0000000000
105274  22.850  -85.012  -27.388 0.0000000000
105275  22.671  -84.294  -27.625 0.0000000000
105276  22.575  -84.870  -27.915 0.0000000000
107672  22.442  -102.565  -23.768 0.0000000000
107673  20.337  -103.524  -25.960 0.0000000000
107674  20.807  -103.206  -25.699 0.0000000000
107675  20.380  -103.118  -26.378 0.0000000000
107676  20.411  -102.695  -26.785 0.0000000000
107677  20.431  -102.254  -27.184 0.0000000000
107678  20.440  -101.795  -27.574 0.0000000000
107679  19.979  -102.119  -27.840 0.0000000000
107680  19.512  -101.960  -28.486 0.0000000000
107681  19.031  -101.775  -29.121 0.0000000000
107682  16.008  -105.334  -27.820 0.0000000000
107683  16.599  -105.181  -27.613 0.0000000000
107684  16.098  -104.989  -28.259 0.0000000000
107685  16.177  -104.624  -28.689 0.0000000000
107686  16.245  -104.238  -29.111 0.0000000000
107687  14.708  -102.529  -31.714 0.0000000000
107688  15.266  -102.847  -31.132 0.0000000000
107689  15.295  -102.380  -31.509 0.0000000000
107690  15.868  -102.211  -31.296 0.0000000000
107691  16.429  -102.022  -31.073 0.0000000000
107692  16.976  -101.812  -30.843 0.0000000000
107693  16.438  -101.525  -31.432 0.0000000000
107694  16.437  -101.010  -31.779 0.0000000000
107695  16.427  -100.477  -32.116 0.0000000000
107696  16.409  -99.927  -32.442 0.0000000000
107697  15.871  -100.141  -32.676 0.0000000000
114527  23.536  -79.059  -23.179 0.0000000000
114528  23.644  -79.071  -22.674 0.0000000000
114529  23.483  -78.420  -22.943 0.0000000000
114530  23.423  -77.779  -22.712 0.0000000000
114531  23.358  -77.138  -22.485 0.0000000000
114594  23.539  -100.448  -23.756 0.0000000000
114595  23.846  -99.981  -23.467 0.0000000000
114596  23.526  -99.996  -24.159 0.0000000000
114597  23.501  -99.528  -24.551 0.0000000000
114598  23.465  -99.045  -24.934 0.0000000000
114599  22.254  -97.802  -27.588 0.0000000000
114600  22.642  -97.904  -26.956 0.0000000000
114601  22.570  -97.355  -27.292 0.0000000000
114602  22.866  -96.892  -26.995 0.0000000000
114603  23.140  -96.415  -26.697 0.0000000000
114604  23.393  -95.924  -26.399 0.0000000000
114605  23.047  -95.846  -27.022 0.0000000000
114606  22.945  -95.262  -27.338 0.0000000000
114607  22.835  -94.663  -27.645 0.0000000000
114609  19.089  -96.399  -31.761 0.0000000000
114611  19.398  -95.395  -31.744 0.0000000000
114612  19.780  -95.017  -31.451 0.0000000000
114615  20.551  -92.435  -31.057 0.0000000000
114616  20.989  -92.678  -30.509 0.0000000000
114617  21.412  -92.898  -29.953 0.0000000000
114618  21.821  -93.096  -29.387 0.0000000000
114619  21.683  -92.431  -29.650 0.0000000000
114620  21.934  -91.951  -29.347 0.0000000000
114621  22.167  -91.458  -29.044 0.0000000000
114622  22.380  -90.951  -28.741 0.0000000000
114623  22.013  -90.776  -29.298 0.0000000000
114624  21.853  -90.081  -29.543 0.0000000000
114625  21.687  -89.373  -29.781 0.0000000000
115982  25.668  -96.637  -20.342 0.0000000000
115984  25.513  -97.211  -20.625 0.0000000000
115985  25.464  -96.759  -21.035 0.0000000000
115986  25.244  -96.862  -21.724 0.0000000000
115987  25.006  -96.943  -22.408 0.0000000000
115988  24.752  -97.003  -23.086 0.0000000000
116611  11.819  -106.545  -27.430 0.0000000000
116612  11.299  -106.301  -28.042 0.0000000000
116615  10.767  -106.033  -28.641 0.0000000000
118383  22.928  -81.921  -26.503 0.0000000000
118384  22.961  -81.314  -26.232 0.0000000000
118385  22.747  -81.196  -26.742 0.0000000000
118386  22.563  -80.460  -26.975 0.0000000000
118387  22.376  -79.715  -27.203 0.0000000000
118388  22.081  -80.143  -27.966 0.0000000000
118389  22.139  -79.553  -27.695 0.0000000000
118390  22.185  -78.958  -27.427 0.0000000000
118391  21.991  -78.192  -27.648 0.0000000000
120900  25.797  -86.829  -17.607 0.0000000000
120901  25.736  -87.008  -18.201 0.0000000000
120902  25.664  -87.172  -18.795 0.0000000000
120903  25.448  -91.912  -21.803 0.0000000000
120904  25.499  -91.292  -21.528 0.0000000000
120905  25.328  -91.379  -22.155 0.0000000000
120906  25.200  -90.835  -22.500 0.0000000000
120907  25.064  -90.278  -22.835 0.0000000000
120908  24.805  -90.927  -23.729 0.0000000000
120909  24.872  -90.322  -23.443 0.0000000000
120910  24.922  -89.709  -23.162 0.0000000000
120911  24.773  -89.128  -23.480 0.0000000000
120912  24.619  -88.535  -23.790 0.0000000000
120913  24.459  -87.929  -24.091 0.0000000000
120914  24.296  -87.309  -24.385 0.0000000000
120915  24.255  -87.921  -24.668 0.0000000000
120916  24.035  -87.893  -25.241 0.0000000000
120917  23.801  -87.843  -25.811 0.0000000000
120918  23.884  -89.079  -25.825 0.0000000000
120919  23.719  -88.432  -26.104 0.0000000000
120920  23.550  -87.772  -26.376 0.0000000000
120921  23.284  -87.679  -26.935 0.0000000000
120922  23.002  -87.565  -27.488 0.0000000000
120923  22.703  -87.429  -28.035 0.0000000000
122785  21.101  -104.024  -24.140 0.0000000000
122786  20.700  -103.980  -24.842 0.0000000000
122788  20.216  -104.284  -25.098 0.0000000000
122789  20.283  -103.913  -25.534 0.0000000000
122790  19.849  -103.823  -26.217 0.0000000000
122791  19.401  -103.709  -26.889 0.0000000000
122792  18.937  -103.570  -27.552 0.0000000000
122793  13.899  -104.355  -30.308 0.0000000000
122794  14.517  -104.256  -30.126 0.0000000000
122795  13.966  -103.960  -30.724 0.0000000000
122796  14.024  -103.545  -31.129 0.0000000000
122797  14.072  -103.110  -31.525 0.0000000000
122798  12.882  -102.854  -32.268 0.0000000000
122799  13.502  -102.766  -32.094 0.0000000000
122800  14.110  -102.657  -31.909 0.0000000000
122801  14.140  -102.187  -32.281 0.0000000000
122802  14.160  -101.698  -32.641 0.0000000000
122803  14.173  -101.191  -32.989 0.0000000000
128111  24.400  -80.701  -19.747 0.0000000000
128112  24.308  -80.046  -19.543 0.0000000000
128117  22.864  -76.337  -24.208 0.0000000000
128118  22.987  -76.400  -23.722 0.0000000000
128119  22.821  -75.704  -23.974 0.0000000000
128120  22.774  -75.068  -23.744 0.0000000000
128121  22.727  -74.431  -23.518 0.0000000000
128169  22.094  -100.313  -26.465 0.0000000000
128170  22.457  -99.897  -26.179 0.0000000000
128171  22.065  -99.816  -26.834 0.0000000000
128172  22.025  -99.304  -27.193 0.0000000000
128173  21.976  -98.776  -27.542 0.0000000000
128174  21.182  -99.046  -28.461 0.0000000000
128175  21.559  -98.647  -28.172 0.0000000000
128176  21.917  -98.233  -27.881 0.0000000000
128177  21.849  -97.674  -28.210 0.0000000000
128178  21.771  -97.100  -28.530 0.0000000000
128179  21.685  -96.511  -28.841 0.0000000000
130758  26.015  -92.043  -19.508 0.0000000000
130759  25.878  -92.191  -20.154 0.0000000000
130760  25.727  -92.321  -20.798 0.0000000000
130764  25.668  -95.127  -20.865 0.0000000000
130765  25.771  -94.527  -20.584 0.0000000000
130766  25.857  -93.919  -20.308 0.0000000000
130767  25.766  -93.436  -20.694 0.0000000000
130768  25.667  -92.941  -21.072 0.0000000000
130769  25.561  -92.433  -21.441 0.0000000000
130770  25.381  -92.525  -22.082 0.0000000000
130771  25.185  -92.598  -22.719 0.0000000000
130772  24.973  -92.651  -23.352 0.0000000000
130773  24.973  -93.781  -23.298 0.0000000000
130774  24.863  -93.238  -23.644 0.0000000000
130775  24.745  -92.683  -23.981 0.0000000000
130776  24.500  -92.694  -24.604 0.0000000000
130777  24.239  -92.683  -25.222 0.0000000000
130778  23.962  -92.650  -25.833 0.0000000000
132464  16.396  -105.827  -26.716 0.0000000000
132466  15.795  -105.963  -26.916 0.0000000000
132467  15.907  -105.659  -27.373 0.0000000000
132468  15.405  -105.465  -28.018 0.0000000000
132469  14.889  -105.246  -28.651 0.0000000000
132470  14.361  -105.001  -29.273 0.0000000000
132473  13.408  -106.019  -28.091 0.0000000000
132474  12.227  -105.797  -28.857 0.0000000000
132475  12.881  -105.774  -28.710 0.0000000000
132476  13.527  -105.729  -28.552 0.0000000000
132477  13.635  -105.418  -29.005 0.0000000000
132478  13.733  -105.084  -29.448 0.0000000000
132479  13.821  -104.730  -29.882 0.0000000000
132480  13.270  -104.433  -30.479 0.0000000000
132481  12.709  -104.111  -31.062 0.0000000000
132482  12.138  -103.764  -31.631 0.0000000000
132483  11.416  -104.180  -31.355 0.0000000000
132484  11.492  -103.796  -31.775 0.0000000000
132485  11.558  -103.392  -32.185 0.0000000000
132486  10.970  -102.996  -32.723 0.0000000000
137277  24.220  -82.249  -22.299 0.0000000000
137278  24.171  -81.604  -22.062 0.0000000000
137279  24.064  -81.628  -22.588 0.0000000000
137280  23.907  -80.995  -22.872 0.0000000000
137281  23.746  -80.351  -23.148 0.0000000000
137282  23.652  -80.967  -23.910 0.0000000000
137283  23.622  -80.333  -23.662 0.0000000000
137284  23.583  -79.697  -23.418 0.0000000000
137285  23.417  -79.031  -23.683 0.0000000000
137286  23.248  -78.355  -23.942 0.0000000000
137287  23.077  -77.667  -24.196 0.0000000000
137288  22.983  -80.703  -25.965 0.0000000000
137289  22.994  -80.088  -25.702 0.0000000000
137290  22.994  -79.470  -25.443 0.0000000000
137291  22.631  -78.640  -26.182 0.0000000000
137292  22.815  -78.753  -25.686 0.0000000000
137293  22.984  -78.849  -25.188 0.0000000000
137294  22.966  -78.224  -24.937 0.0000000000
137295  22.938  -77.598  -24.690 0.0000000000
137296  22.904  -76.968  -24.447 0.0000000000
137297  22.730  -76.258  -24.694 0.0000000000
137298  22.554  -75.537  -24.937 0.0000000000
137299  22.378  -74.804  -25.178 0.0000000000
137300  22.240  -75.305  -25.896 0.0000000000
137301  22.223  -74.684  -25.653 0.0000000000
137302  22.201  -74.061  -25.415 0.0000000000
137303  22.025  -73.306  -25.650 0.0000000000
137304  21.847  -72.542  -25.882 0.0000000000
137334  18.408  -98.875  -31.431 0.0000000000
137335  18.868  -98.565  -31.161 0.0000000000
137336  18.355  -98.287  -31.737 0.0000000000
137337  18.294  -97.683  -32.033 0.0000000000
137338  18.225  -97.064  -32.318 0.0000000000
143880  25.532  -84.839  -16.987 0.0000000000
143886  24.871  -82.199  -18.230 0.0000000000
143887  24.828  -82.336  -18.770 0.0000000000
143888  24.777  -82.460  -19.309 0.0000000000
143889  25.010  -83.653  -19.186 0.0000000000
143890  24.864  -83.117  -19.521 0.0000000000
143891  24.717  -82.569  -19.848 0.0000000000
143892  24.647  -82.664  -20.387 0.0000000000
143893  24.567  -82.744  -20.926 0.0000000000
143894  24.477  -82.809  -21.465 0.0000000000
143897  26.096  -89.279  -17.893 0.0000000000
143898  26.034  -90.113  -18.754 0.0000000000
143899  26.012  -89.461  -18.514 0.0000000000
143900  25.976  -88.807  -18.279 0.0000000000
143901  25.850  -88.323  -18.657 0.0000000000
143902  25.718  -87.828  -19.027 0.0000000000
143903  25.581  -87.322  -19.389 0.0000000000
143904  25.533  -90.665  -21.258 0.0000000000
143905  25.552  -90.032  -20.992 0.0000000000
143906  25.556  -89.394  -20.732 0.0000000000
143907  25.280  -88.956  -21.685 0.0000000000
143908  25.420  -88.862  -21.082 0.0000000000
143909  25.546  -88.752  -20.477 0.0000000000
143910  25.523  -88.106  -20.227 0.0000000000
143911  25.487  -87.456  -19.982 0.0000000000
143912  25.440  -86.804  -19.743 0.0000000000
143913  25.294  -86.275  -20.089 0.0000000000
143914  25.145  -85.735  -20.427 0.0000000000
143915  24.993  -85.183  -20.756 0.0000000000
143916  24.928  -85.914  -21.568 0.0000000000
143917  24.888  -85.268  -21.320 0.0000000000
143918  24.839  -84.619  -21.078 0.0000000000
143919  24.685  -84.044  -21.393 0.0000000000
143920  24.530  -83.458  -21.701 0.0000000000
143921  24.375  -82.859  -22.003 0.0000000000
143922  24.262  -82.893  -22.541 0.0000000000
143923  24.136  -82.910  -23.078 0.0000000000
143924  23.999  -82.909  -23.613 0.0000000000
143925  24.174  -84.181  -23.588 0.0000000000
143926  24.011  -83.542  -23.871 0.0000000000
143927  23.848  -82.891  -24.148 0.0000000000
143928  23.684  -82.855  -24.680 0.0000000000
143929  23.505  -82.800  -25.210 0.0000000000
143930  23.313  -82.727  -25.736 0.0000000000
143931  24.130  -86.677  -24.671 0.0000000000
143932  23.962  -86.033  -24.951 0.0000000000
143933  23.792  -85.376  -25.225 0.0000000000
143934  23.525  -85.917  -26.057 0.0000000000
143935  23.580  -85.315  -25.772 0.0000000000
143936  23.623  -84.708  -25.492 0.0000000000
143937  23.452  -84.028  -25.754 0.0000000000
143938  23.279  -83.337  -26.009 0.0000000000
143939  23.105  -82.635  -26.259 0.0000000000
143940  22.882  -82.523  -26.778 0.0000000000
143941  22.643  -82.392  -27.292 0.0000000000
143942  22.389  -82.241  -27.800 0.0000000000
143943  22.489  -83.564  -27.856 0.0000000000
143944  22.305  -82.823  -28.082 0.0000000000
148766  23.855  -100.849  -22.636 0.0000000000
148767  23.513  -101.710  -22.491 0.0000000000
148768  23.534  -101.305  -22.922 0.0000000000
148769  23.542  -100.884  -23.344 0.0000000000
148770  23.211  -100.897  -24.043 0.0000000000
148771  22.863  -100.887  -24.733 0.0000000000
148772  22.496  -100.852  -25.414 0.0000000000
148774  22.037  -102.948  -24.043 0.0000000000
148775  22.075  -102.550  -24.470 0.0000000000
148776  21.258  -102.869  -25.433 0.0000000000
148777  21.690  -102.512  -25.163 0.0000000000
148778  22.101  -102.136  -24.888 0.0000000000
148779  22.116  -101.706  -25.297 0.0000000000
148780  22.120  -101.258  -25.696 0.0000000000
148781  22.112  -100.794  -26.085 0.0000000000
148782  21.710  -100.711  -26.748 0.0000000000
148783  21.291  -100.604  -27.401 0.0000000000
148784  20.855  -100.472  -28.046 0.0000000000
148785  20.439  -101.319  -27.953 0.0000000000
148786  20.426  -100.826  -28.322 0.0000000000
148787  20.403  -100.316  -28.681 0.0000000000
148788  19.936  -100.136  -29.306 0.0000000000
148789  19.454  -99.931  -29.920 0.0000000000
148790  18.959  -99.701  -30.523 0.0000000000
148792  18.121  -105.292  -26.064 0.0000000000
148793  18.212  -104.954  -26.510 0.0000000000
148794  17.177  -105.008  -27.399 0.0000000000
148795  17.741  -104.812  -27.176 0.0000000000
148796  18.290  -104.596  -26.947 0.0000000000
148797  18.358  -104.219  -27.375 0.0000000000
148798  18.414  -103.822  -27.794 0.0000000000
148799  18.460  -103.407  -28.205 0.0000000000
148800  15.124  -104.136  -29.934 0.0000000000
148801  15.720  -103.994  -29.733 0.0000000000
148802  16.302  -103.832  -29.524 0.0000000000
148803  15.813  -103.139  -30.536 0.0000000000
148804  16.348  -103.407  -29.927 0.0000000000
148805  16.871  -103.648  -29.306 0.0000000000
148806  17.426  -103.444  -29.080 0.0000000000
148807  17.968  -103.219  -28.847 0.0000000000
148808  18.494  -102.974  -28.605 0.0000000000
148809  18.518  -102.522  -28.996 0.0000000000
148810  18.532  -102.053  -29.376 0.0000000000
148811  18.535  -101.566  -29.745 0.0000000000
148812  17.509  -101.582  -30.604 0.0000000000
148813  18.027  -101.332  -30.357 0.0000000000
148814  18.529  -101.062  -30.103 0.0000000000
148815  18.512  -100.540  -30.451 0.0000000000
148816  18.487  -100.002  -30.788 0.0000000000
148817  18.452  -99.447  -31.114 0.0000000000
148818  17.931  -99.166  -31.695 0.0000000000
148819  17.399  -98.861  -32.262 0.0000000000
162493  24.114  -80.957  -21.829 0.0000000000
162494  24.050  -80.310  -21.602 0.0000000000
162495  23.979  -79.662  -21.379 0.0000000000
162496  23.741  -79.067  -22.169 0.0000000000
162497  23.827  -79.048  -21.664 0.0000000000
162498  23.902  -79.014  -21.160 0.0000000000
162499  23.820  -78.365  -20.945 0.0000000000
162500  23.734  -77.717  -20.735 0.0000000000
162502  23.099  -76.447  -23.235 0.0000000000
162503  23.200  -76.478  -22.749 0.0000000000
162504  23.291  -76.494  -22.263 0.0000000000
162505  23.073  -75.193  -22.310 0.0000000000
162506  23.222  -75.850  -22.046 0.0000000000
162507  23.371  -76.496  -21.778 0.0000000000
162508  23.442  -76.484  -21.294 0.0000000000
162628  24.701  -99.805  -21.346 0.0000000000
162629  24.691  -99.380  -21.771 0.0000000000
162630  24.670  -98.940  -22.188 0.0000000000
162631  24.131  -99.498  -23.177 0.0000000000
162632  24.395  -99.000  -22.886 0.0000000000
162633  24.638  -98.486  -22.595 0.0000000000
162634  24.596  -98.018  -22.992 0.0000000000
162635  24.543  -97.537  -23.380 0.0000000000
162636  24.480  -97.042  -23.757 0.0000000000
162637  22.799  -99.464  -25.890 0.0000000000
162638  23.120  -99.014  -25.599 0.0000000000
162639  23.419  -98.548  -25.306 0.0000000000
162640  23.012  -97.983  -26.317 0.0000000000
162641  23.364  -98.036  -25.668 0.0000000000
162642  23.698  -98.066  -25.012 0.0000000000
162643  23.955  -97.569  -24.716 0.0000000000
162644  24.192  -97.058  -24.420 0.0000000000
162645  24.408  -96.534  -24.124 0.0000000000
162646  24.326  -96.013  -24.482 0.0000000000
162647  24.236  -95.478  -24.830 0.0000000000
162648  24.138  -94.929  -25.169 0.0000000000
162649  23.626  -95.418  -26.099 0.0000000000
162650  23.839  -94.899  -25.799 0.0000000000
162651  24.032  -94.366  -25.499 0.0000000000
162652  23.919  -93.789  -25.820 0.0000000000
162653  23.797  -93.198  -26.134 0.0000000000
162654  23.667  -92.593  -26.439 0.0000000000
162655  19.311  -98.236  -30.886 0.0000000000
162656  19.737  -97.890  -30.604 0.0000000000
162657  20.145  -97.527  -30.318 0.0000000000
162658  19.584  -96.673  -31.195 0.0000000000
162659  20.066  -96.922  -30.617 0.0000000000
162660  20.534  -97.146  -30.028 0.0000000000
162661  20.905  -96.749  -29.736 0.0000000000
162662  21.257  -96.336  -29.440 0.0000000000
162663  21.589  -95.908  -29.143 0.0000000000
162666  20.144  -94.623  -31.156 0.0000000000
162667  20.366  -93.545  -31.112 0.0000000000
162668  20.489  -94.214  -30.857 0.0000000000
162669  20.605  -94.869  -30.592 0.0000000000
162670  21.052  -95.091  -30.018 0.0000000000
162671  21.484  -95.290  -29.435 0.0000000000
162672  21.901  -95.465  -28.844 0.0000000000
162673  22.192  -95.007  -28.545 0.0000000000
162674  22.464  -94.536  -28.244 0.0000000000
162675  22.716  -94.050  -27.943 0.0000000000
162676  22.213  -93.271  -28.814 0.0000000000
162677  22.589  -93.423  -28.232 0.0000000000
162678  22.948  -93.551  -27.641 0.0000000000
162679  23.161  -93.038  -27.339 0.0000000000
162680  23.355  -92.512  -27.037 0.0000000000
162681  23.529  -91.973  -26.735 0.0000000000
162682  23.384  -91.340  -27.023 0.0000000000
162683  23.232  -90.694  -27.302 0.0000000000
162684  23.073  -90.035  -27.572 0.0000000000
162685  22.575  -90.433  -28.439 0.0000000000
162686  22.751  -89.903  -28.137 0.0000000000
162687  22.909  -89.362  -27.835 0.0000000000
162688  22.740  -88.677  -28.089 0.0000000000
162689  22.566  -87.980  -28.335 0.0000000000
162690  22.389  -87.271  -28.574 0.0000000000
162697  21.894  -87.622  -29.407 0.0000000000
162698  22.059  -87.091  -29.106 0.0000000000
162699  22.208  -86.550  -28.805 0.0000000000
