#!ascii label  , from subject fsaverage vox2ras=TkReg
339
365  -11.054  26.511  47.257 0.0000000000
380  2.573  25.234  56.497 0.0000000000
845  -8.432  17.976  51.807 0.0000000000
846  -11.492  20.859  48.652 0.0000000000
847  -8.031  23.533  50.454 0.0000000000
849  -4.357  26.164  51.982 0.0000000000
1845  3.235  31.639  54.449 0.0000000000
2766  -8.255  20.718  51.157 0.0000000000
2767  -6.475  21.986  52.009 0.0000000000
2768  -6.216  24.851  51.255 0.0000000000
2769  -4.648  23.242  52.800 0.0000000000
3973  -11.301  23.653  47.977 0.0000000000
3974  -12.975  22.252  47.003 0.0000000000
3975  -12.770  25.069  46.321 0.0000000000
4056  4.777  29.780  56.150 0.0000000000
6129  -9.975  19.436  50.250 0.0000000000
6130  -9.793  22.203  49.586 0.0000000000
6131  -9.559  25.039  48.874 0.0000000000
6132  -9.280  27.941  48.106 0.0000000000
6133  -7.763  26.416  49.693 0.0000000000
6178  0.682  23.992  55.803 0.0000000000
10447  -5.690  21.194  52.777 0.0000000000
10448  -5.567  22.615  52.412 0.0000000000
10449  -4.779  21.807  53.179 0.0000000000
11653  -11.184  25.075  47.622 0.0000000000
11654  -12.041  24.366  47.154 0.0000000000
11655  -11.920  25.792  46.799 0.0000000000
11656  -12.644  26.499  45.966 0.0000000000
11657  -11.784  27.232  46.434 0.0000000000
11658  -11.635  28.686  46.054 0.0000000000
11659  -10.910  27.961  46.879 0.0000000000
14050  -9.275  17.367  51.347 0.0000000000
14051  -10.044  18.084  50.568 0.0000000000
14052  -9.206  18.711  51.034 0.0000000000
14053  -8.149  22.117  50.812 0.0000000000
14054  -9.028  21.465  50.375 0.0000000000
14055  -8.919  22.869  50.028 0.0000000000
14056  -9.681  23.612  49.236 0.0000000000
14057  -8.798  24.290  49.668 0.0000000000
14058  -8.667  25.729  49.293 0.0000000000
14059  -7.902  24.966  50.082 0.0000000000
14060  -5.292  25.507  51.628 0.0000000000
14061  -6.071  26.309  50.851 0.0000000000
14063  -4.974  28.472  50.765 0.0000000000
14133  -1.993  23.645  54.310 0.0000000000
17676  -13.699  22.936  46.160 0.0000000000
17677  -13.780  21.549  46.491 0.0000000000
17696  -9.122  29.416  47.699 0.0000000000
17927  4.182  32.378  54.745 0.0000000000
17928  5.554  28.826  57.007 0.0000000000
23407  -7.571  18.584  52.258 0.0000000000
23408  -8.350  19.336  51.488 0.0000000000
23409  -7.477  19.959  51.931 0.0000000000
23410  -7.372  21.354  51.590 0.0000000000
23411  -7.256  22.765  51.235 0.0000000000
23412  -7.130  24.193  50.864 0.0000000000
23413  -6.351  23.410  51.641 0.0000000000
23414  -5.435  24.052  52.030 0.0000000000
23415  -4.508  24.694  52.401 0.0000000000
25581  -11.403  22.247  48.320 0.0000000000
25582  -12.238  21.559  47.834 0.0000000000
25583  -12.147  22.954  47.499 0.0000000000
25584  -12.881  23.653  46.666 0.0000000000
25585  -13.601  24.341  45.822 0.0000000000
29655  -10.862  17.458  50.092 0.0000000000
29656  -10.808  18.792  49.777 0.0000000000
29657  -10.737  20.152  49.457 0.0000000000
29658  -9.124  20.078  50.710 0.0000000000
29659  -9.891  20.810  49.923 0.0000000000
29660  -10.651  21.532  49.127 0.0000000000
29661  -10.550  22.932  48.787 0.0000000000
29662  -10.437  24.347  48.435 0.0000000000
29663  -10.311  25.780  48.070 0.0000000000
29664  -10.173  27.227  47.692 0.0000000000
29665  -9.425  26.483  48.497 0.0000000000
29666  -8.526  27.184  48.903 0.0000000000
29668  -6.993  25.639  50.477 0.0000000000
29669  -6.844  27.102  50.072 0.0000000000
29671  -5.747  29.281  49.988 0.0000000000
29775  0.835  25.517  55.347 0.0000000000
29776  1.627  24.608  56.152 0.0000000000
32184  -8.501  16.640  52.117 0.0000000000
32187  -7.654  17.231  52.572 0.0000000000
34483  -13.052  20.871  47.332 0.0000000000
34507  -10.023  28.689  47.301 0.0000000000
34793  4.948  31.445  55.605 0.0000000000
42373  -11.120  25.791  47.441 0.0000000000
42374  -11.554  25.435  47.212 0.0000000000
42375  -11.489  26.152  47.031 0.0000000000
42376  -11.854  26.510  46.618 0.0000000000
42377  -11.421  26.873  46.846 0.0000000000
42378  -11.349  27.597  46.659 0.0000000000
42379  -10.984  27.234  47.070 0.0000000000
42453  2.177  25.697  56.089 0.0000000000
42457  3.045  25.551  56.669 0.0000000000
44770  -8.856  17.671  51.579 0.0000000000
44771  -9.242  18.035  51.192 0.0000000000
44772  -8.820  18.344  51.422 0.0000000000
44773  -8.091  22.823  50.635 0.0000000000
44774  -8.535  22.494  50.421 0.0000000000
44775  -8.477  23.201  50.243 0.0000000000
44776  -8.860  23.578  49.850 0.0000000000
44777  -8.416  23.913  50.062 0.0000000000
44778  -8.352  24.628  49.877 0.0000000000
44779  -7.968  24.247  50.270 0.0000000000
44780  -4.826  25.835  51.807 0.0000000000
44853  -1.597  23.213  54.698 0.0000000000
44854  -1.524  23.953  54.488 0.0000000000
48393  -11.530  20.173  48.814 0.0000000000
48395  -11.905  20.522  48.407 0.0000000000
48396  -14.056  23.274  45.733 0.0000000000
48397  -14.100  22.577  45.900 0.0000000000
48646  3.800  32.839  54.318 0.0000000000
48647  3.709  32.007  54.597 0.0000000000
54370  -7.135  18.887  52.479 0.0000000000
54371  -7.526  19.269  52.096 0.0000000000
54375  -6.925  21.670  51.801 0.0000000000
54376  -7.315  22.057  51.414 0.0000000000
54377  -6.866  22.377  51.622 0.0000000000
54378  -6.805  23.087  51.440 0.0000000000
54379  -6.415  22.695  51.827 0.0000000000
54380  -5.109  22.928  52.608 0.0000000000
54381  -5.502  23.331  52.223 0.0000000000
54382  -5.042  23.648  52.415 0.0000000000
54383  -4.972  24.373  52.218 0.0000000000
54384  -4.579  23.966  52.603 0.0000000000
57993  -11.354  22.948  48.150 0.0000000000
57994  -11.777  22.601  47.911 0.0000000000
57995  -11.726  23.304  47.741 0.0000000000
57996  -12.408  24.719  46.739 0.0000000000
57997  -12.464  24.010  46.913 0.0000000000
57998  -12.828  24.359  46.495 0.0000000000
57999  -13.243  23.998  46.246 0.0000000000
58000  -13.188  24.706  46.074 0.0000000000
58001  -13.545  25.049  45.650 0.0000000000
58003  -12.574  27.219  45.784 0.0000000000
58010  -11.196  29.057  46.273 0.0000000000
65186  -10.882  16.801  50.247 0.0000000000
65187  -10.480  17.109  50.487 0.0000000000
65188  -10.012  18.757  50.410 0.0000000000
65189  -10.427  18.439  50.174 0.0000000000
65190  -10.394  19.114  50.015 0.0000000000
65191  -10.775  19.469  49.618 0.0000000000
65192  -10.357  19.795  49.855 0.0000000000
65193  -8.304  20.025  51.324 0.0000000000
65194  -8.738  19.709  51.100 0.0000000000
65195  -8.692  20.398  50.935 0.0000000000
65196  -9.411  21.835  49.982 0.0000000000
65197  -9.461  21.138  50.151 0.0000000000
65198  -9.843  21.504  49.756 0.0000000000
65199  -10.272  21.172  49.527 0.0000000000
65200  -10.224  21.868  49.359 0.0000000000
65201  -10.602  22.230  48.959 0.0000000000
65202  -10.172  22.568  49.188 0.0000000000
65203  -9.621  24.324  49.057 0.0000000000
65204  -10.060  23.981  48.837 0.0000000000
65205  -9.999  24.694  48.656 0.0000000000
65206  -10.375  25.062  48.254 0.0000000000
65207  -9.936  25.410  48.473 0.0000000000
65208  -9.870  26.131  48.286 0.0000000000
65209  -9.493  25.759  48.687 0.0000000000
65210  -8.217  26.073  49.496 0.0000000000
65211  -8.598  26.454  49.100 0.0000000000
65212  -8.145  26.801  49.299 0.0000000000
65213  -8.071  27.534  49.098 0.0000000000
65214  -7.689  27.148  49.492 0.0000000000
65215  -6.675  24.522  51.062 0.0000000000
65216  -7.063  24.914  50.673 0.0000000000
65217  -6.605  25.246  50.867 0.0000000000
65219  -6.458  26.707  50.462 0.0000000000
65450  0.758  24.752  55.578 0.0000000000
65451  1.231  25.065  55.749 0.0000000000
65452  1.155  24.299  55.978 0.0000000000
70620  -7.301  16.190  53.103 0.0000000000
70621  -7.691  16.564  52.725 0.0000000000
70622  -7.264  16.854  52.951 0.0000000000
70623  -7.224  17.526  52.797 0.0000000000
70624  -6.833  17.145  53.175 0.0000000000
76064  -14.175  21.200  46.229 0.0000000000
76065  -13.814  20.865  46.654 0.0000000000
76120  -9.728  27.584  47.902 0.0000000000
76121  -10.100  27.956  47.499 0.0000000000
76122  -9.653  28.316  47.705 0.0000000000
76823  4.391  30.251  55.723 0.0000000000
76824  4.477  31.079  55.451 0.0000000000
76825  4.862  30.610  55.880 0.0000000000
92532  -6.023  22.301  52.212 0.0000000000
92533  -5.630  21.902  52.597 0.0000000000
92534  -5.173  22.213  52.796 0.0000000000
92535  -4.714  22.522  52.992 0.0000000000
94701  -11.244  24.362  47.801 0.0000000000
94702  -11.672  24.010  47.567 0.0000000000
94703  -11.615  24.721  47.391 0.0000000000
94704  -11.983  25.077  46.978 0.0000000000
94705  -12.348  25.431  46.563 0.0000000000
94706  -12.709  25.782  46.144 0.0000000000
94707  -12.284  26.147  46.384 0.0000000000
94708  -12.216  26.866  46.203 0.0000000000
94709  -12.145  27.588  46.018 0.0000000000
94711  -11.711  27.957  46.246 0.0000000000
94712  -11.274  28.325  46.468 0.0000000000
94713  -10.834  28.692  46.684 0.0000000000
94855  3.988  26.194  57.013 0.0000000000
99016  -9.688  17.062  51.114 0.0000000000
99017  -10.073  17.417  50.724 0.0000000000
99018  -9.660  17.726  50.959 0.0000000000
99019  -9.628  18.397  50.802 0.0000000000
99020  -9.592  19.074  50.643 0.0000000000
99021  -8.204  21.415  50.986 0.0000000000
99022  -8.642  21.093  50.767 0.0000000000
99023  -8.590  21.792  50.595 0.0000000000
99024  -8.975  22.165  50.203 0.0000000000
99025  -9.358  22.537  49.809 0.0000000000
99026  -9.739  22.906  49.413 0.0000000000
99027  -9.301  23.242  49.633 0.0000000000
99028  -9.242  23.952  49.454 0.0000000000
99029  -9.179  24.666  49.272 0.0000000000
99030  -9.115  25.384  49.086 0.0000000000
99031  -8.734  25.008  49.482 0.0000000000
99032  -8.286  25.349  49.688 0.0000000000
99033  -7.834  25.689  49.890 0.0000000000
99034  -5.755  25.179  51.444 0.0000000000
99035  -6.145  25.578  51.056 0.0000000000
99036  -5.682  25.910  51.240 0.0000000000
99037  -5.605  26.645  51.031 0.0000000000
99039  -5.445  28.129  50.599 0.0000000000
99170  -1.449  24.698  54.272 0.0000000000
102279  -6.441  16.761  53.551 0.0000000000
105537  -11.595  18.818  49.134 0.0000000000
105542  -13.339  22.595  46.583 0.0000000000
105544  -13.742  22.240  46.326 0.0000000000
105577  -8.828  28.298  48.305 0.0000000000
105578  -9.203  28.677  47.905 0.0000000000
105987  1.901  31.366  53.737 0.0000000000
105997  4.654  32.752  54.893 0.0000000000
105998  5.165  29.305  56.578 0.0000000000
116053  -8.004  18.280  52.034 0.0000000000
116054  -8.393  18.653  51.649 0.0000000000
116055  -7.961  18.961  51.874 0.0000000000
116056  -7.916  19.648  51.711 0.0000000000
116057  -7.867  20.340  51.545 0.0000000000
116058  -7.035  20.270  52.147 0.0000000000
116059  -7.426  20.654  51.762 0.0000000000
116060  -7.816  21.036  51.375 0.0000000000
116061  -7.761  21.737  51.202 0.0000000000
116062  -7.704  22.441  51.025 0.0000000000
116063  -7.644  23.150  50.845 0.0000000000
116064  -7.582  23.863  50.662 0.0000000000
116065  -7.194  23.477  51.051 0.0000000000
116066  -6.741  23.803  51.253 0.0000000000
116067  -6.285  24.128  51.450 0.0000000000
116068  -5.960  23.014  52.027 0.0000000000
116069  -5.894  23.731  51.837 0.0000000000
116070  -5.826  24.453  51.643 0.0000000000
116071  -5.364  24.777  51.831 0.0000000000
116072  -4.900  25.102  52.015 0.0000000000
116073  -4.434  25.427  52.194 0.0000000000
116167  -3.966  25.752  52.369 0.0000000000
116170  -3.253  24.183  53.355 0.0000000000
121125  -11.449  21.550  48.487 0.0000000000
121126  -11.866  21.210  48.244 0.0000000000
121127  -11.823  21.903  48.079 0.0000000000
121128  -12.195  22.254  47.668 0.0000000000
121129  -12.564  22.603  47.253 0.0000000000
121130  -12.096  23.658  47.328 0.0000000000
121131  -12.516  23.304  47.084 0.0000000000
121132  -12.930  22.950  46.836 0.0000000000
121133  -13.293  23.294  46.415 0.0000000000
121134  -13.652  23.636  45.992 0.0000000000
121486  4.695  28.956  56.416 0.0000000000
121487  5.084  28.481  56.842 0.0000000000
130954  -11.262  17.146  49.850 0.0000000000
130955  -11.242  17.805  49.694 0.0000000000
130956  -10.455  17.770  50.331 0.0000000000
130957  -10.837  18.122  49.935 0.0000000000
130958  -11.217  18.471  49.536 0.0000000000
130959  -11.187  19.143  49.378 0.0000000000
130960  -11.153  19.822  49.217 0.0000000000
130961  -11.115  20.506  49.056 0.0000000000
130962  -8.780  19.024  51.262 0.0000000000
130963  -9.167  19.392  50.873 0.0000000000
130964  -9.552  19.757  50.482 0.0000000000
130965  -9.077  20.770  50.544 0.0000000000
130966  -9.508  20.445  50.318 0.0000000000
130967  -9.935  20.120  50.088 0.0000000000
130968  -10.316  20.481  49.692 0.0000000000
130969  -10.696  20.839  49.293 0.0000000000
130970  -11.074  21.196  48.892 0.0000000000
130971  -11.028  21.891  48.725 0.0000000000
130972  -10.979  22.590  48.556 0.0000000000
130973  -10.926  23.293  48.384 0.0000000000
130974  -10.118  23.272  49.014 0.0000000000
130975  -10.495  23.637  48.613 0.0000000000
130976  -10.871  24.001  48.208 0.0000000000
130977  -10.812  24.712  48.030 0.0000000000
130978  -10.749  25.427  47.849 0.0000000000
130979  -10.684  26.147  47.664 0.0000000000
130980  -10.615  26.869  47.477 0.0000000000
130981  -10.244  26.502  47.883 0.0000000000
130982  -9.800  26.856  48.096 0.0000000000
130983  -9.354  27.210  48.304 0.0000000000
130984  -9.047  26.107  48.896 0.0000000000
130985  -8.977  26.833  48.703 0.0000000000
130986  -8.904  27.564  48.506 0.0000000000
130987  -8.451  27.917  48.702 0.0000000000
130988  -7.993  28.270  48.893 0.0000000000
130990  -7.517  24.581  50.474 0.0000000000
130991  -7.449  25.303  50.282 0.0000000000
130992  -7.378  26.029  50.086 0.0000000000
130993  -6.533  25.974  50.667 0.0000000000
130994  -6.920  26.368  50.277 0.0000000000
130995  -7.305  26.759  49.885 0.0000000000
130996  -7.229  27.494  49.680 0.0000000000
131288  1.308  25.835  55.515 0.0000000000
131289  1.704  25.380  55.920 0.0000000000
131290  2.100  24.920  56.325 0.0000000000
137824  -9.303  16.705  51.501 0.0000000000
137825  -8.888  17.005  51.733 0.0000000000
137826  -8.468  17.304  51.963 0.0000000000
137833  -8.113  16.273  52.498 0.0000000000
137834  -8.080  16.935  52.345 0.0000000000
137835  -8.044  17.604  52.191 0.0000000000
137836  -7.614  17.904  52.416 0.0000000000
137837  -7.181  18.204  52.639 0.0000000000
137838  -6.743  18.502  52.860 0.0000000000
144483  -13.085  20.190  47.494 0.0000000000
144484  -13.418  21.211  46.913 0.0000000000
144553  -10.543  27.595  47.287 0.0000000000
144554  -10.468  28.325  47.093 0.0000000000
144556  -9.574  29.053  47.503 0.0000000000
145403  4.093  31.545  55.024 0.0000000000
145404  4.565  31.913  55.174 0.0000000000
145407  5.418  31.813  55.758 0.0000000000
145409  5.976  33.038  55.624 0.0000000000
145446  2.025  24.148  56.555 0.0000000000
145447  2.498  24.456  56.731 0.0000000000
145476  3.913  25.398  57.255 0.0000000000
145477  4.384  25.717  57.430 0.0000000000
145480  4.854  26.039  57.604 0.0000000000
