#!ascii label  , from subject fsaverage vox2ras=TkReg
597
87  9.572  -92.027  -38.579 0.0000000000
629  14.077  -74.109  -36.959 0.0000000000
1408  11.296  -76.893  -39.010 0.0000000000
1409  9.767  -69.142  -39.964 0.0000000000
1410  12.330  -66.338  -38.054 0.0000000000
1780  8.815  -85.785  -39.905 0.0000000000
1996  4.777  -97.251  -37.507 0.0000000000
1997  4.693  -92.312  -39.702 0.0000000000
2521  12.705  -84.126  -38.021 0.0000000000
4378  2.109  -96.765  -37.584 0.0000000000
4379  2.151  -94.545  -38.857 0.0000000000
4380  4.783  -94.914  -38.683 0.0000000000
4381  2.110  -92.061  -39.973 0.0000000000
5657  8.318  -82.378  -40.425 0.0000000000
5658  10.857  -85.080  -39.009 0.0000000000
5659  10.268  -81.602  -39.512 0.0000000000
5660  12.782  -75.596  -38.000 0.0000000000
5661  13.577  -79.336  -37.496 0.0000000000
5662  14.926  -77.861  -36.430 0.0000000000
5666  15.181  -72.452  -35.909 0.0000000000
7140  9.619  -77.964  -39.977 0.0000000000
7141  8.933  -74.184  -40.432 0.0000000000
7142  10.539  -73.064  -39.481 0.0000000000
7143  11.965  -71.747  -38.494 0.0000000000
7144  13.208  -70.260  -37.490 0.0000000000
7145  11.134  -67.822  -39.011 0.0000000000
7989  6.942  -89.374  -40.027 0.0000000000
7990  9.238  -89.006  -39.304 0.0000000000
7991  6.608  -86.241  -40.686 0.0000000000
8572  7.341  -95.009  -38.296 0.0000000000
8573  7.190  -92.304  -39.234 0.0000000000
8574  4.515  -89.481  -40.579 0.0000000000
10117  11.373  -88.375  -38.437 0.0000000000
10118  13.310  -87.488  -37.464 0.0000000000
10120  12.027  -80.589  -38.528 0.0000000000
10121  14.334  -82.924  -36.968 0.0000000000
10129  14.274  -68.614  -36.487 0.0000000000
12058  0.821  -94.263  -38.857 0.0000000000
12059  0.818  -93.083  -39.459 0.0000000000
12060  2.141  -93.335  -39.434 0.0000000000
13338  9.315  -82.019  -39.978 0.0000000000
13339  9.019  -80.236  -40.214 0.0000000000
13340  13.454  -74.874  -37.482 0.0000000000
13341  13.869  -76.764  -37.227 0.0000000000
13342  14.505  -76.000  -36.696 0.0000000000
13344  15.091  -75.191  -36.162 0.0000000000
13346  14.652  -73.301  -36.433 0.0000000000
15739  7.730  -72.742  -41.119 0.0000000000
15741  9.390  -71.706  -40.196 0.0000000000
15742  10.154  -71.111  -39.720 0.0000000000
15743  11.275  -72.427  -38.991 0.0000000000
15744  10.875  -70.473  -39.236 0.0000000000
15745  11.551  -69.792  -38.748 0.0000000000
15746  10.472  -68.503  -39.489 0.0000000000
17529  5.606  -87.942  -40.690 0.0000000000
17530  6.785  -87.832  -40.372 0.0000000000
17531  5.450  -86.374  -41.022 0.0000000000
18890  3.448  -97.042  -37.575 0.0000000000
18891  3.401  -98.076  -36.902 0.0000000000
18897  4.750  -93.644  -39.211 0.0000000000
18898  6.073  -94.996  -38.515 0.0000000000
18899  6.025  -93.699  -39.022 0.0000000000
18900  7.278  -93.687  -38.783 0.0000000000
18901  5.954  -92.341  -39.492 0.0000000000
18902  5.859  -90.926  -39.927 0.0000000000
18903  4.615  -90.922  -40.158 0.0000000000
22727  9.036  -87.420  -39.618 0.0000000000
22728  10.328  -88.723  -38.886 0.0000000000
22729  10.103  -87.117  -39.189 0.0000000000
22730  11.807  -84.634  -38.525 0.0000000000
22731  12.098  -86.323  -38.253 0.0000000000
22732  13.018  -85.830  -37.751 0.0000000000
22733  14.197  -86.945  -36.943 0.0000000000
22734  13.883  -85.273  -37.229 0.0000000000
22735  10.482  -77.458  -39.499 0.0000000000
22736  10.833  -79.311  -39.265 0.0000000000
22737  11.666  -78.760  -38.771 0.0000000000
22738  14.676  -80.450  -36.700 0.0000000000
22739  13.962  -81.152  -37.235 0.0000000000
22757  12.770  -68.307  -37.767 0.0000000000
22758  13.763  -69.456  -36.987 0.0000000000
22759  13.315  -67.505  -37.276 0.0000000000
26310  0.768  -96.423  -37.535 0.0000000000
26311  0.804  -95.378  -38.215 0.0000000000
26312  2.141  -95.689  -38.241 0.0000000000
26313  3.472  -95.936  -38.207 0.0000000000
26314  4.792  -96.117  -38.116 0.0000000000
26315  3.474  -94.763  -38.798 0.0000000000
26316  3.454  -93.523  -39.350 0.0000000000
26317  3.411  -92.219  -39.864 0.0000000000
26318  3.347  -90.855  -40.341 0.0000000000
28613  8.575  -84.103  -40.173 0.0000000000
28614  9.859  -85.463  -39.469 0.0000000000
28615  9.595  -83.763  -39.731 0.0000000000
28616  10.571  -83.362  -39.267 0.0000000000
28617  11.498  -82.900  -38.782 0.0000000000
28618  12.063  -76.271  -38.510 0.0000000000
28619  12.449  -78.150  -38.266 0.0000000000
28620  13.183  -77.483  -37.751 0.0000000000
28621  14.276  -78.624  -36.967 0.0000000000
28630  15.663  -71.566  -35.388 0.0000000000
32016  8.710  -78.413  -40.443 0.0000000000
32017  8.390  -76.553  -40.668 0.0000000000
32018  9.279  -76.090  -40.204 0.0000000000
32019  10.123  -75.570  -39.731 0.0000000000
32020  8.582  -72.251  -40.663 0.0000000000
32021  9.758  -73.651  -39.962 0.0000000000
32022  10.920  -74.993  -39.246 0.0000000000
32023  11.671  -74.362  -38.751 0.0000000000
32024  12.376  -73.683  -38.246 0.0000000000
32025  13.033  -72.960  -37.736 0.0000000000
32026  13.644  -72.195  -37.222 0.0000000000
32027  12.609  -71.024  -37.993 0.0000000000
32028  12.182  -69.070  -38.257 0.0000000000
32029  11.754  -67.100  -38.533 0.0000000000
32030  10.068  -66.518  -39.752 0.0000000000
32031  10.717  -65.836  -39.287 0.0000000000
32032  11.323  -65.114  -38.820 0.0000000000
34299  8.266  -90.737  -39.325 0.0000000000
34300  9.418  -90.543  -38.959 0.0000000000
34301  8.109  -89.223  -39.686 0.0000000000
34302  7.930  -87.659  -40.014 0.0000000000
34303  7.730  -86.045  -40.313 0.0000000000
34306  7.514  -84.383  -40.589 0.0000000000
35976  6.095  -96.228  -37.970 0.0000000000
35980  8.505  -93.607  -38.496 0.0000000000
35981  8.398  -92.200  -38.928 0.0000000000
35982  7.078  -90.865  -39.648 0.0000000000
35983  5.743  -89.459  -40.326 0.0000000000
35984  4.396  -87.988  -40.964 0.0000000000
35985  3.262  -89.439  -40.784 0.0000000000
40585  10.530  -90.280  -38.554 0.0000000000
40586  11.598  -89.950  -38.115 0.0000000000
40587  12.616  -89.555  -37.648 0.0000000000
40588  11.125  -86.751  -38.733 0.0000000000
40589  12.368  -87.964  -37.962 0.0000000000
40594  9.950  -79.803  -39.747 0.0000000000
40595  11.173  -81.125  -39.027 0.0000000000
40596  12.374  -82.378  -38.279 0.0000000000
40597  12.828  -79.993  -38.017 0.0000000000
40598  13.195  -81.795  -37.762 0.0000000000
40599  13.548  -83.555  -37.500 0.0000000000
40621  14.209  -71.388  -36.707 0.0000000000
40622  14.729  -70.543  -36.194 0.0000000000
40623  15.203  -69.661  -35.685 0.0000000000
40624  13.816  -66.666  -36.785 0.0000000000
40625  14.741  -67.736  -35.987 0.0000000000
41724  10.216  -92.642  -38.190 0.0000000000
41726  10.144  -91.915  -38.389 0.0000000000
44058  8.537  -80.431  -40.441 0.0000000000
44059  8.389  -79.528  -40.557 0.0000000000
44060  13.771  -74.497  -37.221 0.0000000000
44061  13.983  -75.446  -37.092 0.0000000000
44062  14.292  -75.058  -36.827 0.0000000000
44063  14.804  -75.601  -36.429 0.0000000000
44064  14.588  -74.659  -36.562 0.0000000000
44065  14.872  -74.250  -36.297 0.0000000000
44066  14.370  -73.711  -36.696 0.0000000000
46460  9.399  -69.445  -40.200 0.0000000000
46461  9.588  -70.432  -40.079 0.0000000000
46462  9.961  -70.128  -39.841 0.0000000000
46463  10.520  -70.797  -39.478 0.0000000000
46464  10.323  -69.814  -39.602 0.0000000000
46465  10.674  -69.490  -39.361 0.0000000000
46466  10.125  -68.827  -39.727 0.0000000000
48249  4.934  -87.201  -41.007 0.0000000000
48250  5.530  -87.164  -40.859 0.0000000000
48251  4.858  -86.417  -41.174 0.0000000000
49610  4.114  -97.155  -37.548 0.0000000000
49611  4.095  -97.689  -37.223 0.0000000000
49617  4.724  -92.986  -39.461 0.0000000000
49618  5.390  -93.680  -39.123 0.0000000000
49619  5.361  -93.015  -39.367 0.0000000000
49620  5.992  -93.027  -39.261 0.0000000000
49621  5.326  -92.334  -39.603 0.0000000000
49622  5.286  -91.640  -39.830 0.0000000000
49623  4.657  -91.624  -39.935 0.0000000000
53447  8.928  -86.608  -39.764 0.0000000000
53448  9.575  -87.276  -39.407 0.0000000000
53449  9.461  -86.460  -39.552 0.0000000000
53450  12.263  -84.388  -38.276 0.0000000000
53451  12.416  -85.242  -38.142 0.0000000000
53452  12.864  -84.984  -37.888 0.0000000000
53453  13.457  -85.560  -37.492 0.0000000000
53454  13.298  -84.710  -37.629 0.0000000000
53455  10.895  -77.183  -39.256 0.0000000000
53456  11.076  -78.117  -39.138 0.0000000000
53457  11.482  -77.831  -38.891 0.0000000000
53459  14.872  -81.347  -36.564 0.0000000000
53477  12.551  -67.325  -37.909 0.0000000000
53478  13.048  -67.911  -37.521 0.0000000000
53479  12.826  -66.929  -37.666 0.0000000000
59208  0.135  -95.200  -38.179 0.0000000000
59210  1.487  -94.412  -38.864 0.0000000000
59211  1.482  -94.985  -38.555 0.0000000000
59212  2.149  -95.125  -38.554 0.0000000000
59213  2.807  -95.821  -38.231 0.0000000000
59214  2.813  -95.250  -38.538 0.0000000000
59215  3.476  -95.358  -38.507 0.0000000000
59216  2.814  -94.662  -38.835 0.0000000000
59217  2.128  -92.705  -39.708 0.0000000000
59218  2.799  -93.437  -39.399 0.0000000000
59219  2.783  -92.800  -39.667 0.0000000000
59220  3.435  -92.878  -39.612 0.0000000000
59221  2.763  -92.148  -39.925 0.0000000000
59222  2.737  -91.480  -40.174 0.0000000000
63047  8.449  -83.246  -40.300 0.0000000000
63048  9.091  -83.941  -39.955 0.0000000000
63049  8.958  -83.078  -40.081 0.0000000000
63050  9.797  -81.818  -39.748 0.0000000000
63051  9.945  -82.699  -39.626 0.0000000000
63052  10.421  -82.487  -39.391 0.0000000000
63053  11.041  -83.139  -39.027 0.0000000000
63054  10.885  -82.260  -39.151 0.0000000000
63055  12.428  -75.940  -38.256 0.0000000000
63056  12.626  -76.885  -38.134 0.0000000000
63057  12.983  -76.543  -37.876 0.0000000000
63058  14.401  -77.322  -36.831 0.0000000000
63059  14.074  -77.698  -37.098 0.0000000000
63060  14.607  -78.248  -36.699 0.0000000000
63061  14.811  -79.167  -36.565 0.0000000000
63062  15.133  -78.781  -36.294 0.0000000000
63072  15.405  -73.399  -35.768 0.0000000000
63073  15.880  -73.899  -35.361 0.0000000000
63074  15.655  -72.959  -35.504 0.0000000000
63075  15.892  -72.510  -35.241 0.0000000000
63076  15.428  -72.014  -35.648 0.0000000000
70250  8.503  -74.430  -40.664 0.0000000000
70251  8.672  -75.383  -40.550 0.0000000000
70252  9.107  -75.141  -40.318 0.0000000000
70253  9.707  -75.837  -39.969 0.0000000000
70254  9.530  -74.884  -40.084 0.0000000000
70257  8.406  -71.274  -40.779 0.0000000000
70258  9.966  -72.392  -39.841 0.0000000000
70259  9.574  -72.682  -40.079 0.0000000000
70260  10.154  -73.364  -39.723 0.0000000000
70261  10.341  -74.330  -39.607 0.0000000000
70262  10.730  -74.032  -39.364 0.0000000000
70263  11.301  -74.684  -39.000 0.0000000000
70264  11.107  -73.721  -39.118 0.0000000000
70265  11.625  -72.092  -38.743 0.0000000000
70266  11.828  -73.063  -38.621 0.0000000000
70267  12.171  -72.717  -38.370 0.0000000000
70268  12.710  -73.326  -37.992 0.0000000000
70269  12.502  -72.361  -38.118 0.0000000000
70270  12.821  -71.994  -37.864 0.0000000000
70271  12.293  -71.390  -38.244 0.0000000000
70272  11.343  -68.809  -38.878 0.0000000000
70273  11.872  -69.436  -38.503 0.0000000000
70274  11.661  -68.453  -38.636 0.0000000000
70275  11.968  -68.087  -38.394 0.0000000000
70276  11.449  -67.466  -38.772 0.0000000000
70283  11.025  -65.480  -39.053 0.0000000000
75624  7.606  -90.064  -39.681 0.0000000000
75625  8.190  -89.986  -39.510 0.0000000000
75626  7.530  -89.306  -39.862 0.0000000000
75627  6.699  -87.043  -40.533 0.0000000000
75628  7.362  -87.754  -40.198 0.0000000000
75629  7.270  -86.959  -40.354 0.0000000000
75630  7.832  -86.858  -40.166 0.0000000000
75631  7.174  -86.151  -40.504 0.0000000000
75638  6.968  -84.500  -40.786 0.0000000000
75640  7.399  -83.536  -40.720 0.0000000000
79705  1.439  -96.602  -37.567 0.0000000000
79707  2.086  -97.276  -37.241 0.0000000000
79709  3.369  -98.566  -36.549 0.0000000000
79727  4.790  -95.524  -38.404 0.0000000000
79728  5.446  -96.181  -38.049 0.0000000000
79729  5.441  -95.581  -38.332 0.0000000000
79730  6.710  -95.012  -38.412 0.0000000000
79731  6.727  -95.643  -38.149 0.0000000000
79732  7.362  -95.647  -38.039 0.0000000000
79737  7.237  -93.003  -39.013 0.0000000000
79738  7.895  -93.655  -38.645 0.0000000000
79739  7.850  -92.965  -38.870 0.0000000000
79740  8.455  -92.911  -38.717 0.0000000000
79741  7.798  -92.260  -39.087 0.0000000000
79742  7.740  -91.542  -39.294 0.0000000000
79743  7.137  -91.591  -39.446 0.0000000000
79744  5.189  -90.212  -40.258 0.0000000000
79745  5.804  -90.199  -40.131 0.0000000000
79746  5.132  -89.478  -40.458 0.0000000000
79747  5.071  -88.732  -40.649 0.0000000000
79748  4.458  -88.741  -40.775 0.0000000000
79750  3.307  -90.154  -40.567 0.0000000000
91217  9.331  -89.781  -39.136 0.0000000000
91218  9.979  -90.420  -38.761 0.0000000000
91219  9.887  -89.653  -38.934 0.0000000000
91220  10.857  -88.557  -38.665 0.0000000000
91221  10.966  -89.346  -38.505 0.0000000000
91222  11.489  -89.169  -38.279 0.0000000000
91223  12.114  -89.760  -37.885 0.0000000000
91224  11.998  -88.975  -38.047 0.0000000000
91225  10.364  -85.279  -39.242 0.0000000000
91226  10.494  -86.116  -39.105 0.0000000000
91227  10.994  -85.921  -38.873 0.0000000000
91228  12.708  -86.916  -37.863 0.0000000000
91229  12.235  -87.150  -38.111 0.0000000000
91230  12.846  -87.734  -37.716 0.0000000000
91231  12.978  -88.540  -37.564 0.0000000000
91234  13.904  -88.038  -37.056 0.0000000000
91240  9.170  -78.196  -40.211 0.0000000000
91241  9.332  -79.116  -40.097 0.0000000000
91242  9.786  -78.888  -39.862 0.0000000000
91243  11.433  -79.959  -38.900 0.0000000000
91244  11.004  -80.223  -39.147 0.0000000000
91245  11.606  -80.865  -38.779 0.0000000000
91246  11.776  -81.761  -38.657 0.0000000000
91247  12.202  -81.488  -38.404 0.0000000000
91248  13.017  -78.752  -37.885 0.0000000000
91249  12.640  -79.076  -38.142 0.0000000000
91250  13.209  -79.672  -37.758 0.0000000000
91251  14.150  -82.043  -37.102 0.0000000000
91252  13.585  -81.481  -37.500 0.0000000000
91253  13.769  -82.369  -37.369 0.0000000000
91254  13.374  -82.680  -37.632 0.0000000000
91255  13.948  -83.247  -37.235 0.0000000000
91256  14.124  -84.115  -37.100 0.0000000000
91257  14.515  -83.794  -36.831 0.0000000000
91307  13.426  -71.229  -37.355 0.0000000000
91308  13.932  -71.797  -36.964 0.0000000000
91309  13.712  -70.832  -37.100 0.0000000000
91310  14.024  -69.039  -36.737 0.0000000000
91311  14.249  -70.007  -36.592 0.0000000000
91312  14.502  -69.581  -36.340 0.0000000000
91313  14.972  -70.106  -35.940 0.0000000000
91314  14.743  -69.145  -36.087 0.0000000000
91316  13.343  -66.109  -37.181 0.0000000000
91317  13.586  -65.686  -36.937 0.0000000000
91321  15.191  -68.249  -35.584 0.0000000000
95430  0.154  -94.100  -38.833 0.0000000000
95432  0.822  -93.681  -39.163 0.0000000000
95433  1.486  -93.822  -39.164 0.0000000000
95434  2.149  -93.948  -39.150 0.0000000000
95435  1.481  -93.216  -39.454 0.0000000000
95436  1.470  -92.595  -39.735 0.0000000000
95437  1.455  -91.958  -40.006 0.0000000000
97733  8.183  -81.499  -40.546 0.0000000000
97734  8.822  -82.206  -40.204 0.0000000000
97735  8.681  -81.323  -40.324 0.0000000000
97736  9.169  -81.132  -40.097 0.0000000000
97737  9.645  -80.927  -39.866 0.0000000000
97738  13.124  -75.241  -37.742 0.0000000000
97739  13.329  -76.189  -37.616 0.0000000000
97740  13.662  -75.823  -37.355 0.0000000000
97741  14.193  -76.387  -36.962 0.0000000000
97742  14.717  -76.934  -36.563 0.0000000000
97744  15.019  -76.536  -36.295 0.0000000000
97745  15.309  -76.126  -36.025 0.0000000000
97749  15.145  -73.829  -36.032 0.0000000000
97750  14.922  -72.882  -36.171 0.0000000000
102058  8.630  -70.021  -40.667 0.0000000000
102059  8.811  -71.006  -40.548 0.0000000000
102060  9.205  -70.725  -40.315 0.0000000000
102061  9.777  -71.415  -39.959 0.0000000000
102062  10.347  -72.090  -39.600 0.0000000000
102063  10.912  -72.751  -39.237 0.0000000000
102064  10.716  -71.777  -39.357 0.0000000000
102065  11.075  -71.452  -39.113 0.0000000000
102066  11.422  -71.117  -38.867 0.0000000000
102067  11.758  -70.772  -38.620 0.0000000000
102068  11.218  -70.138  -38.992 0.0000000000
102069  11.014  -69.154  -39.120 0.0000000000
102070  10.809  -68.167  -39.250 0.0000000000
105279  6.276  -88.666  -40.363 0.0000000000
105280  6.867  -88.609  -40.204 0.0000000000
105281  6.200  -87.895  -40.536 0.0000000000
105282  6.119  -87.112  -40.701 0.0000000000
105283  6.033  -86.316  -40.859 0.0000000000
107728  2.779  -96.912  -37.587 0.0000000000
107729  2.757  -97.431  -37.249 0.0000000000
107730  3.427  -97.568  -37.243 0.0000000000
107741  4.769  -94.287  -38.952 0.0000000000
107742  5.430  -94.964  -38.605 0.0000000000
107743  5.414  -94.330  -38.869 0.0000000000
107744  6.052  -94.356  -38.773 0.0000000000
107745  6.686  -94.364  -38.665 0.0000000000
107746  7.313  -94.356  -38.544 0.0000000000
107747  6.655  -93.701  -38.908 0.0000000000
107748  6.618  -93.023  -39.143 0.0000000000
107749  6.575  -92.330  -39.369 0.0000000000
107750  6.526  -91.624  -39.586 0.0000000000
107751  5.909  -91.640  -39.714 0.0000000000
107752  5.240  -90.932  -40.048 0.0000000000
107753  4.567  -90.208  -40.373 0.0000000000
114635  9.140  -88.219  -39.465 0.0000000000
114636  9.788  -88.873  -39.099 0.0000000000
114637  9.684  -88.081  -39.257 0.0000000000
114638  10.218  -87.926  -39.041 0.0000000000
114639  10.741  -87.755  -38.817 0.0000000000
114640  11.338  -84.865  -38.770 0.0000000000
114641  11.480  -85.711  -38.635 0.0000000000
114642  11.955  -85.485  -38.392 0.0000000000
114643  12.564  -86.085  -38.005 0.0000000000
114644  13.167  -86.665  -37.610 0.0000000000
114645  13.760  -87.225  -37.206 0.0000000000
114646  13.612  -86.398  -37.351 0.0000000000
114647  14.042  -86.115  -37.088 0.0000000000
114649  10.056  -77.718  -39.739 0.0000000000
114650  10.228  -78.646  -39.623 0.0000000000
114651  10.659  -78.389  -39.382 0.0000000000
114652  11.256  -79.043  -39.019 0.0000000000
114653  11.848  -79.680  -38.650 0.0000000000
114654  14.130  -79.902  -37.102 0.0000000000
114655  13.771  -80.249  -37.367 0.0000000000
114656  14.325  -80.808  -36.969 0.0000000000
114657  14.517  -81.703  -36.834 0.0000000000
114658  14.706  -82.586  -36.698 0.0000000000
114689  12.990  -69.285  -37.627 0.0000000000
114690  13.491  -69.863  -37.238 0.0000000000
114691  13.270  -68.889  -37.378 0.0000000000
114692  13.539  -68.483  -37.130 0.0000000000
114693  13.798  -68.067  -36.883 0.0000000000
118424  8.834  -68.749  -40.556 0.0000000000
118425  9.209  -68.455  -40.324 0.0000000000
118426  9.573  -68.151  -40.090 0.0000000000
122827  0.119  -95.724  -37.838 0.0000000000
122828  0.788  -95.910  -37.879 0.0000000000
122829  1.458  -96.080  -37.906 0.0000000000
122830  0.815  -94.829  -38.541 0.0000000000
122831  1.472  -95.541  -38.235 0.0000000000
122832  2.128  -96.236  -37.917 0.0000000000
122833  2.796  -96.375  -37.914 0.0000000000
122834  3.463  -96.498  -37.896 0.0000000000
122835  4.126  -96.604  -37.863 0.0000000000
122836  4.787  -96.693  -37.817 0.0000000000
122837  4.134  -96.035  -38.168 0.0000000000
122838  4.135  -95.450  -38.463 0.0000000000
122839  4.131  -94.847  -38.747 0.0000000000
122840  2.809  -94.058  -39.122 0.0000000000
122841  3.467  -94.151  -39.079 0.0000000000
122842  4.120  -94.228  -39.022 0.0000000000
122843  4.104  -93.592  -39.287 0.0000000000
122844  4.082  -92.940  -39.543 0.0000000000
122845  4.055  -92.273  -39.789 0.0000000000
122846  4.022  -91.592  -40.027 0.0000000000
122847  3.382  -91.544  -40.107 0.0000000000
122848  2.706  -90.799  -40.414 0.0000000000
128201  8.697  -84.950  -40.041 0.0000000000
128202  9.342  -85.631  -39.691 0.0000000000
128203  9.219  -84.792  -39.825 0.0000000000
128204  9.729  -84.618  -39.602 0.0000000000
128205  10.229  -84.430  -39.374 0.0000000000
128206  9.457  -82.896  -39.857 0.0000000000
128207  10.089  -83.570  -39.502 0.0000000000
128208  10.716  -84.226  -39.140 0.0000000000
128209  11.192  -84.007  -38.900 0.0000000000
128210  11.655  -83.773  -38.655 0.0000000000
128211  12.105  -83.523  -38.405 0.0000000000
128212  11.685  -76.589  -38.762 0.0000000000
128213  11.876  -77.530  -38.641 0.0000000000
128214  12.257  -77.215  -38.389 0.0000000000
128215  12.822  -77.823  -38.010 0.0000000000
128216  13.381  -78.414  -37.625 0.0000000000
128217  13.532  -77.129  -37.490 0.0000000000
128218  13.733  -78.062  -37.362 0.0000000000
128219  13.933  -78.987  -37.233 0.0000000000
128220  14.477  -79.542  -36.834 0.0000000000
128221  15.013  -80.077  -36.430 0.0000000000
128242  15.887  -71.110  -35.129 0.0000000000
137367  9.006  -77.266  -40.324 0.0000000000
137368  8.227  -75.611  -40.780 0.0000000000
137369  8.840  -76.328  -40.437 0.0000000000
137370  9.450  -77.031  -40.091 0.0000000000
137371  9.883  -76.781  -39.854 0.0000000000
137372  10.303  -76.518  -39.615 0.0000000000
137373  10.712  -76.239  -39.373 0.0000000000
137375  8.162  -72.503  -40.892 0.0000000000
137376  8.758  -73.221  -40.547 0.0000000000
137377  8.992  -71.985  -40.431 0.0000000000
137378  9.172  -72.958  -40.314 0.0000000000
137379  9.351  -73.925  -40.199 0.0000000000
137380  9.941  -74.614  -39.847 0.0000000000
137381  10.527  -75.288  -39.490 0.0000000000
137382  11.109  -75.947  -39.129 0.0000000000
137383  11.494  -75.640  -38.881 0.0000000000
137384  11.867  -75.320  -38.631 0.0000000000
137385  12.229  -74.987  -38.378 0.0000000000
137386  11.473  -73.397  -38.871 0.0000000000
137387  12.029  -74.028  -38.499 0.0000000000
137388  12.579  -74.642  -38.123 0.0000000000
137389  12.918  -74.287  -37.867 0.0000000000
137390  13.244  -73.920  -37.609 0.0000000000
137391  13.558  -73.543  -37.350 0.0000000000
137392  13.861  -73.155  -37.090 0.0000000000
137393  13.344  -72.582  -37.479 0.0000000000
137394  13.130  -71.617  -37.610 0.0000000000
137395  12.914  -70.647  -37.742 0.0000000000
137396  12.083  -70.415  -38.372 0.0000000000
137397  12.396  -70.049  -38.124 0.0000000000
137398  12.698  -69.672  -37.875 0.0000000000
137399  12.482  -68.693  -38.012 0.0000000000
137400  12.265  -67.711  -38.151 0.0000000000
137401  12.047  -66.724  -38.293 0.0000000000
137402  9.927  -67.837  -39.855 0.0000000000
137403  10.270  -67.512  -39.619 0.0000000000
137404  10.603  -67.176  -39.383 0.0000000000
137406  10.398  -66.182  -39.520 0.0000000000
137407  10.925  -66.831  -39.147 0.0000000000
137408  11.237  -66.475  -38.911 0.0000000000
137409  11.538  -66.109  -38.675 0.0000000000
137410  11.829  -65.733  -38.438 0.0000000000
137411  11.610  -64.739  -38.585 0.0000000000
143949  8.921  -91.392  -38.957 0.0000000000
143950  9.498  -91.292  -38.773 0.0000000000
143951  8.847  -90.648  -39.147 0.0000000000
143952  8.765  -89.892  -39.328 0.0000000000
143953  8.678  -89.123  -39.500 0.0000000000
143954  7.449  -88.536  -40.034 0.0000000000
143955  8.022  -88.447  -39.854 0.0000000000
143956  8.586  -88.341  -39.664 0.0000000000
143957  8.488  -87.548  -39.820 0.0000000000
143958  8.385  -86.741  -39.970 0.0000000000
143959  8.278  -85.923  -40.113 0.0000000000
143965  6.513  -85.427  -40.833 0.0000000000
143966  7.073  -85.332  -40.648 0.0000000000
143967  7.624  -85.220  -40.453 0.0000000000
143968  8.166  -85.093  -40.251 0.0000000000
143969  8.049  -84.251  -40.384 0.0000000000
143970  7.929  -83.398  -40.514 0.0000000000
148844  9.639  -92.749  -38.376 0.0000000000
148881  0.744  -96.919  -37.181 0.0000000000
148884  2.729  -97.931  -36.902 0.0000000000
148885  2.697  -98.413  -36.545 0.0000000000
148908  5.444  -96.764  -37.756 0.0000000000
148911  6.087  -95.621  -38.247 0.0000000000
148920  7.934  -94.330  -38.411 0.0000000000
148921  8.548  -94.287  -38.267 0.0000000000
148923  9.106  -93.540  -38.336 0.0000000000
148924  9.052  -92.839  -38.552 0.0000000000
148925  8.990  -92.122  -38.759 0.0000000000
148926  8.335  -91.475  -39.131 0.0000000000
148927  7.676  -90.809  -39.492 0.0000000000
148928  7.013  -90.126  -39.842 0.0000000000
148929  6.472  -90.904  -39.793 0.0000000000
148930  6.412  -90.171  -39.992 0.0000000000
148931  6.347  -89.425  -40.182 0.0000000000
148932  5.677  -88.707  -40.512 0.0000000000
148933  5.005  -87.973  -40.832 0.0000000000
148934  4.330  -87.223  -41.144 0.0000000000
148935  3.984  -90.897  -40.256 0.0000000000
148936  3.940  -90.188  -40.476 0.0000000000
148937  3.892  -89.467  -40.687 0.0000000000
148940  3.838  -88.734  -40.890 0.0000000000
148941  3.781  -87.988  -41.084 0.0000000000
148942  3.719  -87.229  -41.270 0.0000000000
162709  10.065  -91.174  -38.579 0.0000000000
162710  10.621  -91.039  -38.376 0.0000000000
162711  11.167  -90.887  -38.163 0.0000000000
162712  10.432  -89.508  -38.724 0.0000000000
162713  11.070  -90.123  -38.338 0.0000000000
162714  11.701  -90.718  -37.943 0.0000000000
162718  9.983  -86.296  -39.332 0.0000000000
162719  10.620  -86.942  -38.964 0.0000000000
162720  11.252  -87.569  -38.588 0.0000000000
162721  11.618  -86.545  -38.496 0.0000000000
162722  11.750  -87.368  -38.352 0.0000000000
162723  11.877  -88.178  -38.202 0.0000000000
162724  12.495  -88.766  -37.808 0.0000000000
162730  14.346  -87.763  -36.794 0.0000000000
162736  8.866  -79.330  -40.329 0.0000000000
162737  9.490  -80.027  -39.982 0.0000000000
162738  10.110  -80.707  -39.630 0.0000000000
162739  10.397  -79.564  -39.507 0.0000000000
162740  10.564  -80.473  -39.390 0.0000000000
162741  10.726  -81.371  -39.272 0.0000000000
162742  11.337  -82.018  -38.906 0.0000000000
162743  11.943  -82.647  -38.532 0.0000000000
162744  12.542  -83.257  -38.151 0.0000000000
162745  12.064  -78.463  -38.520 0.0000000000
162746  12.250  -79.386  -38.397 0.0000000000
162747  12.434  -80.299  -38.274 0.0000000000
162748  13.398  -80.582  -37.630 0.0000000000
162749  13.013  -80.899  -37.890 0.0000000000
162750  12.614  -81.201  -38.149 0.0000000000
162751  12.791  -82.094  -38.022 0.0000000000
162752  12.965  -82.976  -37.893 0.0000000000
162753  13.134  -83.848  -37.763 0.0000000000
162754  13.718  -84.420  -37.366 0.0000000000
162755  14.294  -84.971  -36.962 0.0000000000
162817  14.152  -72.756  -36.829 0.0000000000
162818  14.431  -72.348  -36.569 0.0000000000
162819  14.699  -71.929  -36.310 0.0000000000
162820  13.986  -70.424  -36.846 0.0000000000
162821  14.474  -70.971  -36.450 0.0000000000
162822  14.955  -71.500  -36.051 0.0000000000
162823  15.200  -71.063  -35.793 0.0000000000
162824  15.434  -70.616  -35.536 0.0000000000
162825  15.656  -70.161  -35.280 0.0000000000
162826  13.090  -66.524  -37.423 0.0000000000
162827  13.571  -67.090  -37.031 0.0000000000
162828  14.046  -67.642  -36.635 0.0000000000
162830  14.282  -67.208  -36.388 0.0000000000
162831  14.513  -68.179  -36.237 0.0000000000
162832  14.972  -68.701  -35.836 0.0000000000
162833  15.424  -69.208  -35.431 0.0000000000
162834  15.867  -69.698  -35.024 0.0000000000
