#!ascii label  , from subject fsaverage vox2ras=TkReg
604
1  16.480  -64.234  54.907 0.0000000000
474  10.888  -62.121  53.251 0.0000000000
671  15.569  -66.701  51.530 0.0000000000
1237  7.704  -60.434  51.593 0.0000000000
1238  9.362  -64.756  48.478 0.0000000000
1239  6.277  -63.148  46.643 0.0000000000
1679  3.351  -61.454  44.751 0.0000000000
2070  13.997  -63.470  54.409 0.0000000000
2071  12.639  -59.557  57.328 0.0000000000
2589  17.301  -65.127  54.069 0.0000000000
2591  16.091  -65.347  53.482 0.0000000000
3157  6.150  -59.529  50.632 0.0000000000
3158  6.963  -61.772  49.155 0.0000000000
3159  5.449  -60.894  48.186 0.0000000000
3758  1.159  -58.256  45.170 0.0000000000
4548  14.233  -60.351  57.614 0.0000000000
5152  12.468  -62.851  53.902 0.0000000000
5153  13.242  -64.735  52.393 0.0000000000
5154  11.684  -64.142  51.715 0.0000000000
5160  2.748  -62.957  42.305 0.0000000000
6835  9.291  -61.306  52.474 0.0000000000
6836  10.101  -63.426  50.940 0.0000000000
6837  8.520  -62.625  50.080 0.0000000000
6838  7.802  -63.974  47.575 0.0000000000
7757  3.981  -60.010  47.190 0.0000000000
7758  2.552  -59.127  46.180 0.0000000000
8778  15.398  -63.947  54.751 0.0000000000
8779  14.814  -62.270  56.146 0.0000000000
8780  13.310  -61.594  55.868 0.0000000000
8781  11.730  -60.836  55.383 0.0000000000
8784  10.120  -60.007  54.727 0.0000000000
8785  8.506  -59.118  53.930 0.0000000000
8786  6.912  -58.190  53.017 0.0000000000
8787  5.357  -57.240  52.014 0.0000000000
9512  14.733  -65.163  52.971 0.0000000000
9521  4.793  -62.303  45.697 0.0000000000
10269  16.842  -64.633  54.555 0.0000000000
10271  16.313  -64.729  54.298 0.0000000000
10837  5.390  -59.070  50.128 0.0000000000
10838  5.792  -60.207  49.415 0.0000000000
10839  5.044  -59.757  48.913 0.0000000000
12832  11.682  -62.498  53.594 0.0000000000
12833  12.070  -63.492  52.835 0.0000000000
12834  11.282  -63.144  52.490 0.0000000000
12840  2.450  -63.731  41.087 0.0000000000
12841  3.155  -64.122  41.498 0.0000000000
13532  16.284  -66.704  51.856 0.0000000000
13533  16.758  -67.381  51.134 0.0000000000
15232  8.495  -60.876  52.045 0.0000000000
15233  8.898  -61.962  51.293 0.0000000000
15234  8.108  -61.536  50.848 0.0000000000
15235  6.614  -62.455  47.906 0.0000000000
15236  7.380  -62.879  48.377 0.0000000000
15237  7.035  -63.565  47.111 0.0000000000
15238  7.460  -64.663  46.292 0.0000000000
15239  6.700  -64.262  45.830 0.0000000000
17033  2.862  -58.401  47.370 0.0000000000
19398  15.516  -62.581  56.188 0.0000000000
19399  15.265  -61.685  56.916 0.0000000000
19401  13.760  -60.972  56.768 0.0000000000
19402  12.974  -60.593  56.600 0.0000000000
19403  12.526  -61.225  55.649 0.0000000000
19404  12.175  -60.197  56.379 0.0000000000
19410  10.185  -58.262  56.506 0.0000000000
19411  10.555  -59.358  55.797 0.0000000000
19412  9.741  -58.916  55.444 0.0000000000
19413  9.312  -59.569  54.345 0.0000000000
19414  8.928  -58.462  55.055 0.0000000000
19416  7.316  -57.524  54.180 0.0000000000
19418  6.129  -57.717  52.525 0.0000000000
19419  5.738  -56.563  53.196 0.0000000000
19800  16.642  -62.376  56.747 0.0000000000
21217  14.719  -63.728  54.602 0.0000000000
21218  15.062  -64.536  53.909 0.0000000000
21219  14.355  -64.339  53.688 0.0000000000
21220  12.878  -65.389  51.289 0.0000000000
21221  13.650  -65.626  51.630 0.0000000000
21225  9.726  -64.087  49.726 0.0000000000
21226  10.517  -64.455  50.146 0.0000000000
21227  10.150  -65.121  48.913 0.0000000000
21230  11.473  -68.108  46.384 0.0000000000
21240  3.663  -60.725  45.972 0.0000000000
21241  4.384  -61.158  46.460 0.0000000000
21242  4.067  -61.878  45.224 0.0000000000
23097  15.840  -66.011  52.551 0.0000000000
24115  6.922  -59.984  51.121 0.0000000000
24116  7.326  -61.099  50.385 0.0000000000
24117  6.553  -60.655  49.907 0.0000000000
24118  6.200  -61.334  48.675 0.0000000000
24119  5.860  -62.025  47.429 0.0000000000
27706  13.243  -63.176  54.175 0.0000000000
27707  13.614  -64.094  53.436 0.0000000000
27708  12.849  -63.811  53.151 0.0000000000
27709  12.468  -64.456  52.066 0.0000000000
27710  12.097  -65.111  50.927 0.0000000000
27720  3.047  -62.198  43.528 0.0000000000
27721  3.758  -62.612  43.983 0.0000000000
27722  3.455  -63.360  42.740 0.0000000000
31309  10.090  -61.723  52.877 0.0000000000
31310  10.488  -62.770  52.117 0.0000000000
31311  9.693  -62.375  51.717 0.0000000000
31312  9.309  -63.034  50.520 0.0000000000
31313  8.938  -63.699  49.289 0.0000000000
31314  7.737  -62.203  49.624 0.0000000000
31315  8.155  -63.295  48.838 0.0000000000
31316  8.578  -64.372  48.031 0.0000000000
33671  4.307  -59.305  48.404 0.0000000000
33672  3.580  -58.853  47.889 0.0000000000
33673  3.262  -59.568  46.686 0.0000000000
33674  2.950  -60.294  45.483 0.0000000000
33676  2.246  -59.864  44.994 0.0000000000
33678  2.344  -61.786  43.077 0.0000000000
33679  2.048  -62.557  41.878 0.0000000000
33682  -0.484  -58.192  43.080 0.0000000000
33683  -0.100  -59.387  42.442 0.0000000000
36582  16.010  -64.121  54.854 0.0000000000
36584  15.102  -63.144  55.434 0.0000000000
36585  14.394  -62.863  55.312 0.0000000000
36586  14.526  -61.335  56.876 0.0000000000
36587  14.076  -61.942  56.036 0.0000000000
36588  13.650  -62.554  55.137 0.0000000000
36589  12.881  -62.219  54.914 0.0000000000
36590  12.096  -61.859  54.647 0.0000000000
36591  11.302  -61.477  54.341 0.0000000000
36594  12.304  -58.490  58.049 0.0000000000
36597  11.825  -59.139  57.102 0.0000000000
36598  11.367  -59.785  56.110 0.0000000000
36599  10.927  -60.430  55.075 0.0000000000
36600  10.502  -61.075  53.997 0.0000000000
36601  9.699  -60.656  53.619 0.0000000000
36602  8.896  -60.221  53.211 0.0000000000
36603  8.098  -59.775  52.776 0.0000000000
36604  8.118  -57.997  54.632 0.0000000000
36605  7.705  -58.658  53.487 0.0000000000
36606  7.306  -59.319  52.315 0.0000000000
36607  6.524  -58.857  51.834 0.0000000000
36608  5.752  -58.391  51.334 0.0000000000
36637  3.508  -56.979  49.752 0.0000000000
38774  15.720  -64.675  54.105 0.0000000000
38775  15.433  -65.293  53.229 0.0000000000
38776  15.137  -65.947  52.255 0.0000000000
38777  14.000  -64.973  52.695 0.0000000000
38778  14.405  -65.815  51.951 0.0000000000
38783  10.894  -63.796  51.339 0.0000000000
38784  11.309  -64.798  50.546 0.0000000000
38789  12.614  -67.660  48.090 0.0000000000
38801  4.710  -60.452  47.690 0.0000000000
38802  5.116  -61.592  46.946 0.0000000000
38803  5.530  -62.727  46.171 0.0000000000
38804  4.478  -63.027  44.441 0.0000000000
38805  5.209  -63.442  44.903 0.0000000000
38806  5.949  -63.854  45.366 0.0000000000
40989  16.640  -64.412  54.756 0.0000000000
40990  16.583  -64.704  54.413 0.0000000000
40991  16.408  -64.454  54.642 0.0000000000
40992  16.650  -64.119  55.071 0.0000000000
40993  16.871  -64.305  54.919 0.0000000000
41557  5.015  -58.840  49.873 0.0000000000
41558  5.215  -59.412  49.522 0.0000000000
41559  4.843  -59.184  49.267 0.0000000000
43552  11.286  -62.313  53.426 0.0000000000
43553  11.481  -62.820  53.048 0.0000000000
43554  11.084  -62.636  52.872 0.0000000000
44252  15.929  -66.712  51.694 0.0000000000
44253  16.159  -67.066  51.331 0.0000000000
44254  15.795  -67.069  51.162 0.0000000000
44256  15.427  -67.053  50.992 0.0000000000
45952  8.099  -60.656  51.822 0.0000000000
45953  8.300  -61.205  51.450 0.0000000000
45954  7.905  -60.986  51.224 0.0000000000
45955  6.444  -62.800  47.276 0.0000000000
45956  6.824  -63.011  47.512 0.0000000000
45957  6.654  -63.357  46.877 0.0000000000
45958  6.866  -63.912  46.472 0.0000000000
45959  6.488  -63.707  46.239 0.0000000000
47758  1.111  -60.586  42.770 0.0000000000
47759  0.770  -60.383  42.547 0.0000000000
50120  13.043  -59.761  57.422 0.0000000000
50121  13.206  -60.277  57.057 0.0000000000
50122  12.807  -60.079  56.965 0.0000000000
50123  12.576  -60.397  56.496 0.0000000000
50124  12.404  -59.877  56.860 0.0000000000
50131  9.961  -58.590  55.980 0.0000000000
50132  9.552  -58.363  55.797 0.0000000000
50133  9.334  -58.690  55.254 0.0000000000
50134  9.144  -58.133  55.604 0.0000000000
51937  14.363  -63.603  54.511 0.0000000000
51938  14.536  -64.030  54.155 0.0000000000
51939  14.174  -63.910  54.048 0.0000000000
51945  9.543  -64.421  49.106 0.0000000000
51946  9.937  -64.607  49.322 0.0000000000
51947  9.755  -64.941  48.698 0.0000000000
51960  3.506  -61.088  45.362 0.0000000000
51961  3.864  -61.302  45.603 0.0000000000
51962  3.708  -61.666  44.988 0.0000000000
53852  16.404  -65.337  53.614 0.0000000000
53856  15.969  -65.675  53.029 0.0000000000
53860  17.345  -64.753  54.496 0.0000000000
53861  17.629  -64.603  54.679 0.0000000000
55552  6.535  -59.757  50.878 0.0000000000
55553  6.736  -60.319  50.516 0.0000000000
55554  6.351  -60.093  50.272 0.0000000000
55555  5.619  -60.549  48.802 0.0000000000
55556  5.995  -60.771  49.049 0.0000000000
55557  5.823  -61.114  48.432 0.0000000000
55558  6.028  -61.678  48.054 0.0000000000
55559  5.653  -61.460  47.811 0.0000000000
57358  0.332  -58.213  44.107 0.0000000000
57359  -0.005  -58.005  43.864 0.0000000000
61537  12.857  -63.017  54.043 0.0000000000
61538  13.044  -63.492  53.671 0.0000000000
61539  12.658  -63.335  53.527 0.0000000000
61540  11.876  -63.816  52.281 0.0000000000
61541  12.268  -63.978  52.452 0.0000000000
61542  12.077  -64.303  51.894 0.0000000000
61543  12.281  -64.783  51.503 0.0000000000
61544  11.889  -64.630  51.323 0.0000000000
61560  2.897  -62.575  42.916 0.0000000000
61561  3.250  -62.779  43.138 0.0000000000
61562  3.100  -63.158  42.522 0.0000000000
68737  9.691  -61.517  52.679 0.0000000000
68738  9.890  -62.048  52.302 0.0000000000
68739  9.491  -61.843  52.098 0.0000000000
68740  8.707  -62.293  50.690 0.0000000000
68741  9.102  -62.500  50.909 0.0000000000
68742  8.914  -62.831  50.302 0.0000000000
68743  9.122  -63.366  49.908 0.0000000000
68744  8.728  -63.164  49.687 0.0000000000
68745  7.143  -61.434  49.773 0.0000000000
68746  7.530  -61.652  50.008 0.0000000000
68747  7.349  -61.988  49.391 0.0000000000
68748  7.590  -63.428  47.979 0.0000000000
68749  7.766  -63.089  48.609 0.0000000000
68750  7.977  -63.634  48.209 0.0000000000
68751  8.366  -63.836  48.437 0.0000000000
68752  8.189  -64.175  47.804 0.0000000000
68753  8.402  -64.713  47.393 0.0000000000
68754  8.015  -64.516  47.165 0.0000000000
68755  7.292  -65.012  45.644 0.0000000000
68756  7.674  -65.208  45.873 0.0000000000
74140  2.706  -58.763  46.775 0.0000000000
74141  3.062  -58.986  47.031 0.0000000000
74142  2.906  -59.347  46.433 0.0000000000
74143  3.105  -59.929  46.084 0.0000000000
74144  2.751  -59.711  45.835 0.0000000000
74147  1.503  -58.472  45.422 0.0000000000
74149  1.898  -59.651  44.750 0.0000000000
74163  -0.960  -58.391  42.318 0.0000000000
74164  -0.817  -57.990  42.850 0.0000000000
74165  -0.627  -58.590  42.541 0.0000000000
74166  -0.292  -58.790  42.766 0.0000000000
74174  -0.053  -60.381  41.557 0.0000000000
81230  15.170  -62.427  56.176 0.0000000000
81231  15.304  -62.860  55.820 0.0000000000
81232  14.958  -62.715  55.787 0.0000000000
81233  14.753  -63.007  55.380 0.0000000000
81234  14.600  -62.565  55.737 0.0000000000
81235  14.621  -60.541  57.645 0.0000000000
81237  14.380  -60.849  57.244 0.0000000000
81238  13.532  -61.283  56.325 0.0000000000
81239  13.918  -61.463  56.401 0.0000000000
81240  13.696  -61.770  55.959 0.0000000000
81241  13.860  -62.247  55.594 0.0000000000
81242  13.479  -62.079  55.502 0.0000000000
81243  13.268  -62.390  55.031 0.0000000000
81244  13.093  -61.906  55.398 0.0000000000
81245  12.129  -61.033  55.522 0.0000000000
81246  12.309  -61.541  55.155 0.0000000000
81247  11.912  -61.351  55.017 0.0000000000
81248  11.700  -61.671  54.499 0.0000000000
81249  11.514  -61.157  54.868 0.0000000000
81261  10.826  -58.159  57.179 0.0000000000
81263  11.239  -58.381  57.325 0.0000000000
81266  11.594  -59.463  56.611 0.0000000000
81267  11.186  -59.250  56.469 0.0000000000
81268  10.336  -59.683  55.267 0.0000000000
81269  10.741  -59.897  55.437 0.0000000000
81270  10.524  -60.221  54.906 0.0000000000
81271  10.713  -60.753  54.541 0.0000000000
81272  10.311  -60.544  54.364 0.0000000000
81273  10.101  -60.868  53.812 0.0000000000
81274  9.908  -60.331  54.178 0.0000000000
81275  8.908  -59.345  54.141 0.0000000000
81276  9.103  -59.895  53.782 0.0000000000
81277  8.701  -59.672  53.573 0.0000000000
81278  8.496  -59.999  52.997 0.0000000000
81279  8.300  -59.446  53.356 0.0000000000
81283  7.112  -57.857  53.602 0.0000000000
81284  7.510  -58.093  53.836 0.0000000000
81285  7.308  -58.425  53.255 0.0000000000
81286  7.504  -58.988  52.904 0.0000000000
81287  7.109  -58.757  52.669 0.0000000000
81288  6.914  -59.089  52.077 0.0000000000
81289  6.716  -58.523  52.428 0.0000000000
81290  5.742  -57.479  52.272 0.0000000000
81291  5.938  -58.053  51.931 0.0000000000
81292  5.554  -57.817  51.676 0.0000000000
81293  5.370  -58.157  51.078 0.0000000000
81294  5.173  -57.580  51.417 0.0000000000
81363  3.875  -57.215  50.023 0.0000000000
82437  16.402  -62.634  56.452 0.0000000000
86692  15.714  -64.040  54.808 0.0000000000
86693  15.863  -64.388  54.497 0.0000000000
86694  15.554  -64.320  54.423 0.0000000000
86695  14.897  -64.845  53.451 0.0000000000
86696  15.243  -64.920  53.568 0.0000000000
86697  15.088  -65.236  53.102 0.0000000000
86698  15.286  -65.617  52.753 0.0000000000
86699  14.932  -65.559  52.614 0.0000000000
86700  13.427  -64.413  52.923 0.0000000000
86701  13.805  -64.539  53.065 0.0000000000
86702  13.624  -64.860  52.547 0.0000000000
86703  13.860  -66.059  51.246 0.0000000000
86704  14.030  -65.727  51.793 0.0000000000
86705  14.241  -66.148  51.413 0.0000000000
86706  14.616  -66.223  51.577 0.0000000000
86714  13.639  -68.305  48.082 0.0000000000
86715  10.293  -63.097  51.534 0.0000000000
86716  10.690  -63.286  51.730 0.0000000000
86717  10.498  -63.614  51.143 0.0000000000
86718  10.729  -64.962  49.742 0.0000000000
86719  10.913  -64.630  50.348 0.0000000000
86720  11.124  -65.130  49.945 0.0000000000
86721  11.520  -65.290  50.144 0.0000000000
86760  4.143  -59.656  47.797 0.0000000000
86761  4.508  -59.880  48.051 0.0000000000
86762  4.344  -60.231  47.441 0.0000000000
86763  4.588  -61.731  46.083 0.0000000000
86764  4.749  -61.375  46.704 0.0000000000
86765  4.954  -61.946  46.323 0.0000000000
86766  5.322  -62.160  46.562 0.0000000000
86767  5.160  -62.515  45.934 0.0000000000
86768  3.964  -63.189  43.586 0.0000000000
86769  4.117  -62.820  44.211 0.0000000000
86770  4.324  -63.394  43.811 0.0000000000
86772  5.051  -63.804  44.266 0.0000000000
86773  5.418  -64.008  44.495 0.0000000000
86774  5.578  -63.648  45.134 0.0000000000
92213  17.065  -64.875  54.324 0.0000000000
92215  16.785  -64.962  54.168 0.0000000000
92216  16.501  -65.014  54.030 0.0000000000
92221  17.103  -64.520  54.724 0.0000000000
93235  5.769  -59.300  50.382 0.0000000000
93236  5.969  -59.867  50.025 0.0000000000
93237  5.591  -59.640  49.775 0.0000000000
93238  5.417  -59.982  49.165 0.0000000000
93239  5.246  -60.326  48.553 0.0000000000
96826  12.076  -62.678  53.752 0.0000000000
96827  12.268  -63.171  53.375 0.0000000000
96828  11.875  -62.999  53.216 0.0000000000
96829  11.677  -63.322  52.666 0.0000000000
96830  11.482  -63.646  52.104 0.0000000000
96841  2.951  -63.540  41.906 0.0000000000
98086  16.634  -66.675  52.020 0.0000000000
98087  16.872  -67.001  51.668 0.0000000000
98088  16.518  -67.044  51.499 0.0000000000
101146  8.893  -61.093  52.263 0.0000000000
101147  9.093  -61.634  51.888 0.0000000000
101148  8.696  -61.421  51.672 0.0000000000
101149  8.502  -61.750  51.073 0.0000000000
101150  8.313  -62.082  50.467 0.0000000000
101151  6.787  -62.112  48.533 0.0000000000
101152  7.171  -62.327  48.769 0.0000000000
101153  6.996  -62.668  48.143 0.0000000000
101154  7.206  -63.221  47.746 0.0000000000
101155  7.417  -63.771  47.344 0.0000000000
101156  7.630  -64.317  46.935 0.0000000000
101157  7.246  -64.116  46.704 0.0000000000
101158  7.078  -64.464  46.061 0.0000000000
104390  2.353  -58.541  46.517 0.0000000000
104398  1.306  -61.177  42.412 0.0000000000
104404  -1.104  -58.794  41.790 0.0000000000
108642  15.851  -62.734  56.179 0.0000000000
108646  13.840  -60.157  57.565 0.0000000000
108647  13.994  -60.662  57.197 0.0000000000
108648  13.602  -60.471  57.135 0.0000000000
108649  13.369  -60.785  56.691 0.0000000000
108650  13.142  -61.098  56.235 0.0000000000
108651  12.920  -61.412  55.765 0.0000000000
108652  12.748  -60.909  56.131 0.0000000000
108653  12.350  -60.715  56.015 0.0000000000
108654  11.950  -60.517  55.887 0.0000000000
108663  10.413  -57.934  57.023 0.0000000000
108664  10.596  -58.487  56.671 0.0000000000
108665  10.778  -59.033  56.316 0.0000000000
108666  10.370  -58.813  56.153 0.0000000000
108667  10.148  -59.139  55.625 0.0000000000
108668  9.930  -59.464  55.087 0.0000000000
108669  9.716  -59.790  54.540 0.0000000000
108670  9.525  -59.243  54.899 0.0000000000
108672  8.715  -58.790  54.496 0.0000000000
108677  6.716  -57.620  53.361 0.0000000000
108678  6.519  -57.954  52.774 0.0000000000
108679  6.323  -57.381  53.115 0.0000000000
108680  5.933  -57.142  52.863 0.0000000000
108681  5.545  -56.901  52.607 0.0000000000
111919  15.065  -63.843  54.682 0.0000000000
111920  15.228  -64.236  54.342 0.0000000000
111921  14.888  -64.139  54.253 0.0000000000
111922  14.714  -64.444  53.802 0.0000000000
111923  14.542  -64.756  53.329 0.0000000000
111924  13.059  -65.061  51.849 0.0000000000
111925  13.444  -65.185  52.013 0.0000000000
111926  13.266  -65.513  51.462 0.0000000000
111932  13.181  -67.421  48.910 0.0000000000
111933  9.912  -63.755  50.338 0.0000000000
111934  10.308  -63.943  50.545 0.0000000000
111935  10.122  -64.274  49.938 0.0000000000
111936  10.333  -64.787  49.534 0.0000000000
111942  11.645  -67.759  47.031 0.0000000000
111944  11.872  -68.238  46.603 0.0000000000
111960  3.821  -60.366  46.581 0.0000000000
111961  4.182  -60.585  46.829 0.0000000000
111962  4.022  -60.942  46.217 0.0000000000
111963  4.225  -61.517  45.843 0.0000000000
111964  4.429  -62.091  45.461 0.0000000000
115330  16.930  -65.585  53.466 0.0000000000
115332  16.742  -66.308  52.522 0.0000000000
117709  7.312  -60.210  51.359 0.0000000000
117710  7.513  -60.766  50.992 0.0000000000
117711  7.123  -60.543  50.756 0.0000000000
117712  6.938  -60.878  50.148 0.0000000000
117713  6.757  -61.214  49.534 0.0000000000
117714  6.171  -60.431  49.662 0.0000000000
117715  6.375  -60.993  49.293 0.0000000000
117716  6.580  -61.554  48.916 0.0000000000
117717  6.406  -61.895  48.294 0.0000000000
117718  6.236  -62.240  47.668 0.0000000000
117719  6.068  -62.588  47.039 0.0000000000
123549  12.879  -59.236  57.785 0.0000000000
126088  13.623  -63.327  54.297 0.0000000000
126089  13.804  -63.780  53.931 0.0000000000
126090  13.427  -63.640  53.805 0.0000000000
126091  13.234  -63.957  53.297 0.0000000000
126092  13.044  -64.277  52.773 0.0000000000
126093  12.461  -63.655  52.996 0.0000000000
126094  12.657  -64.132  52.616 0.0000000000
126095  12.857  -64.601  52.233 0.0000000000
126096  12.672  -64.927  51.679 0.0000000000
126097  12.488  -65.255  51.111 0.0000000000
126098  12.307  -65.586  50.530 0.0000000000
126120  3.198  -61.824  44.140 0.0000000000
126121  3.554  -62.033  44.372 0.0000000000
126122  3.401  -62.405  43.755 0.0000000000
126123  3.606  -62.984  43.361 0.0000000000
126124  3.812  -63.562  42.959 0.0000000000
126125  3.305  -63.739  42.119 0.0000000000
126126  3.661  -63.938  42.333 0.0000000000
126128  4.226  -64.711  42.133 0.0000000000
135451  10.490  -61.925  53.068 0.0000000000
135452  10.687  -62.445  52.689 0.0000000000
135453  10.288  -62.249  52.499 0.0000000000
135454  10.091  -62.575  51.920 0.0000000000
135455  9.896  -62.903  51.331 0.0000000000
135456  9.295  -62.171  51.508 0.0000000000
135457  9.499  -62.704  51.123 0.0000000000
135458  9.705  -63.232  50.733 0.0000000000
135459  9.517  -63.563  50.125 0.0000000000
135460  9.331  -63.895  49.510 0.0000000000
135461  9.149  -64.230  48.886 0.0000000000
135462  7.716  -61.318  50.619 0.0000000000
135463  7.921  -61.868  50.239 0.0000000000
135464  8.127  -62.415  49.854 0.0000000000
135465  7.557  -62.540  49.003 0.0000000000
135466  7.945  -62.751  49.234 0.0000000000
135467  8.336  -62.959  49.462 0.0000000000
135468  8.546  -63.499  49.065 0.0000000000
135469  8.757  -64.035  48.663 0.0000000000
135470  8.969  -64.566  48.256 0.0000000000
135471  8.792  -64.905  47.620 0.0000000000
135474  7.843  -64.861  46.521 0.0000000000
142133  4.473  -58.956  49.010 0.0000000000
142135  3.942  -59.079  48.147 0.0000000000
142136  3.781  -59.433  47.543 0.0000000000
142137  3.220  -58.627  47.630 0.0000000000
142138  3.420  -59.209  47.288 0.0000000000
142139  3.621  -59.789  46.938 0.0000000000
142140  3.462  -60.148  46.333 0.0000000000
142141  3.305  -60.509  45.727 0.0000000000
142142  3.150  -60.874  45.122 0.0000000000
142144  2.002  -58.319  46.260 0.0000000000
142145  2.200  -58.908  45.927 0.0000000000
142147  2.048  -59.278  45.338 0.0000000000
142148  2.398  -59.494  45.587 0.0000000000
142149  2.597  -60.079  45.238 0.0000000000
142152  2.845  -61.615  43.909 0.0000000000
142153  2.694  -61.992  43.302 0.0000000000
142154  2.545  -62.372  42.696 0.0000000000
142156  2.196  -62.169  42.477 0.0000000000
142157  2.397  -62.756  42.091 0.0000000000
142167  -0.149  -58.396  43.313 0.0000000000
142168  0.044  -58.992  42.994 0.0000000000
142178  0.430  -60.182  42.327 0.0000000000
150714  16.274  -64.187  54.887 0.0000000000
150716  15.883  -63.775  55.163 0.0000000000
150717  15.574  -63.669  55.133 0.0000000000
150718  15.639  -63.002  55.834 0.0000000000
150720  15.248  -63.555  55.088 0.0000000000
150721  14.908  -63.433  55.028 0.0000000000
150722  14.555  -63.303  54.955 0.0000000000
150723  14.193  -63.164  54.870 0.0000000000
150725  14.899  -61.512  56.905 0.0000000000
150726  14.670  -61.810  56.509 0.0000000000
150727  14.146  -61.156  56.830 0.0000000000
150728  14.297  -61.638  56.463 0.0000000000
150729  14.449  -62.108  56.099 0.0000000000
150730  14.234  -62.409  55.673 0.0000000000
150731  14.026  -62.712  55.231 0.0000000000
150732  13.822  -63.018  54.772 0.0000000000
150733  13.444  -62.864  54.664 0.0000000000
150734  13.061  -62.702  54.545 0.0000000000
150735  12.673  -62.534  54.415 0.0000000000
150736  12.703  -61.726  55.282 0.0000000000
150737  12.490  -62.042  54.786 0.0000000000
150738  12.281  -62.359  54.276 0.0000000000
150739  11.887  -62.178  54.127 0.0000000000
150740  11.491  -61.991  53.969 0.0000000000
150741  11.093  -61.799  53.802 0.0000000000
150750  12.472  -59.027  57.690 0.0000000000
150759  12.233  -59.350  57.221 0.0000000000
150760  12.000  -59.672  56.741 0.0000000000
150761  11.772  -59.993  56.250 0.0000000000
150762  11.548  -60.314  55.748 0.0000000000
150763  10.961  -59.574  55.959 0.0000000000
150764  11.145  -60.108  55.598 0.0000000000
150765  11.329  -60.636  55.234 0.0000000000
150766  11.114  -60.957  54.709 0.0000000000
150767  10.902  -61.279  54.173 0.0000000000
150768  10.694  -61.601  53.626 0.0000000000
150769  10.294  -61.399  53.442 0.0000000000
150770  9.894  -61.192  53.250 0.0000000000
150771  9.493  -60.981  53.051 0.0000000000
150772  9.505  -60.115  53.984 0.0000000000
150773  9.297  -60.440  53.419 0.0000000000
150774  9.093  -60.766  52.845 0.0000000000
150775  8.694  -60.548  52.632 0.0000000000
150776  8.296  -60.327  52.413 0.0000000000
150777  7.899  -60.104  52.188 0.0000000000
150779  8.522  -58.231  54.847 0.0000000000
150780  8.312  -58.560  54.283 0.0000000000
150781  7.716  -57.762  54.410 0.0000000000
150782  7.910  -58.327  54.063 0.0000000000
150783  8.105  -58.889  53.712 0.0000000000
150784  7.901  -59.218  53.133 0.0000000000
150785  7.701  -59.548  52.548 0.0000000000
150786  7.504  -59.878  51.957 0.0000000000
150787  7.112  -59.651  51.721 0.0000000000
150788  6.722  -59.422  51.480 0.0000000000
150789  6.335  -59.192  51.235 0.0000000000
150790  6.326  -58.289  52.182 0.0000000000
150791  6.136  -58.625  51.586 0.0000000000
150792  5.951  -58.962  50.985 0.0000000000
150793  5.569  -58.730  50.732 0.0000000000
150794  5.191  -58.497  50.476 0.0000000000
150875  4.617  -57.686  50.556 0.0000000000
150881  3.144  -56.744  49.480 0.0000000000
152172  16.615  -63.796  55.392 0.0000000000
157280  16.150  -64.436  54.567 0.0000000000
157281  16.026  -64.716  54.199 0.0000000000
157282  15.899  -65.016  53.793 0.0000000000
157283  15.398  -64.614  54.009 0.0000000000
157284  15.577  -64.978  53.681 0.0000000000
157285  15.767  -65.331  53.355 0.0000000000
157286  15.632  -65.656  52.891 0.0000000000
157288  15.349  -66.328  51.894 0.0000000000
157289  13.989  -64.222  53.566 0.0000000000
157290  14.177  -64.653  53.201 0.0000000000
157291  14.371  -65.075  52.836 0.0000000000
157292  13.825  -65.298  52.171 0.0000000000
157293  14.200  -65.399  52.324 0.0000000000
157294  14.570  -65.486  52.471 0.0000000000
157295  14.774  -65.889  52.105 0.0000000000
157296  14.986  -66.284  51.737 0.0000000000
157298  15.054  -67.019  50.820 0.0000000000
157307  10.886  -62.960  52.307 0.0000000000
157308  11.087  -63.469  51.920 0.0000000000
157309  11.290  -63.972  51.530 0.0000000000
157310  10.705  -64.125  50.748 0.0000000000
157311  11.100  -64.300  50.945 0.0000000000
157312  11.495  -64.469  51.136 0.0000000000
157313  11.703  -64.959  50.739 0.0000000000
157314  11.914  -65.442  50.339 0.0000000000
157326  12.785  -67.314  48.710 0.0000000000
157327  13.011  -67.768  48.295 0.0000000000
157328  12.443  -68.008  47.459 0.0000000000
157361  4.674  -59.531  48.660 0.0000000000
157362  4.875  -60.103  48.303 0.0000000000
157363  5.078  -60.673  47.939 0.0000000000
157364  4.546  -60.804  47.076 0.0000000000
157365  4.912  -61.022  47.322 0.0000000000
157366  5.281  -61.241  47.568 0.0000000000
157367  5.486  -61.808  47.188 0.0000000000
157368  5.693  -62.374  46.801 0.0000000000
157369  5.902  -62.938  46.407 0.0000000000
157370  3.912  -62.243  44.604 0.0000000000
157371  4.272  -62.453  44.837 0.0000000000
157372  4.635  -62.664  45.070 0.0000000000
157374  4.842  -63.235  44.671 0.0000000000
157375  5.000  -62.874  45.304 0.0000000000
157376  5.368  -63.083  45.538 0.0000000000
157377  5.739  -63.292  45.772 0.0000000000
157378  6.112  -63.500  46.006 0.0000000000
157379  6.323  -64.059  45.598 0.0000000000
157396  4.853  -66.422  40.843 0.0000000000
