#!ascii label  , from subject fsaverage vox2ras=TkReg
441
349  -1.151  -79.899  -43.531 0.0000000000
350  7.756  -78.805  -40.894 0.0000000000
445  -0.521  -91.557  -40.014 0.0000000000
1407  6.515  -71.244  -41.792 0.0000000000
1779  4.259  -86.445  -41.316 0.0000000000
1781  3.552  -79.798  -42.483 0.0000000000
1998  -0.732  -86.139  -42.021 0.0000000000
3924  1.552  -83.275  -42.478 0.0000000000
3925  3.935  -83.212  -41.940 0.0000000000
3926  1.250  -79.958  -43.091 0.0000000000
4377  -0.511  -93.922  -38.795 0.0000000000
4382  1.990  -89.337  -40.941 0.0000000000
4383  -0.595  -88.956  -41.087 0.0000000000
6099  -3.826  -76.329  -44.507 0.0000000000
6100  -1.429  -76.507  -44.159 0.0000000000
6373  -3.149  -90.829  -39.810 0.0000000000
6374  -3.192  -88.351  -40.993 0.0000000000
7139  7.147  -75.084  -41.342 0.0000000000
7992  6.201  -82.915  -41.244 0.0000000000
7993  5.728  -79.416  -41.740 0.0000000000
7994  0.894  -76.473  -43.636 0.0000000000
7995  3.110  -76.224  -42.970 0.0000000000
7996  5.199  -75.764  -42.197 0.0000000000
8575  1.798  -86.406  -41.770 0.0000000000
8576  -0.919  -83.115  -42.827 0.0000000000
8577  -3.286  -85.653  -42.044 0.0000000000
8578  -3.430  -82.740  -42.964 0.0000000000
8579  -3.610  -79.625  -43.776 0.0000000000
11604  0.199  -81.611  -43.017 0.0000000000
11605  1.408  -81.638  -42.795 0.0000000000
11606  0.061  -79.956  -43.334 0.0000000000
12057  -0.507  -92.771  -39.423 0.0000000000
12061  0.797  -91.839  -40.024 0.0000000000
12062  0.758  -90.536  -40.551 0.0000000000
12063  -0.550  -90.285  -40.568 0.0000000000
13337  8.044  -80.611  -40.664 0.0000000000
14462  -4.462  -89.207  -40.253 0.0000000000
15737  6.833  -73.178  -41.565 0.0000000000
15738  8.062  -74.662  -40.892 0.0000000000
17532  3.751  -81.526  -42.220 0.0000000000
17533  5.085  -83.094  -41.610 0.0000000000
17534  4.879  -81.385  -41.875 0.0000000000
17535  5.973  -81.186  -41.498 0.0000000000
17536  4.658  -79.635  -42.126 0.0000000000
17537  -1.584  -74.750  -44.451 0.0000000000
17538  -0.255  -76.517  -43.918 0.0000000000
17542  2.872  -74.382  -43.201 0.0000000000
17543  4.171  -76.021  -42.594 0.0000000000
17544  3.913  -74.162  -42.819 0.0000000000
17545  4.921  -73.888  -42.418 0.0000000000
18904  0.628  -87.764  -41.500 0.0000000000
18905  1.901  -87.897  -41.372 0.0000000000
18906  0.539  -86.300  -41.923 0.0000000000
18907  0.438  -84.786  -42.314 0.0000000000
18908  -0.820  -84.652  -42.439 0.0000000000
18910  -3.232  -87.029  -41.535 0.0000000000
18911  -4.563  -85.331  -41.966 0.0000000000
18913  -4.689  -82.475  -42.948 0.0000000000
18914  -4.765  -80.968  -43.396 0.0000000000
18915  -3.516  -81.206  -43.382 0.0000000000
18916  -4.848  -79.412  -43.820 0.0000000000
18917  -4.937  -77.812  -44.223 0.0000000000
25494  2.906  -84.888  -41.912 0.0000000000
25495  4.105  -84.853  -41.640 0.0000000000
25496  2.756  -83.272  -42.231 0.0000000000
25497  2.593  -81.610  -42.527 0.0000000000
25498  2.415  -79.906  -42.806 0.0000000000
26309  -0.532  -95.007  -38.129 0.0000000000
26319  2.060  -90.727  -40.474 0.0000000000
26320  0.702  -89.176  -41.043 0.0000000000
26321  -0.656  -87.574  -41.571 0.0000000000
29589  -2.494  -78.137  -44.026 0.0000000000
29590  -1.284  -78.224  -43.853 0.0000000000
29591  -2.622  -76.443  -44.356 0.0000000000
30229  -1.838  -91.220  -39.942 0.0000000000
30230  -1.859  -89.978  -40.523 0.0000000000
30231  -3.164  -89.618  -40.418 0.0000000000
30232  -4.484  -87.970  -40.856 0.0000000000
32015  7.456  -76.962  -41.119 0.0000000000
34304  5.276  -84.758  -41.327 0.0000000000
34305  6.413  -84.602  -40.975 0.0000000000
34307  7.279  -82.677  -40.848 0.0000000000
34308  7.028  -80.928  -41.093 0.0000000000
34309  6.761  -79.139  -41.328 0.0000000000
34310  -0.091  -78.258  -43.633 0.0000000000
34311  1.079  -78.236  -43.370 0.0000000000
34312  2.222  -78.160  -43.068 0.0000000000
34314  2.017  -76.375  -43.318 0.0000000000
34315  3.338  -78.030  -42.732 0.0000000000
34316  4.421  -77.847  -42.365 0.0000000000
34317  5.469  -77.608  -41.972 0.0000000000
34318  6.481  -77.313  -41.555 0.0000000000
34319  6.192  -75.452  -41.778 0.0000000000
34320  5.895  -73.560  -41.999 0.0000000000
35986  3.159  -87.972  -41.192 0.0000000000
35987  3.040  -86.455  -41.567 0.0000000000
35988  1.682  -84.865  -42.138 0.0000000000
35989  0.325  -83.223  -42.678 0.0000000000
35990  -1.029  -81.530  -43.190 0.0000000000
35991  -1.894  -88.680  -41.070 0.0000000000
35992  -1.944  -87.328  -41.583 0.0000000000
35993  -2.009  -85.922  -42.062 0.0000000000
35994  -4.621  -83.931  -42.472 0.0000000000
35995  -3.353  -84.223  -42.519 0.0000000000
35996  -2.085  -84.464  -42.508 0.0000000000
35997  -2.173  -82.954  -42.923 0.0000000000
35998  -2.269  -81.395  -43.313 0.0000000000
35999  -2.376  -79.788  -43.679 0.0000000000
36000  -3.714  -77.999  -44.150 0.0000000000
36001  -5.035  -76.168  -44.607 0.0000000000
42324  -0.476  -80.761  -43.277 0.0000000000
42325  0.132  -80.789  -43.178 0.0000000000
42326  -0.543  -79.934  -43.439 0.0000000000
42777  -0.512  -92.172  -39.723 0.0000000000
42778  0.156  -92.934  -39.449 0.0000000000
42779  0.149  -92.327  -39.742 0.0000000000
42780  0.810  -92.469  -39.746 0.0000000000
42781  0.138  -91.705  -40.026 0.0000000000
42782  0.123  -91.068  -40.301 0.0000000000
42783  -0.534  -90.928  -40.295 0.0000000000
44057  7.902  -79.713  -40.780 0.0000000000
46458  7.287  -72.967  -41.343 0.0000000000
48252  3.653  -80.667  -42.353 0.0000000000
48253  4.319  -81.463  -42.052 0.0000000000
48254  4.216  -80.598  -42.182 0.0000000000
48255  4.770  -80.515  -42.002 0.0000000000
48256  4.109  -79.724  -42.308 0.0000000000
48258  -1.004  -74.750  -44.326 0.0000000000
48263  3.397  -74.278  -43.012 0.0000000000
49624  -0.053  -86.958  -41.765 0.0000000000
49625  0.585  -87.039  -41.716 0.0000000000
49626  -0.096  -86.227  -41.979 0.0000000000
49627  -0.141  -85.483  -42.185 0.0000000000
49628  -0.775  -85.402  -42.234 0.0000000000
49630  -4.539  -86.012  -41.701 0.0000000000
49631  -5.202  -85.152  -41.906 0.0000000000
49633  -5.391  -80.830  -43.381 0.0000000000
49635  -4.806  -80.196  -43.610 0.0000000000
49636  -5.467  -79.288  -43.821 0.0000000000
57849  2.229  -84.088  -42.199 0.0000000000
57850  2.833  -84.086  -42.074 0.0000000000
57851  2.157  -83.281  -42.360 0.0000000000
57852  1.331  -80.804  -42.945 0.0000000000
57853  2.004  -81.631  -42.667 0.0000000000
57854  1.922  -80.790  -42.812 0.0000000000
57855  2.506  -80.763  -42.669 0.0000000000
57856  1.836  -79.939  -42.953 0.0000000000
59207  -0.520  -94.473  -38.466 0.0000000000
59209  0.147  -94.658  -38.511 0.0000000000
59223  2.087  -91.401  -40.228 0.0000000000
59224  0.081  -89.752  -40.824 0.0000000000
59225  0.732  -89.863  -40.802 0.0000000000
59226  0.054  -89.074  -41.073 0.0000000000
59227  0.022  -88.382  -41.312 0.0000000000
59228  -0.624  -88.272  -41.334 0.0000000000
65049  -3.162  -77.238  -44.268 0.0000000000
65050  -2.557  -77.295  -44.193 0.0000000000
65051  -3.223  -76.392  -44.438 0.0000000000
66419  -2.490  -91.623  -39.573 0.0000000000
66420  -1.832  -91.820  -39.639 0.0000000000
66421  -2.494  -91.032  -39.884 0.0000000000
66422  -2.501  -90.425  -40.185 0.0000000000
66423  -3.155  -90.231  -40.118 0.0000000000
66425  -4.472  -88.596  -40.559 0.0000000000
70247  7.302  -76.027  -41.231 0.0000000000
70248  7.928  -76.765  -40.895 0.0000000000
70249  7.770  -75.826  -41.007 0.0000000000
70256  7.990  -71.530  -41.008 0.0000000000
75632  4.022  -84.038  -41.793 0.0000000000
75633  4.694  -84.813  -41.489 0.0000000000
75634  4.606  -83.992  -41.637 0.0000000000
75635  5.648  -83.012  -41.431 0.0000000000
75636  5.750  -83.855  -41.296 0.0000000000
75637  6.309  -83.764  -41.112 0.0000000000
75639  6.859  -83.658  -40.920 0.0000000000
75641  6.745  -82.804  -41.050 0.0000000000
75642  5.852  -80.306  -41.621 0.0000000000
75643  6.505  -81.064  -41.299 0.0000000000
75644  6.379  -80.179  -41.419 0.0000000000
75645  6.896  -80.038  -41.212 0.0000000000
75646  6.249  -79.285  -41.537 0.0000000000
75647  -1.355  -77.370  -44.008 0.0000000000
75648  -0.685  -78.248  -43.749 0.0000000000
75649  -0.761  -77.388  -43.898 0.0000000000
75650  0.323  -76.502  -43.782 0.0000000000
75651  0.412  -77.383  -43.646 0.0000000000
75652  0.988  -77.360  -43.505 0.0000000000
75653  1.654  -78.205  -43.224 0.0000000000
75654  1.558  -77.323  -43.354 0.0000000000
75658  2.455  -75.394  -43.266 0.0000000000
75659  1.909  -75.468  -43.440 0.0000000000
75660  2.567  -76.306  -43.148 0.0000000000
75661  2.677  -77.209  -43.027 0.0000000000
75662  3.225  -77.132  -42.852 0.0000000000
75663  3.883  -77.945  -42.552 0.0000000000
75664  3.766  -77.042  -42.669 0.0000000000
75665  4.689  -75.899  -42.398 0.0000000000
75666  4.821  -76.821  -42.286 0.0000000000
75667  5.335  -76.691  -42.085 0.0000000000
75668  5.980  -77.468  -41.766 0.0000000000
75669  5.841  -76.546  -41.879 0.0000000000
75670  6.337  -76.387  -41.667 0.0000000000
75671  5.700  -75.615  -41.990 0.0000000000
75672  4.780  -72.939  -42.529 0.0000000000
75673  5.413  -73.730  -42.211 0.0000000000
75674  5.267  -72.777  -42.322 0.0000000000
75675  5.746  -72.603  -42.110 0.0000000000
79749  2.669  -90.104  -40.646 0.0000000000
79751  2.628  -89.396  -40.869 0.0000000000
79752  1.851  -87.158  -41.575 0.0000000000
79753  2.533  -87.942  -41.288 0.0000000000
79754  2.479  -87.196  -41.486 0.0000000000
79755  3.102  -87.220  -41.384 0.0000000000
79756  2.422  -86.438  -41.675 0.0000000000
79757  2.361  -85.667  -41.856 0.0000000000
79758  1.742  -85.642  -41.958 0.0000000000
79759  -0.241  -83.957  -42.574 0.0000000000
79760  0.383  -84.011  -42.499 0.0000000000
79761  -0.295  -83.176  -42.759 0.0000000000
79762  -0.353  -82.382  -42.937 0.0000000000
79763  -0.972  -82.329  -43.012 0.0000000000
79764  -2.526  -89.170  -40.763 0.0000000000
79765  -1.875  -89.336  -40.801 0.0000000000
79766  -2.543  -88.522  -41.039 0.0000000000
79767  -3.257  -86.347  -41.793 0.0000000000
79768  -2.588  -87.185  -41.566 0.0000000000
79769  -2.616  -86.496  -41.817 0.0000000000
79770  -1.975  -86.632  -41.827 0.0000000000
79771  -2.647  -85.794  -42.060 0.0000000000
79773  -5.255  -83.765  -42.427 0.0000000000
79774  -5.286  -83.051  -42.676 0.0000000000
79775  -4.060  -82.614  -42.963 0.0000000000
79776  -4.022  -83.356  -42.737 0.0000000000
79777  -3.391  -83.488  -42.745 0.0000000000
79778  -2.719  -84.350  -42.521 0.0000000000
79779  -2.759  -83.608  -42.739 0.0000000000
79780  -2.128  -83.715  -42.719 0.0000000000
79781  -2.801  -82.854  -42.951 0.0000000000
79782  -3.562  -80.421  -43.581 0.0000000000
79783  -2.892  -81.307  -43.354 0.0000000000
79784  -2.941  -80.516  -43.547 0.0000000000
79785  -2.321  -80.597  -43.498 0.0000000000
79786  -2.993  -79.713  -43.734 0.0000000000
79787  -3.047  -78.899  -43.916 0.0000000000
79788  -3.661  -78.817  -43.965 0.0000000000
94614  0.875  -82.450  -42.751 0.0000000000
94615  1.482  -82.462  -42.639 0.0000000000
94616  0.806  -81.632  -42.912 0.0000000000
94617  0.734  -80.803  -43.068 0.0000000000
94618  0.659  -79.964  -43.218 0.0000000000
95429  -0.507  -93.355  -39.114 0.0000000000
95431  0.157  -93.525  -39.146 0.0000000000
95438  1.435  -91.305  -40.267 0.0000000000
95439  0.779  -91.194  -40.292 0.0000000000
95440  0.104  -90.417  -40.567 0.0000000000
95441  -0.571  -89.627  -40.832 0.0000000000
98934  -4.486  -75.411  -44.742 0.0000000000
99757  -3.800  -90.614  -39.721 0.0000000000
99758  -3.806  -90.024  -40.036 0.0000000000
102053  6.991  -74.134  -41.453 0.0000000000
102054  7.610  -74.880  -41.118 0.0000000000
102055  7.449  -73.927  -41.230 0.0000000000
102056  7.896  -73.705  -41.005 0.0000000000
102057  8.333  -73.470  -40.777 0.0000000000
105284  3.845  -82.374  -42.082 0.0000000000
105285  4.514  -83.160  -41.779 0.0000000000
105286  4.419  -82.317  -41.918 0.0000000000
105287  4.984  -82.245  -41.745 0.0000000000
105288  5.541  -82.158  -41.563 0.0000000000
105289  6.089  -82.056  -41.373 0.0000000000
105290  5.431  -81.293  -41.691 0.0000000000
105291  5.316  -80.418  -41.815 0.0000000000
105292  5.197  -79.533  -41.936 0.0000000000
105293  -1.506  -75.633  -44.307 0.0000000000
105294  -0.839  -76.519  -44.044 0.0000000000
105295  -0.920  -75.639  -44.186 0.0000000000
105296  -0.341  -75.632  -44.055 0.0000000000
105297  0.232  -75.611  -43.915 0.0000000000
105301  2.340  -74.474  -43.383 0.0000000000
105302  2.992  -75.307  -43.086 0.0000000000
105303  3.645  -76.129  -42.785 0.0000000000
105304  3.522  -75.208  -42.899 0.0000000000
105305  4.043  -75.095  -42.707 0.0000000000
105306  4.556  -74.969  -42.510 0.0000000000
105307  5.061  -74.830  -42.307 0.0000000000
105308  4.421  -74.031  -42.621 0.0000000000
107754  1.309  -88.557  -41.225 0.0000000000
107755  1.948  -88.623  -41.161 0.0000000000
107756  1.266  -87.838  -41.443 0.0000000000
107757  1.220  -87.105  -41.652 0.0000000000
107758  1.170  -86.360  -41.853 0.0000000000
107759  1.118  -85.603  -42.046 0.0000000000
107760  0.490  -85.550  -42.122 0.0000000000
107761  -0.190  -84.726  -42.383 0.0000000000
107762  -0.868  -83.890  -42.636 0.0000000000
107763  -3.856  -87.520  -41.214 0.0000000000
107764  -3.210  -87.696  -41.268 0.0000000000
107765  -3.876  -86.860  -41.489 0.0000000000
107766  -3.899  -86.186  -41.755 0.0000000000
107767  -3.925  -85.498  -42.012 0.0000000000
107768  -5.981  -81.427  -43.116 0.0000000000
107769  -5.319  -82.324  -42.918 0.0000000000
107770  -5.354  -81.583  -43.153 0.0000000000
107771  -4.727  -81.728  -43.175 0.0000000000
107772  -4.099  -81.860  -43.183 0.0000000000
107773  -3.472  -81.979  -43.176 0.0000000000
107774  -4.140  -81.093  -43.396 0.0000000000
107775  -4.183  -80.315  -43.603 0.0000000000
107776  -4.228  -79.525  -43.804 0.0000000000
107777  -4.276  -78.723  -44.001 0.0000000000
107778  -4.891  -78.618  -44.024 0.0000000000
120924  3.583  -85.674  -41.618 0.0000000000
120925  4.184  -85.655  -41.482 0.0000000000
120926  3.509  -84.878  -41.782 0.0000000000
120927  3.431  -84.069  -41.939 0.0000000000
120928  3.349  -83.249  -42.090 0.0000000000
120929  2.082  -82.462  -42.516 0.0000000000
120930  2.676  -82.447  -42.382 0.0000000000
120931  3.264  -82.418  -42.237 0.0000000000
120932  3.175  -81.575  -42.378 0.0000000000
120933  3.083  -80.722  -42.516 0.0000000000
120934  2.987  -79.859  -42.649 0.0000000000
122849  2.027  -90.039  -40.712 0.0000000000
122850  1.410  -90.639  -40.520 0.0000000000
122851  1.381  -89.958  -40.764 0.0000000000
122852  1.347  -89.264  -40.999 0.0000000000
122853  0.667  -88.477  -41.276 0.0000000000
122854  -0.013  -87.676  -41.543 0.0000000000
122855  -0.692  -86.863  -41.801 0.0000000000
130779  -1.823  -79.024  -43.781 0.0000000000
130780  -1.216  -79.067  -43.694 0.0000000000
130781  -1.888  -78.187  -43.946 0.0000000000
130782  -1.954  -77.339  -44.107 0.0000000000
130783  -2.024  -76.481  -44.264 0.0000000000
130786  -2.096  -75.613  -44.417 0.0000000000
132514  -1.171  -93.170  -39.066 0.0000000000
132515  -1.170  -92.594  -39.382 0.0000000000
132516  -1.173  -92.003  -39.689 0.0000000000
132517  -1.180  -91.396  -39.986 0.0000000000
132518  -1.190  -90.774  -40.274 0.0000000000
132519  -1.846  -90.606  -40.237 0.0000000000
132520  -2.512  -89.805  -40.478 0.0000000000
132521  -3.176  -88.991  -40.710 0.0000000000
132522  -3.814  -89.419  -40.343 0.0000000000
132523  -3.825  -88.800  -40.642 0.0000000000
132524  -3.839  -88.167  -40.932 0.0000000000
132525  -4.500  -87.331  -41.146 0.0000000000
137363  7.607  -77.888  -41.007 0.0000000000
137364  8.238  -78.616  -40.670 0.0000000000
137365  8.084  -77.695  -40.783 0.0000000000
137366  8.551  -77.488  -40.555 0.0000000000
143960  4.778  -85.621  -41.335 0.0000000000
143961  5.365  -85.572  -41.177 0.0000000000
143962  5.943  -85.508  -41.010 0.0000000000
143963  5.182  -83.931  -41.471 0.0000000000
143964  5.849  -84.687  -41.156 0.0000000000
143971  7.804  -82.535  -40.639 0.0000000000
143972  6.627  -81.939  -41.176 0.0000000000
143973  7.156  -81.807  -40.972 0.0000000000
143974  7.674  -81.660  -40.762 0.0000000000
143975  7.541  -80.776  -40.881 0.0000000000
143976  7.404  -79.883  -40.999 0.0000000000
143977  7.263  -78.980  -41.114 0.0000000000
143978  -0.612  -79.096  -43.596 0.0000000000
143979  -0.013  -79.112  -43.486 0.0000000000
143980  0.580  -79.114  -43.365 0.0000000000
143981  -0.171  -77.393  -43.777 0.0000000000
143982  0.497  -78.254  -43.507 0.0000000000
143983  1.166  -79.103  -43.233 0.0000000000
143984  1.747  -79.077  -43.091 0.0000000000
143985  2.320  -79.038  -42.939 0.0000000000
143986  2.887  -78.985  -42.778 0.0000000000
143989  0.798  -75.576  -43.765 0.0000000000
143990  1.253  -74.618  -43.729 0.0000000000
143991  1.357  -75.529  -43.606 0.0000000000
143992  1.459  -76.430  -43.481 0.0000000000
143993  2.121  -77.272  -43.195 0.0000000000
143994  2.784  -78.102  -42.904 0.0000000000
143995  3.447  -78.919  -42.609 0.0000000000
143996  3.998  -78.839  -42.432 0.0000000000
143997  4.541  -78.746  -42.247 0.0000000000
143998  5.075  -78.639  -42.055 0.0000000000
143999  4.297  -76.938  -42.481 0.0000000000
144000  4.949  -77.735  -42.171 0.0000000000
144001  5.600  -78.517  -41.857 0.0000000000
144002  6.116  -78.381  -41.653 0.0000000000
144003  6.623  -78.231  -41.443 0.0000000000
144004  7.120  -78.067  -41.227 0.0000000000
144005  6.973  -77.145  -41.340 0.0000000000
144006  6.825  -76.214  -41.451 0.0000000000
144007  6.674  -75.275  -41.562 0.0000000000
144008  5.557  -74.676  -42.100 0.0000000000
144009  6.044  -74.509  -41.888 0.0000000000
144010  6.522  -74.329  -41.673 0.0000000000
144011  6.369  -73.375  -41.784 0.0000000000
144012  6.215  -72.415  -41.896 0.0000000000
148938  2.583  -88.675  -41.083 0.0000000000
148939  3.213  -88.712  -40.992 0.0000000000
148943  3.653  -86.458  -41.447 0.0000000000
148944  2.975  -85.678  -41.743 0.0000000000
148945  2.297  -84.884  -42.031 0.0000000000
148946  1.619  -84.076  -42.311 0.0000000000
148947  1.062  -84.833  -42.232 0.0000000000
148948  1.003  -84.050  -42.411 0.0000000000
148949  0.941  -83.256  -42.584 0.0000000000
148950  0.264  -82.423  -42.850 0.0000000000
148951  -0.413  -81.577  -43.110 0.0000000000
148952  -1.088  -80.720  -43.364 0.0000000000
148953  -1.205  -90.138  -40.553 0.0000000000
148954  -1.223  -89.488  -40.824 0.0000000000
148955  -1.245  -88.825  -41.086 0.0000000000
148956  -2.564  -87.860  -41.307 0.0000000000
148957  -1.917  -88.011  -41.331 0.0000000000
148958  -1.271  -88.148  -41.340 0.0000000000
148959  -1.300  -87.458  -41.585 0.0000000000
148960  -1.333  -86.754  -41.821 0.0000000000
148961  -1.370  -86.037  -42.049 0.0000000000
148962  -5.227  -84.465  -42.170 0.0000000000
148963  -4.591  -84.638  -42.223 0.0000000000
148964  -3.954  -84.798  -42.262 0.0000000000
148965  -4.654  -83.210  -42.714 0.0000000000
148966  -3.987  -84.083  -42.503 0.0000000000
148967  -3.318  -84.945  -42.285 0.0000000000
148968  -2.682  -85.079  -42.295 0.0000000000
148969  -2.046  -85.200  -42.289 0.0000000000
148970  -1.410  -85.308  -42.269 0.0000000000
148971  -1.452  -84.565  -42.480 0.0000000000
148972  -1.497  -83.809  -42.685 0.0000000000
148973  -1.545  -83.041  -42.882 0.0000000000
148974  -2.846  -82.086  -43.156 0.0000000000
148975  -2.220  -82.180  -43.121 0.0000000000
148976  -1.595  -82.261  -43.073 0.0000000000
148977  -1.648  -81.469  -43.258 0.0000000000
148978  -1.704  -80.665  -43.437 0.0000000000
148979  -1.762  -79.850  -43.612 0.0000000000
148980  -2.434  -78.968  -43.855 0.0000000000
148981  -3.103  -78.074  -44.094 0.0000000000
148982  -3.769  -77.169  -44.330 0.0000000000
148983  -4.325  -77.911  -44.193 0.0000000000
148984  -4.377  -77.088  -44.380 0.0000000000
148985  -4.430  -76.254  -44.563 0.0000000000
