#!ascii label  , from subject fsaverage vox2ras=TkReg
148
102  4.643  -58.609  49.614 0.0000000000
1680  0.575  -59.790  42.890 0.0000000000
3757  0.380  -55.875  46.396 0.0000000000
7756  3.180  -57.685  48.561 0.0000000000
7759  1.946  -60.614  43.811 0.0000000000
7760  1.356  -62.160  41.460 0.0000000000
7761  -0.770  -58.990  42.005 0.0000000000
8797  2.389  -55.326  49.821 0.0000000000
17032  2.464  -57.226  48.024 0.0000000000
17034  2.154  -57.952  46.847 0.0000000000
17035  0.866  -59.017  44.025 0.0000000000
17036  1.552  -59.438  44.507 0.0000000000
17037  1.257  -60.200  43.347 0.0000000000
17038  1.651  -61.379  42.632 0.0000000000
17039  0.964  -60.976  42.195 0.0000000000
19442  3.457  -55.103  51.568 0.0000000000
19444  2.722  -54.618  50.994 0.0000000000
25195  1.064  -56.319  46.940 0.0000000000
25196  1.456  -57.507  46.323 0.0000000000
25197  0.768  -57.068  45.799 0.0000000000
25198  0.476  -57.828  44.668 0.0000000000
33670  3.906  -58.147  49.092 0.0000000000
33675  1.850  -58.689  45.674 0.0000000000
33677  2.644  -61.032  44.280 0.0000000000
33680  1.752  -63.343  40.686 0.0000000000
33681  -0.865  -56.993  43.682 0.0000000000
33688  1.060  -62.958  40.297 0.0000000000
36609  4.992  -57.922  50.818 0.0000000000
36634  4.965  -56.078  52.671 0.0000000000
36635  4.597  -56.762  51.485 0.0000000000
36636  4.244  -57.451  50.291 0.0000000000
36638  2.783  -56.509  49.205 0.0000000000
36639  2.069  -56.043  48.650 0.0000000000
36642  1.366  -55.581  48.089 0.0000000000
43561  2.653  -64.315  40.679 0.0000000000
47752  2.110  -56.997  47.754 0.0000000000
47753  2.309  -57.588  47.435 0.0000000000
47754  1.956  -57.362  47.169 0.0000000000
47755  0.721  -59.402  43.456 0.0000000000
47756  1.061  -59.609  43.690 0.0000000000
47757  0.915  -59.994  43.117 0.0000000000
50160  3.440  -54.163  52.458 0.0000000000
50161  3.634  -54.756  52.157 0.0000000000
50162  3.262  -54.511  51.871 0.0000000000
50163  3.088  -54.860  51.283 0.0000000000
57353  0.916  -56.692  46.368 0.0000000000
74137  3.542  -57.916  48.827 0.0000000000
74138  3.742  -58.499  48.491 0.0000000000
74139  3.380  -58.270  48.229 0.0000000000
74145  1.307  -57.880  45.745 0.0000000000
74148  1.749  -60.027  44.163 0.0000000000
74150  2.096  -60.237  44.402 0.0000000000
74151  2.445  -60.449  44.641 0.0000000000
74152  2.294  -60.823  44.045 0.0000000000
74153  2.494  -61.407  43.678 0.0000000000
74154  2.145  -61.200  43.449 0.0000000000
74155  1.503  -61.767  42.045 0.0000000000
74156  1.849  -61.968  42.260 0.0000000000
74157  1.701  -62.358  41.668 0.0000000000
74158  1.900  -62.948  41.281 0.0000000000
74159  1.553  -62.752  41.078 0.0000000000
74167  -0.436  -59.188  42.222 0.0000000000
74181  1.256  -63.552  39.905 0.0000000000
81355  4.961  -55.149  53.577 0.0000000000
81365  2.750  -55.564  50.105 0.0000000000
81366  2.947  -56.155  49.796 0.0000000000
81367  2.586  -55.918  49.516 0.0000000000
81368  2.425  -56.275  48.928 0.0000000000
81369  2.228  -55.683  49.235 0.0000000000
81376  1.520  -55.216  48.667 0.0000000000
81377  1.171  -54.985  48.382 0.0000000000
81378  1.019  -55.353  47.808 0.0000000000
81406  -1.201  -53.419  46.373 0.0000000000
94319  -0.390  -56.809  44.470 0.0000000000
96844  3.210  -65.088  40.459 0.0000000000
104386  2.821  -57.455  48.293 0.0000000000
104387  3.020  -58.042  47.965 0.0000000000
104388  2.663  -57.814  47.701 0.0000000000
104389  2.507  -58.176  47.109 0.0000000000
104391  1.012  -58.635  44.596 0.0000000000
104392  1.355  -58.848  44.842 0.0000000000
104393  1.208  -59.227  44.265 0.0000000000
104394  1.404  -59.817  43.926 0.0000000000
104395  1.601  -60.406  43.578 0.0000000000
104396  1.798  -60.994  43.221 0.0000000000
104397  1.454  -60.789  42.994 0.0000000000
104399  1.159  -61.568  41.833 0.0000000000
108719  4.388  -55.246  52.717 0.0000000000
108720  4.010  -55.001  52.439 0.0000000000
108724  3.283  -55.452  50.977 0.0000000000
108725  2.917  -55.211  50.694 0.0000000000
108726  2.554  -54.971  50.407 0.0000000000
120229  1.410  -56.543  47.211 0.0000000000
120230  1.607  -57.137  46.902 0.0000000000
120231  1.260  -56.914  46.635 0.0000000000
120233  0.963  -57.662  45.488 0.0000000000
120235  0.622  -57.447  45.232 0.0000000000
120236  0.817  -58.041  44.918 0.0000000000
120237  0.671  -58.423  44.351 0.0000000000
120238  0.526  -58.808  43.786 0.0000000000
120239  0.381  -59.196  43.224 0.0000000000
142132  4.273  -58.378  49.354 0.0000000000
142134  4.106  -58.728  48.751 0.0000000000
142143  1.804  -57.729  46.585 0.0000000000
142146  1.700  -59.062  45.090 0.0000000000
142150  2.796  -60.661  44.881 0.0000000000
142151  2.997  -61.243  44.515 0.0000000000
142155  1.996  -61.582  42.854 0.0000000000
142158  2.248  -63.145  41.487 0.0000000000
142162  -0.723  -56.600  44.219 0.0000000000
142163  -0.532  -57.199  43.926 0.0000000000
142169  0.237  -59.588  42.665 0.0000000000
142175  -0.580  -59.589  41.682 0.0000000000
142176  -0.244  -59.785  41.894 0.0000000000
142177  0.092  -59.983  42.109 0.0000000000
142179  0.624  -60.776  41.980 0.0000000000
142180  0.817  -61.370  41.622 0.0000000000
142181  1.012  -61.964  41.255 0.0000000000
142183  0.864  -62.364  40.680 0.0000000000
142184  1.208  -62.557  40.877 0.0000000000
142185  1.405  -63.150  40.490 0.0000000000
142186  1.603  -63.741  40.094 0.0000000000
150795  4.815  -58.265  50.217 0.0000000000
150870  5.161  -56.661  52.345 0.0000000000
150872  4.779  -56.419  52.079 0.0000000000
150873  4.976  -57.001  51.751 0.0000000000
150876  4.443  -58.031  49.956 0.0000000000
150877  4.074  -57.798  49.692 0.0000000000
150878  3.707  -57.565  49.425 0.0000000000
150879  3.343  -57.331  49.157 0.0000000000
150880  3.310  -56.392  50.073 0.0000000000
150882  2.981  -57.098  48.886 0.0000000000
150883  2.623  -56.866  48.614 0.0000000000
150884  2.266  -56.635  48.341 0.0000000000
150885  1.913  -56.405  48.066 0.0000000000
150888  2.193  -54.732  50.118 0.0000000000
150890  1.836  -54.495  49.827 0.0000000000
150892  1.873  -55.449  48.951 0.0000000000
150893  1.716  -55.811  48.370 0.0000000000
150894  1.562  -56.176  47.790 0.0000000000
150895  1.215  -55.949  47.513 0.0000000000
150896  0.869  -55.723  47.237 0.0000000000
150903  -0.821  -54.622  45.854 0.0000000000
150928  -0.868  -53.637  46.660 0.0000000000
150930  -1.153  -54.406  45.579 0.0000000000
150931  -1.483  -54.193  45.306 0.0000000000
150932  -1.812  -53.981  45.034 0.0000000000
150936  -2.467  -53.562  44.495 0.0000000000
