#!ascii label  , from subject fsaverage vox2ras=TkReg
711
305  9.384  -104.394  -7.263 0.0000000000
1270  19.311  -100.670  2.361 0.0000000000
1271  22.487  -98.163  4.414 0.0000000000
1277  4.361  -102.892  -8.154 0.0000000000
1278  7.126  -105.676  -12.858 0.0000000000
1279  1.903  -103.578  -13.376 0.0000000000
1280  -0.876  -103.129  -18.149 0.0000000000
1700  15.452  -101.953  0.285 0.0000000000
1701  14.173  -104.794  -5.792 0.0000000000
1702  11.099  -102.065  -1.470 0.0000000000
2371  1.098  -104.626  -22.748 0.0000000000
2372  -3.847  -101.568  -22.234 0.0000000000
3190  18.953  -102.371  -0.731 0.0000000000
3191  20.729  -101.352  0.320 0.0000000000
3197  1.851  -101.786  -8.376 0.0000000000
3198  3.179  -103.377  -10.810 0.0000000000
3199  0.640  -102.116  -10.944 0.0000000000
3200  -0.638  -102.174  -13.415 0.0000000000
3795  13.327  -102.147  -0.652 0.0000000000
5253  23.657  -98.389  2.328 0.0000000000
5254  23.761  -96.489  5.335 0.0000000000
5272  11.826  -104.747  -6.599 0.0000000000
5281  2.753  -105.364  -20.517 0.0000000000
5282  -3.337  -101.494  -17.978 0.0000000000
5283  -2.340  -102.484  -20.292 0.0000000000
6894  19.588  -98.839  5.433 0.0000000000
6895  21.193  -97.672  6.466 0.0000000000
6896  20.994  -99.566  3.410 0.0000000000
6897  22.303  -100.016  1.352 0.0000000000
6907  6.881  -103.766  -7.783 0.0000000000
6908  8.326  -105.177  -10.098 0.0000000000
6909  5.751  -104.401  -10.527 0.0000000000
6910  4.501  -104.752  -13.190 0.0000000000
6911  3.141  -104.809  -15.752 0.0000000000
6912  1.685  -104.567  -18.192 0.0000000000
6913  0.545  -103.495  -15.831 0.0000000000
6914  -1.970  -101.964  -15.770 0.0000000000
7806  17.820  -99.711  4.371 0.0000000000
7807  17.456  -101.463  1.307 0.0000000000
7808  16.992  -103.076  -1.775 0.0000000000
7810  14.880  -103.467  -2.756 0.0000000000
7811  12.643  -103.554  -3.632 0.0000000000
7812  10.307  -103.348  -4.378 0.0000000000
7814  8.787  -101.724  -2.151 0.0000000000
7815  7.892  -102.867  -4.984 0.0000000000
7816  5.442  -102.139  -5.439 0.0000000000
9670  0.158  -104.023  -20.470 0.0000000000
9671  -1.435  -103.181  -22.550 0.0000000000
10878  1.255  -101.985  -9.670 0.0000000000
10879  0.009  -101.309  -9.704 0.0000000000
12934  24.243  -97.475  2.782 0.0000000000
12952  10.616  -104.606  -6.949 0.0000000000
12954  10.126  -105.070  -8.396 0.0000000000
12955  5.066  -105.873  -16.831 0.0000000000
15330  19.457  -99.769  3.899 0.0000000000
15331  20.301  -99.237  4.426 0.0000000000
15332  20.174  -100.157  2.888 0.0000000000
15334  21.541  -100.723  0.840 0.0000000000
15352  5.621  -103.358  -7.988 0.0000000000
15353  6.331  -104.118  -9.164 0.0000000000
15354  5.055  -103.673  -9.346 0.0000000000
15355  2.552  -103.514  -12.106 0.0000000000
15356  3.842  -104.094  -12.006 0.0000000000
15357  3.196  -104.195  -13.301 0.0000000000
15358  3.834  -104.817  -14.485 0.0000000000
15359  2.527  -104.224  -14.569 0.0000000000
15360  1.835  -104.180  -15.809 0.0000000000
15361  1.234  -103.572  -14.618 0.0000000000
15362  -1.878  -101.393  -13.381 0.0000000000
15363  -1.298  -102.102  -14.608 0.0000000000
15364  -2.531  -101.291  -14.552 0.0000000000
15365  -3.192  -101.126  -15.691 0.0000000000
17141  16.689  -100.907  2.317 0.0000000000
17142  16.471  -101.746  0.788 0.0000000000
17143  17.238  -102.289  -0.231 0.0000000000
17144  16.227  -102.549  -0.744 0.0000000000
17145  15.954  -103.311  -2.277 0.0000000000
17146  15.182  -102.732  -1.236 0.0000000000
17148  13.001  -102.873  -2.143 0.0000000000
17149  11.872  -102.838  -2.552 0.0000000000
17150  11.487  -103.487  -4.022 0.0000000000
17151  10.719  -102.734  -2.926 0.0000000000
17158  8.354  -102.325  -3.570 0.0000000000
17160  6.670  -102.532  -5.231 0.0000000000
21518  21.853  -97.951  5.445 0.0000000000
21519  21.928  -96.982  6.957 0.0000000000
21520  22.554  -97.204  5.926 0.0000000000
21585  7.744  -105.463  -11.488 0.0000000000
21607  0.393  -103.874  -18.187 0.0000000000
21608  0.930  -104.332  -19.354 0.0000000000
21609  -0.349  -103.611  -19.315 0.0000000000
21610  -3.088  -102.060  -21.289 0.0000000000
21611  -1.874  -102.870  -21.426 0.0000000000
21612  -2.658  -102.393  -22.403 0.0000000000
21613  -2.258  -102.647  -23.507 0.0000000000
21614  -3.455  -101.845  -23.324 0.0000000000
21616  -4.614  -101.012  -23.122 0.0000000000
24174  19.144  -101.538  0.820 0.0000000000
24175  20.031  -101.047  1.345 0.0000000000
24176  19.866  -101.901  -0.204 0.0000000000
24187  3.103  -102.367  -8.284 0.0000000000
24188  3.782  -103.169  -9.491 0.0000000000
24189  2.514  -102.606  -9.599 0.0000000000
24190  1.903  -102.775  -10.896 0.0000000000
24191  1.273  -102.874  -12.168 0.0000000000
24192  0.624  -102.903  -13.414 0.0000000000
24193  0.008  -102.178  -12.193 0.0000000000
25263  14.403  -102.086  -0.197 0.0000000000
27887  23.089  -98.309  3.374 0.0000000000
27888  23.152  -97.359  4.886 0.0000000000
27889  23.716  -97.449  3.838 0.0000000000
27922  13.012  -104.810  -6.213 0.0000000000
27927  6.472  -105.816  -14.206 0.0000000000
27939  1.937  -105.035  -21.658 0.0000000000
27940  -2.120  -102.334  -18.078 0.0000000000
27941  -1.603  -102.840  -19.244 0.0000000000
27942  -2.830  -102.024  -19.144 0.0000000000
27943  -3.546  -101.649  -20.163 0.0000000000
31448  20.412  -98.291  5.956 0.0000000000
31449  21.100  -98.630  4.943 0.0000000000
31450  21.766  -98.900  3.920 0.0000000000
31451  20.871  -100.476  1.868 0.0000000000
31452  21.663  -99.826  2.384 0.0000000000
31453  22.404  -99.102  2.889 0.0000000000
31454  23.010  -99.236  1.850 0.0000000000
31477  8.137  -104.112  -7.542 0.0000000000
31478  8.872  -104.820  -8.688 0.0000000000
31479  7.605  -104.501  -8.944 0.0000000000
31480  7.041  -104.821  -10.331 0.0000000000
31481  6.444  -105.070  -11.697 0.0000000000
31482  4.462  -103.919  -10.687 0.0000000000
31483  5.141  -104.613  -11.870 0.0000000000
31484  5.813  -105.246  -13.042 0.0000000000
31485  5.151  -105.349  -14.363 0.0000000000
31486  4.459  -105.378  -15.660 0.0000000000
31487  3.739  -105.330  -16.929 0.0000000000
31488  2.995  -105.204  -18.163 0.0000000000
31489  2.424  -104.725  -16.990 0.0000000000
31490  1.123  -104.064  -17.016 0.0000000000
31491  -0.159  -103.347  -17.009 0.0000000000
31492  -0.042  -102.864  -14.631 0.0000000000
31493  -0.724  -102.755  -15.817 0.0000000000
31494  -1.418  -102.578  -16.968 0.0000000000
31495  -2.651  -101.761  -16.894 0.0000000000
33805  18.723  -99.313  4.902 0.0000000000
33806  18.573  -100.224  3.369 0.0000000000
33807  16.883  -100.034  3.844 0.0000000000
33808  17.649  -100.603  2.840 0.0000000000
33809  18.404  -101.105  1.833 0.0000000000
33810  18.212  -101.952  0.292 0.0000000000
33811  17.994  -102.763  -1.257 0.0000000000
33814  16.715  -103.820  -3.321 0.0000000000
33815  15.647  -104.028  -3.810 0.0000000000
33816  14.545  -104.156  -4.275 0.0000000000
33817  14.106  -102.839  -1.704 0.0000000000
33818  13.775  -103.548  -3.209 0.0000000000
33819  13.411  -104.207  -4.713 0.0000000000
33820  12.252  -104.181  -5.119 0.0000000000
33821  11.069  -104.078  -5.489 0.0000000000
33822  9.862  -103.902  -5.825 0.0000000000
33829  9.545  -102.562  -3.266 0.0000000000
33830  9.106  -103.140  -4.699 0.0000000000
33831  8.637  -103.658  -6.125 0.0000000000
33832  7.402  -103.348  -6.389 0.0000000000
33833  6.160  -102.978  -6.615 0.0000000000
33834  4.915  -102.548  -6.803 0.0000000000
33836  4.213  -101.689  -5.609 0.0000000000
33837  3.670  -102.061  -6.953 0.0000000000
33838  2.429  -101.518  -7.066 0.0000000000
39217  9.600  -105.465  -9.828 0.0000000000
39244  2.230  -105.001  -19.359 0.0000000000
39245  1.445  -104.720  -20.511 0.0000000000
39246  0.642  -104.362  -21.615 0.0000000000
39247  -1.105  -103.276  -20.396 0.0000000000
39248  -0.630  -103.639  -21.537 0.0000000000
39249  -0.182  -103.927  -22.667 0.0000000000
39250  -1.026  -103.413  -23.663 0.0000000000
43672  10.002  -104.509  -7.110 0.0000000000
43673  10.376  -104.847  -7.674 0.0000000000
43674  9.756  -104.740  -7.830 0.0000000000
43675  4.696  -105.838  -17.469 0.0000000000
46050  19.386  -100.223  3.131 0.0000000000
46051  19.818  -99.972  3.395 0.0000000000
46052  19.748  -100.423  2.625 0.0000000000
46072  4.991  -103.132  -8.076 0.0000000000
46073  5.342  -103.524  -8.669 0.0000000000
46074  4.708  -103.289  -8.752 0.0000000000
46075  2.230  -103.555  -12.745 0.0000000000
46076  2.875  -103.862  -12.706 0.0000000000
46077  2.548  -103.894  -13.344 0.0000000000
46078  2.865  -104.218  -13.939 0.0000000000
46079  2.216  -103.908  -13.975 0.0000000000
46080  1.879  -103.905  -14.598 0.0000000000
46081  1.571  -103.584  -14.001 0.0000000000
46083  -2.203  -101.350  -13.970 0.0000000000
46084  -2.813  -100.934  -13.937 0.0000000000
47860  15.577  -101.549  1.045 0.0000000000
47861  16.084  -101.449  1.297 0.0000000000
47862  15.966  -101.859  0.534 0.0000000000
47863  16.353  -102.152  0.023 0.0000000000
47864  15.841  -102.259  -0.229 0.0000000000
47865  15.709  -102.650  -0.993 0.0000000000
47866  15.321  -102.348  -0.476 0.0000000000
47867  11.665  -102.109  -1.278 0.0000000000
47868  12.052  -102.494  -1.815 0.0000000000
47869  11.485  -102.458  -2.011 0.0000000000
47870  11.298  -102.794  -2.743 0.0000000000
47871  10.913  -102.406  -2.199 0.0000000000
52238  22.173  -98.066  4.931 0.0000000000
52239  22.210  -97.586  5.688 0.0000000000
52240  22.522  -97.686  5.172 0.0000000000
52305  7.440  -105.578  -12.176 0.0000000000
52322  1.748  -104.955  -22.774 0.0000000000
52324  1.317  -104.727  -23.309 0.0000000000
52326  0.671  -104.391  -23.273 0.0000000000
52327  -0.244  -103.508  -18.172 0.0000000000
52328  0.024  -103.752  -18.757 0.0000000000
52329  -0.610  -103.379  -18.733 0.0000000000
52330  -3.466  -101.822  -21.769 0.0000000000
52331  -2.869  -102.236  -21.848 0.0000000000
52332  -3.257  -101.985  -22.321 0.0000000000
52333  -3.055  -102.128  -22.871 0.0000000000
52334  -3.647  -101.717  -22.781 0.0000000000
52335  -4.039  -101.432  -23.225 0.0000000000
52336  -4.230  -101.298  -22.686 0.0000000000
55650  19.052  -101.959  0.046 0.0000000000
55651  19.507  -101.729  0.309 0.0000000000
55652  19.416  -102.146  -0.467 0.0000000000
55672  2.476  -102.084  -8.335 0.0000000000
55673  2.811  -102.495  -8.944 0.0000000000
55674  2.182  -102.202  -8.989 0.0000000000
55675  0.949  -102.059  -10.310 0.0000000000
55676  1.579  -102.386  -10.285 0.0000000000
55677  1.270  -102.452  -10.924 0.0000000000
55678  1.590  -102.834  -11.535 0.0000000000
55679  0.956  -102.501  -11.558 0.0000000000
55680  0.638  -102.533  -12.185 0.0000000000
55681  0.326  -102.155  -11.571 0.0000000000
55683  -0.921  -101.424  -11.571 0.0000000000
55684  -1.536  -101.039  -11.558 0.0000000000
61838  23.378  -98.357  2.852 0.0000000000
61839  23.410  -97.887  3.609 0.0000000000
61840  23.688  -97.922  3.084 0.0000000000
61841  24.512  -96.993  3.000 0.0000000000
61842  24.264  -97.002  3.531 0.0000000000
61897  12.422  -104.789  -6.410 0.0000000000
61899  12.201  -105.057  -7.152 0.0000000000
61905  6.133  -105.859  -14.872 0.0000000000
61925  2.593  -105.350  -21.665 0.0000000000
61926  2.348  -105.209  -21.093 0.0000000000
61927  -2.732  -101.919  -18.031 0.0000000000
61928  -2.474  -102.187  -18.616 0.0000000000
61929  -3.082  -101.767  -18.563 0.0000000000
61931  -3.784  -101.416  -19.594 0.0000000000
61933  -3.907  -101.438  -20.654 0.0000000000
69030  19.648  -98.364  6.198 0.0000000000
69031  20.061  -98.096  6.460 0.0000000000
69032  20.006  -98.574  5.696 0.0000000000
69033  20.650  -99.410  3.919 0.0000000000
69034  20.706  -98.943  4.686 0.0000000000
69035  21.049  -99.101  4.178 0.0000000000
69036  21.436  -98.773  4.433 0.0000000000
69037  21.386  -99.242  3.667 0.0000000000
69038  20.383  -101.208  0.834 0.0000000000
69039  20.456  -100.771  1.607 0.0000000000
69040  20.802  -100.918  1.095 0.0000000000
69041  21.928  -100.379  1.098 0.0000000000
69042  21.604  -100.278  1.613 0.0000000000
69043  21.987  -99.930  1.869 0.0000000000
69044  22.040  -99.473  2.639 0.0000000000
69045  22.356  -99.562  2.122 0.0000000000
69046  22.711  -99.177  2.370 0.0000000000
69047  22.663  -99.635  1.603 0.0000000000
69097  7.510  -103.947  -7.667 0.0000000000
69098  7.875  -104.315  -8.245 0.0000000000
69099  7.243  -104.141  -8.365 0.0000000000
69100  6.045  -104.268  -9.848 0.0000000000
69101  6.686  -104.477  -9.748 0.0000000000
69102  6.396  -104.619  -10.434 0.0000000000
69103  6.747  -104.955  -11.017 0.0000000000
69104  6.098  -104.743  -11.114 0.0000000000
69105  3.483  -103.282  -10.153 0.0000000000
69106  4.122  -103.551  -10.091 0.0000000000
69107  3.820  -103.655  -10.753 0.0000000000
69108  4.172  -104.430  -12.600 0.0000000000
69109  4.491  -104.361  -11.943 0.0000000000
69110  4.824  -104.692  -12.533 0.0000000000
69111  5.478  -104.937  -12.457 0.0000000000
69112  5.157  -105.007  -13.120 0.0000000000
69113  5.486  -105.307  -13.706 0.0000000000
69114  4.828  -105.058  -13.777 0.0000000000
69115  3.491  -104.822  -15.122 0.0000000000
69116  4.148  -105.105  -15.073 0.0000000000
69117  3.799  -105.101  -15.711 0.0000000000
69118  4.102  -105.363  -16.298 0.0000000000
69119  3.442  -105.077  -16.341 0.0000000000
69120  3.080  -105.035  -16.964 0.0000000000
69121  2.785  -104.777  -16.375 0.0000000000
69122  1.188  -103.844  -15.824 0.0000000000
69123  1.481  -104.131  -16.417 0.0000000000
69124  0.836  -103.787  -16.425 0.0000000000
69125  0.479  -103.712  -17.017 0.0000000000
69126  0.195  -103.430  -16.424 0.0000000000
69127  -0.009  -102.545  -13.419 0.0000000000
69128  0.293  -102.892  -14.026 0.0000000000
69129  -0.339  -102.526  -14.025 0.0000000000
69130  -1.633  -102.042  -15.193 0.0000000000
69131  -1.010  -102.436  -15.215 0.0000000000
69132  -1.350  -102.366  -15.798 0.0000000000
69133  -1.070  -102.675  -16.398 0.0000000000
69134  -1.693  -102.279  -16.371 0.0000000000
69135  -2.038  -102.175  -16.935 0.0000000000
69136  -2.310  -101.871  -16.337 0.0000000000
74456  18.351  -99.059  5.402 0.0000000000
74457  18.276  -99.521  4.636 0.0000000000
74458  18.650  -99.772  4.136 0.0000000000
74459  18.198  -99.976  3.871 0.0000000000
74463  17.074  -101.193  1.812 0.0000000000
74464  17.173  -100.764  2.578 0.0000000000
74465  17.556  -101.037  2.074 0.0000000000
74466  18.028  -100.862  2.338 0.0000000000
74467  17.935  -101.293  1.570 0.0000000000
74468  18.311  -101.533  1.064 0.0000000000
74469  17.836  -101.716  0.801 0.0000000000
74470  17.119  -102.688  -1.003 0.0000000000
74471  17.618  -102.535  -0.743 0.0000000000
74472  17.498  -102.929  -1.517 0.0000000000
74476  16.858  -103.454  -2.548 0.0000000000
74477  15.421  -103.399  -2.520 0.0000000000
74478  15.805  -103.675  -3.044 0.0000000000
74479  15.265  -103.756  -3.283 0.0000000000
74480  15.100  -104.102  -4.046 0.0000000000
74481  14.717  -103.818  -3.516 0.0000000000
74482  13.868  -102.125  -0.428 0.0000000000
74483  14.258  -102.468  -0.951 0.0000000000
74484  13.716  -102.501  -1.178 0.0000000000
74485  12.826  -103.220  -2.888 0.0000000000
74486  13.389  -103.218  -2.676 0.0000000000
74487  13.212  -103.560  -3.425 0.0000000000
74488  13.598  -103.884  -3.961 0.0000000000
74489  13.028  -103.889  -4.173 0.0000000000
74490  12.835  -104.203  -4.920 0.0000000000
74491  12.452  -103.874  -4.376 0.0000000000
74492  10.900  -103.426  -4.205 0.0000000000
74493  11.282  -103.790  -4.757 0.0000000000
74494  10.688  -103.720  -4.934 0.0000000000
74495  10.468  -103.999  -5.661 0.0000000000
74496  10.088  -103.632  -5.102 0.0000000000
74513  9.753  -102.251  -2.548 0.0000000000
74514  9.166  -102.150  -2.709 0.0000000000
74515  8.127  -102.603  -4.278 0.0000000000
74516  8.730  -102.739  -4.135 0.0000000000
74517  8.501  -103.011  -4.846 0.0000000000
74518  8.876  -103.406  -5.413 0.0000000000
74519  8.264  -103.269  -5.555 0.0000000000
74520  8.021  -103.511  -6.262 0.0000000000
74521  7.651  -103.115  -5.688 0.0000000000
74522  6.057  -102.342  -5.340 0.0000000000
74523  6.418  -102.763  -5.924 0.0000000000
74524  5.800  -102.564  -6.028 0.0000000000
74525  5.537  -102.770  -6.713 0.0000000000
74526  5.182  -102.351  -6.122 0.0000000000
74531  3.864  -101.242  -5.010 0.0000000000
74532  3.598  -101.443  -5.680 0.0000000000
74533  3.944  -101.883  -6.283 0.0000000000
74534  3.326  -101.628  -6.349 0.0000000000
74535  3.048  -101.796  -7.014 0.0000000000
74536  2.709  -101.359  -6.406 0.0000000000
87593  20.855  -97.506  6.974 0.0000000000
87595  21.236  -97.184  7.224 0.0000000000
87596  22.277  -96.612  7.195 0.0000000000
87597  21.962  -96.490  7.710 0.0000000000
87601  23.463  -96.932  5.114 0.0000000000
87602  23.178  -96.877  5.637 0.0000000000
87795  8.603  -105.007  -9.395 0.0000000000
87796  9.237  -105.150  -9.259 0.0000000000
87797  8.965  -105.329  -9.967 0.0000000000
87862  2.338  -104.892  -18.182 0.0000000000
87863  2.615  -105.112  -18.766 0.0000000000
87864  1.960  -104.792  -18.777 0.0000000000
87865  0.546  -104.187  -19.918 0.0000000000
87866  1.190  -104.535  -19.934 0.0000000000
87867  0.799  -104.378  -20.495 0.0000000000
87868  1.046  -104.551  -21.069 0.0000000000
87869  0.403  -104.202  -21.044 0.0000000000
87870  -1.970  -102.671  -19.774 0.0000000000
87871  -1.351  -103.067  -19.822 0.0000000000
87872  -1.726  -102.886  -20.347 0.0000000000
87873  -1.651  -103.035  -21.989 0.0000000000
87874  -1.255  -103.260  -21.485 0.0000000000
87875  -1.030  -103.419  -22.050 0.0000000000
87876  -0.403  -103.792  -22.103 0.0000000000
87877  -0.813  -103.559  -22.613 0.0000000000
87878  -0.602  -103.680  -23.172 0.0000000000
87879  -1.227  -103.307  -23.108 0.0000000000
87880  -2.674  -102.353  -23.963 0.0000000000
93294  18.847  -102.773  -1.509 0.0000000000
93295  19.317  -102.553  -1.245 0.0000000000
93307  1.229  -101.474  -8.408 0.0000000000
93308  1.555  -101.894  -9.025 0.0000000000
93309  0.932  -101.572  -9.052 0.0000000000
93310  0.630  -101.653  -9.691 0.0000000000
93311  0.324  -101.718  -10.325 0.0000000000
93312  0.014  -101.765  -10.954 0.0000000000
93313  -0.297  -101.363  -10.332 0.0000000000
97008  23.957  -97.940  2.558 0.0000000000
97042  11.224  -104.686  -6.778 0.0000000000
97043  11.599  -105.006  -7.335 0.0000000000
97044  10.990  -104.936  -7.509 0.0000000000
97045  10.747  -105.169  -8.237 0.0000000000
97046  10.494  -105.384  -8.960 0.0000000000
101322  19.525  -99.307  4.666 0.0000000000
101323  19.947  -99.047  4.930 0.0000000000
101324  19.884  -99.512  4.163 0.0000000000
101325  20.240  -99.700  3.657 0.0000000000
101326  20.590  -99.871  3.150 0.0000000000
101327  21.068  -101.478  -0.195 0.0000000000
101328  21.141  -101.048  0.581 0.0000000000
101329  21.473  -101.159  0.065 0.0000000000
101330  21.865  -100.820  0.324 0.0000000000
101362  6.252  -103.570  -7.890 0.0000000000
101363  6.610  -103.950  -8.475 0.0000000000
101364  5.976  -103.745  -8.577 0.0000000000
101365  5.693  -103.903  -9.260 0.0000000000
101366  5.403  -104.044  -9.938 0.0000000000
101367  2.868  -103.454  -11.461 0.0000000000
101368  3.511  -103.742  -11.410 0.0000000000
101369  3.196  -103.811  -12.061 0.0000000000
101370  3.522  -104.153  -12.657 0.0000000000
101371  3.847  -104.481  -13.250 0.0000000000
101372  4.171  -104.794  -13.840 0.0000000000
101373  3.516  -104.514  -13.894 0.0000000000
101374  3.179  -104.528  -14.532 0.0000000000
101375  2.836  -104.524  -15.162 0.0000000000
101376  2.486  -104.502  -15.785 0.0000000000
101377  2.184  -104.211  -15.193 0.0000000000
101378  1.536  -103.884  -15.215 0.0000000000
101379  0.892  -103.542  -15.228 0.0000000000
101380  -1.261  -101.789  -13.402 0.0000000000
101381  -0.966  -102.146  -14.015 0.0000000000
101382  -1.588  -101.754  -13.997 0.0000000000
101383  -1.917  -101.703  -14.584 0.0000000000
101384  -2.250  -101.635  -15.163 0.0000000000
101385  -2.584  -101.551  -15.734 0.0000000000
101386  -2.860  -101.216  -15.126 0.0000000000
104583  16.583  -101.331  1.553 0.0000000000
104584  16.968  -101.614  1.046 0.0000000000
104585  17.351  -101.880  0.539 0.0000000000
104586  16.856  -102.026  0.279 0.0000000000
104587  16.737  -102.428  -0.490 0.0000000000
104588  16.611  -102.821  -1.259 0.0000000000
104589  16.478  -103.203  -2.029 0.0000000000
104590  16.094  -102.935  -1.511 0.0000000000
104591  15.569  -103.030  -1.757 0.0000000000
104592  15.035  -103.105  -1.997 0.0000000000
104593  12.778  -102.151  -0.869 0.0000000000
104594  13.168  -102.515  -1.398 0.0000000000
104595  12.613  -102.513  -1.611 0.0000000000
104596  12.439  -102.864  -2.351 0.0000000000
104597  12.258  -103.203  -3.092 0.0000000000
104598  12.068  -103.529  -3.832 0.0000000000
104599  11.683  -103.169  -3.287 0.0000000000
104600  11.103  -103.117  -3.474 0.0000000000
104601  10.517  -103.048  -3.653 0.0000000000
104612  8.574  -102.032  -2.861 0.0000000000
104613  7.980  -101.898  -3.004 0.0000000000
104614  7.754  -102.182  -3.709 0.0000000000
104615  7.521  -102.452  -4.411 0.0000000000
104616  7.282  -102.707  -5.112 0.0000000000
104617  6.914  -102.286  -4.535 0.0000000000
104618  6.306  -102.105  -4.649 0.0000000000
104619  5.696  -101.910  -4.754 0.0000000000
112460  21.526  -97.820  5.956 0.0000000000
112461  21.566  -97.335  6.714 0.0000000000
112462  21.891  -97.469  6.202 0.0000000000
112463  22.244  -97.101  6.442 0.0000000000
112464  22.584  -96.717  6.678 0.0000000000
112581  8.040  -105.329  -10.796 0.0000000000
112582  8.683  -105.491  -10.671 0.0000000000
112583  8.392  -105.634  -11.370 0.0000000000
112621  1.037  -104.227  -18.194 0.0000000000
112622  1.310  -104.459  -18.778 0.0000000000
112623  0.664  -104.112  -18.772 0.0000000000
112624  0.287  -103.978  -19.338 0.0000000000
112625  -0.093  -103.826  -19.894 0.0000000000
112626  -2.713  -102.280  -20.797 0.0000000000
112627  -2.103  -102.686  -20.860 0.0000000000
112628  -2.485  -102.470  -21.361 0.0000000000
112629  -2.264  -102.640  -21.922 0.0000000000
112630  -2.050  -102.792  -22.480 0.0000000000
112631  -1.845  -102.923  -23.036 0.0000000000
112632  -2.454  -102.530  -22.957 0.0000000000
112633  -2.861  -102.251  -23.419 0.0000000000
112634  -3.271  -101.953  -23.865 0.0000000000
117846  19.230  -101.108  1.591 0.0000000000
117847  19.673  -100.867  1.855 0.0000000000
117848  19.593  -101.302  1.083 0.0000000000
117849  19.951  -101.478  0.572 0.0000000000
117850  20.303  -101.637  0.059 0.0000000000
117851  19.774  -102.314  -0.982 0.0000000000
117852  20.218  -102.055  -0.719 0.0000000000
117853  20.649  -101.776  -0.456 0.0000000000
117877  3.731  -102.637  -8.224 0.0000000000
117878  4.074  -103.039  -8.825 0.0000000000
117879  3.442  -102.774  -8.889 0.0000000000
117880  3.147  -102.895  -9.550 0.0000000000
117881  2.846  -102.998  -10.206 0.0000000000
117882  1.883  -102.303  -9.639 0.0000000000
117883  2.211  -102.700  -10.250 0.0000000000
117884  2.540  -103.084  -10.858 0.0000000000
117885  2.228  -103.151  -11.503 0.0000000000
117886  1.911  -103.201  -12.142 0.0000000000
117887  1.588  -103.233  -12.774 0.0000000000
117888  1.261  -103.248  -13.400 0.0000000000
117889  0.950  -102.897  -12.795 0.0000000000
117890  0.317  -102.547  -12.805 0.0000000000
117891  -0.313  -102.184  -12.807 0.0000000000
117892  -0.300  -101.796  -11.576 0.0000000000
117893  -0.617  -101.810  -12.191 0.0000000000
117894  -0.937  -101.808  -12.800 0.0000000000
117895  -1.556  -101.419  -12.785 0.0000000000
120387  14.932  -102.029  0.041 0.0000000000
126509  22.792  -98.244  3.895 0.0000000000
126510  22.826  -97.770  4.653 0.0000000000
126511  23.122  -97.837  4.132 0.0000000000
126512  23.438  -97.412  4.363 0.0000000000
126513  23.739  -96.972  4.588 0.0000000000
126514  23.984  -97.470  3.311 0.0000000000
126515  24.007  -96.995  4.061 0.0000000000
126592  13.596  -104.812  -6.007 0.0000000000
126603  6.803  -105.755  -13.535 0.0000000000
126632  2.174  -105.163  -22.226 0.0000000000
126633  1.521  -104.840  -22.209 0.0000000000
126634  -1.501  -102.737  -18.117 0.0000000000
126635  -1.238  -102.993  -18.702 0.0000000000
126636  -1.860  -102.596  -18.663 0.0000000000
126637  -2.220  -102.438  -19.197 0.0000000000
126638  -2.582  -102.263  -19.719 0.0000000000
126640  -3.187  -101.844  -19.659 0.0000000000
126641  -2.947  -102.071  -20.230 0.0000000000
126642  -3.314  -101.864  -20.728 0.0000000000
126643  -3.683  -101.640  -21.213 0.0000000000
126644  -4.055  -101.399  -21.685 0.0000000000
126645  -4.428  -101.143  -22.144 0.0000000000
135825  20.464  -97.810  6.719 0.0000000000
135826  20.808  -97.990  6.213 0.0000000000
135827  20.358  -98.767  5.192 0.0000000000
135828  20.759  -98.469  5.451 0.0000000000
135829  21.148  -98.153  5.706 0.0000000000
135830  21.483  -98.299  5.196 0.0000000000
135831  21.811  -98.428  4.684 0.0000000000
135832  22.133  -98.540  4.170 0.0000000000
135833  20.105  -100.606  2.117 0.0000000000
135834  20.525  -100.325  2.379 0.0000000000
135835  20.935  -100.024  2.640 0.0000000000
135836  21.209  -100.608  1.355 0.0000000000
135837  21.273  -100.160  2.127 0.0000000000
135838  21.332  -99.704  2.898 0.0000000000
135839  21.717  -99.366  3.154 0.0000000000
135840  22.089  -99.009  3.406 0.0000000000
135841  22.448  -98.635  3.653 0.0000000000
135842  22.754  -98.714  3.134 0.0000000000
135843  23.052  -98.775  2.613 0.0000000000
135844  23.341  -98.821  2.091 0.0000000000
135907  8.762  -104.261  -7.407 0.0000000000
135908  9.132  -104.615  -7.978 0.0000000000
135909  8.505  -104.474  -8.116 0.0000000000
135910  8.240  -104.669  -8.821 0.0000000000
135911  7.966  -104.847  -9.522 0.0000000000
135912  6.969  -104.317  -9.059 0.0000000000
135913  7.327  -104.670  -9.640 0.0000000000
135914  7.685  -105.007  -10.219 0.0000000000
135915  7.394  -105.150  -10.911 0.0000000000
135916  7.095  -105.275  -11.598 0.0000000000
135917  6.787  -105.381  -12.279 0.0000000000
135918  4.418  -103.428  -9.423 0.0000000000
135919  4.762  -103.804  -10.019 0.0000000000
135920  5.106  -104.167  -10.612 0.0000000000
135921  4.155  -104.015  -11.350 0.0000000000
135922  4.802  -104.273  -11.280 0.0000000000
135923  5.450  -104.516  -11.201 0.0000000000
135924  5.792  -104.849  -11.788 0.0000000000
135925  6.132  -105.167  -12.373 0.0000000000
135926  6.470  -105.469  -12.955 0.0000000000
135927  6.145  -105.539  -13.625 0.0000000000
135928  5.811  -105.591  -14.289 0.0000000000
135929  5.470  -105.624  -14.948 0.0000000000
135930  4.491  -105.091  -14.428 0.0000000000
135931  4.808  -105.373  -15.015 0.0000000000
135932  5.121  -105.638  -15.601 0.0000000000
135933  4.765  -105.633  -16.246 0.0000000000
135934  4.401  -105.609  -16.884 0.0000000000
135935  4.031  -105.565  -17.514 0.0000000000
135936  3.655  -105.501  -18.135 0.0000000000
135937  3.370  -105.277  -17.550 0.0000000000
135938  2.712  -104.973  -17.578 0.0000000000
135939  2.057  -104.655  -17.596 0.0000000000
135940  2.131  -104.461  -16.400 0.0000000000
135941  1.771  -104.402  -17.008 0.0000000000
135942  1.406  -104.324  -17.606 0.0000000000
135943  0.760  -103.978  -17.607 0.0000000000
135944  0.119  -103.619  -17.600 0.0000000000
135945  -0.516  -103.247  -17.584 0.0000000000
135946  0.930  -103.245  -14.018 0.0000000000
135947  0.593  -103.224  -14.629 0.0000000000
135948  0.253  -103.187  -15.233 0.0000000000
135949  -0.673  -102.489  -14.624 0.0000000000
135950  -0.382  -102.818  -15.228 0.0000000000
135951  -0.092  -103.132  -15.828 0.0000000000
135952  -0.440  -103.059  -16.415 0.0000000000
135953  -0.792  -102.969  -16.993 0.0000000000
135954  -1.145  -102.862  -17.561 0.0000000000
135955  -1.768  -102.464  -17.529 0.0000000000
135956  -2.384  -102.055  -17.489 0.0000000000
135957  -2.994  -101.635  -17.442 0.0000000000
135958  -2.920  -101.451  -16.295 0.0000000000
135959  -3.258  -101.335  -16.847 0.0000000000
135960  -3.596  -101.204  -17.389 0.0000000000
142520  19.226  -98.614  5.934 0.0000000000
142523  19.161  -99.085  5.168 0.0000000000
142524  19.092  -99.549  4.401 0.0000000000
142525  19.020  -100.006  3.634 0.0000000000
142526  18.944  -100.456  2.866 0.0000000000
142529  17.356  -99.882  4.106 0.0000000000
142531  17.267  -100.327  3.342 0.0000000000
142532  17.737  -100.161  3.606 0.0000000000
142533  18.116  -100.423  3.104 0.0000000000
142534  18.491  -100.669  2.602 0.0000000000
142535  18.863  -100.897  2.097 0.0000000000
142536  18.776  -101.330  1.328 0.0000000000
142537  18.684  -101.755  0.556 0.0000000000
142538  18.585  -102.170  -0.218 0.0000000000
142539  17.730  -102.130  0.030 0.0000000000
142540  18.107  -102.362  -0.481 0.0000000000
142541  18.479  -102.577  -0.994 0.0000000000
142549  16.336  -103.575  -2.799 0.0000000000
142555  14.794  -102.417  -0.716 0.0000000000
142556  14.648  -102.795  -1.473 0.0000000000
142557  14.494  -103.161  -2.230 0.0000000000
142558  13.557  -102.865  -1.927 0.0000000000
142559  13.945  -103.199  -2.457 0.0000000000
142560  14.332  -103.517  -2.986 0.0000000000
142561  14.161  -103.860  -3.742 0.0000000000
142562  13.981  -104.191  -4.498 0.0000000000
142563  13.793  -104.509  -5.253 0.0000000000
142564  13.216  -104.516  -5.464 0.0000000000
142565  12.633  -104.504  -5.666 0.0000000000
142566  12.044  -104.472  -5.860 0.0000000000
142567  11.870  -103.841  -4.571 0.0000000000
142568  11.663  -104.138  -5.308 0.0000000000
142569  11.448  -104.420  -6.044 0.0000000000
142570  10.846  -104.350  -6.220 0.0000000000
142571  10.239  -104.262  -6.387 0.0000000000
142572  9.627  -104.156  -6.545 0.0000000000
142590  10.529  -102.004  -1.654 0.0000000000
142591  10.336  -102.337  -2.378 0.0000000000
142592  10.135  -102.656  -3.101 0.0000000000
142593  9.926  -102.962  -3.822 0.0000000000
142594  8.951  -102.451  -3.423 0.0000000000
142595  9.330  -102.858  -3.983 0.0000000000
142596  9.709  -103.252  -4.543 0.0000000000
142597  9.484  -103.528  -5.262 0.0000000000
142598  9.251  -103.788  -5.980 0.0000000000
142599  9.011  -104.033  -6.695 0.0000000000
142600  8.391  -103.893  -6.835 0.0000000000
142601  7.769  -103.737  -6.966 0.0000000000
142602  7.145  -103.565  -7.088 0.0000000000
142603  7.035  -102.947  -5.811 0.0000000000
142604  6.781  -103.170  -6.507 0.0000000000
142605  6.520  -103.378  -7.200 0.0000000000
142606  5.894  -103.176  -7.303 0.0000000000
142607  5.267  -102.959  -7.396 0.0000000000
142608  4.641  -102.728  -7.480 0.0000000000
142611  5.086  -101.701  -4.848 0.0000000000
142613  4.475  -101.478  -4.934 0.0000000000
142614  4.828  -101.921  -5.529 0.0000000000
142615  4.563  -102.124  -6.207 0.0000000000
142616  4.292  -102.312  -6.882 0.0000000000
142617  4.015  -102.483  -7.555 0.0000000000
142618  3.389  -102.223  -7.620 0.0000000000
142619  2.765  -101.948  -7.676 0.0000000000
142620  2.143  -101.660  -7.723 0.0000000000
158365  21.605  -96.845  7.470 0.0000000000
158366  21.642  -96.351  8.224 0.0000000000
158371  22.857  -97.290  5.407 0.0000000000
158372  22.885  -96.805  6.159 0.0000000000
158373  22.911  -96.315  6.907 0.0000000000
158605  9.501  -104.953  -8.547 0.0000000000
158606  9.868  -105.276  -9.114 0.0000000000
158607  10.232  -105.582  -9.680 0.0000000000
158608  9.323  -105.635  -10.538 0.0000000000
158686  3.273  -105.417  -18.747 0.0000000000
158687  2.886  -105.314  -19.349 0.0000000000
158688  2.494  -105.191  -19.939 0.0000000000
158689  1.577  -104.673  -19.361 0.0000000000
158690  1.840  -104.870  -19.941 0.0000000000
158691  2.097  -105.049  -20.519 0.0000000000
158692  1.694  -104.887  -21.086 0.0000000000
158693  1.287  -104.705  -21.641 0.0000000000
158694  0.873  -104.504  -22.183 0.0000000000
158695  -0.979  -103.232  -19.283 0.0000000000
158696  -0.725  -103.453  -19.862 0.0000000000
158697  -0.477  -103.656  -20.437 0.0000000000
158698  -1.487  -103.082  -20.918 0.0000000000
158699  -0.864  -103.467  -20.967 0.0000000000
158700  -0.234  -103.840  -21.010 0.0000000000
158701  0.002  -104.007  -21.580 0.0000000000
158702  0.232  -104.154  -22.148 0.0000000000
158703  0.455  -104.283  -22.712 0.0000000000
158704  0.031  -104.041  -23.227 0.0000000000
158707  -1.646  -103.035  -23.589 0.0000000000
