#!ascii label  , from subject fsaverage vox2ras=TkReg
363
6  -10.184  -96.070  -24.090 0.0000000000
550  -13.817  -91.157  -16.537 0.0000000000
567  -9.661  -93.360  -7.660 0.0000000000
1258  -11.830  -92.552  -12.232 0.0000000000
2290  -11.923  -94.056  -20.889 0.0000000000
2291  -13.194  -92.396  -24.441 0.0000000000
5084  -12.889  -92.677  -18.799 0.0000000000
5085  -13.717  -91.816  -20.731 0.0000000000
5086  -14.704  -90.306  -18.596 0.0000000000
5215  -12.854  -91.915  -14.422 0.0000000000
5216  -10.914  -94.186  -14.726 0.0000000000
5217  -11.945  -93.480  -16.805 0.0000000000
5218  -11.012  -94.896  -19.053 0.0000000000
6871  -11.649  -91.236  -7.325 0.0000000000
6872  -10.763  -93.041  -9.974 0.0000000000
6874  -13.719  -90.237  -11.927 0.0000000000
9430  -10.971  -95.235  -22.729 0.0000000000
9431  -11.521  -94.514  -24.279 0.0000000000
9432  -12.654  -93.218  -22.660 0.0000000000
9433  -14.409  -90.918  -22.638 0.0000000000
9591  -10.103  -96.101  -21.126 0.0000000000
10000  -11.822  -93.854  -25.968 0.0000000000
10288  -10.192  -95.983  -24.712 0.0000000000
12764  -13.360  -91.931  -17.687 0.0000000000
12765  -13.804  -91.510  -18.692 0.0000000000
12766  -14.271  -90.742  -17.572 0.0000000000
12888  -10.121  -92.433  -6.319 0.0000000000
12889  -9.569  -92.505  -5.135 0.0000000000
12890  -9.101  -93.450  -6.484 0.0000000000
12892  -8.620  -94.376  -7.818 0.0000000000
12894  -9.187  -94.267  -8.985 0.0000000000
12895  -13.344  -91.549  -15.488 0.0000000000
12896  -12.404  -92.713  -15.628 0.0000000000
12897  -12.892  -92.334  -16.666 0.0000000000
12898  -12.429  -93.088  -17.812 0.0000000000
15293  -12.180  -91.044  -8.491 0.0000000000
15296  -14.129  -89.366  -10.646 0.0000000000
15297  -14.620  -89.043  -11.787 0.0000000000
15298  -14.210  -89.901  -13.045 0.0000000000
21014  -11.440  -94.675  -21.847 0.0000000000
21015  -11.802  -94.265  -22.682 0.0000000000
21016  -12.314  -93.634  -21.778 0.0000000000
21017  -14.609  -90.622  -20.670 0.0000000000
21018  -14.080  -91.371  -21.685 0.0000000000
21019  -14.967  -90.159  -21.651 0.0000000000
21020  -15.296  -89.684  -22.630 0.0000000000
21405  -11.301  -92.816  -11.110 0.0000000000
21406  -10.300  -93.910  -11.273 0.0000000000
21407  -10.843  -93.667  -12.392 0.0000000000
21415  -11.486  -94.480  -19.983 0.0000000000
21417  -11.019  -95.101  -20.995 0.0000000000
22433  -12.336  -93.501  -24.367 0.0000000000
22434  -11.689  -94.191  -25.104 0.0000000000
22435  -12.531  -93.123  -25.240 0.0000000000
27584  -12.408  -93.388  -19.869 0.0000000000
27585  -12.821  -92.962  -20.803 0.0000000000
27586  -13.319  -92.252  -19.771 0.0000000000
27587  -14.221  -91.073  -19.685 0.0000000000
27588  -15.112  -89.854  -19.609 0.0000000000
27819  -12.348  -92.250  -13.337 0.0000000000
27820  -11.376  -93.384  -13.492 0.0000000000
27821  -11.898  -93.065  -14.571 0.0000000000
27822  -11.438  -93.848  -15.777 0.0000000000
27823  -10.973  -94.594  -16.953 0.0000000000
27825  -11.479  -94.210  -17.948 0.0000000000
27826  -11.959  -93.806  -18.919 0.0000000000
28436  -14.078  -91.216  -24.502 0.0000000000
28437  -13.410  -91.971  -25.351 0.0000000000
31214  -14.260  -90.357  -15.356 0.0000000000
31215  -14.721  -89.950  -16.418 0.0000000000
31392  -11.110  -91.386  -6.150 0.0000000000
31393  -10.671  -92.314  -7.493 0.0000000000
31394  -10.216  -93.223  -8.823 0.0000000000
31395  -11.213  -92.148  -8.657 0.0000000000
31396  -11.747  -91.940  -9.809 0.0000000000
31397  -12.273  -91.692  -10.949 0.0000000000
31399  -13.216  -90.541  -10.794 0.0000000000
31400  -12.788  -91.408  -12.076 0.0000000000
31401  -13.292  -91.088  -13.187 0.0000000000
31402  -13.783  -90.737  -14.280 0.0000000000
38530  -10.533  -95.718  -23.506 0.0000000000
38531  -10.772  -95.404  -24.182 0.0000000000
38532  -11.290  -94.853  -23.495 0.0000000000
38533  -12.098  -93.876  -23.516 0.0000000000
38534  -12.945  -92.808  -23.545 0.0000000000
38535  -13.194  -92.532  -21.726 0.0000000000
38536  -13.525  -92.100  -22.647 0.0000000000
38537  -13.818  -91.663  -23.571 0.0000000000
38538  -14.706  -90.454  -23.592 0.0000000000
38539  -15.600  -89.192  -23.610 0.0000000000
38999  -9.748  -94.111  -10.137 0.0000000000
39002  -10.376  -94.488  -13.651 0.0000000000
39015  -10.153  -96.133  -22.824 0.0000000000
39016  -9.806  -96.489  -23.618 0.0000000000
41007  -9.879  -96.338  -24.560 0.0000000000
41008  -10.188  -96.036  -24.365 0.0000000000
43484  -13.590  -91.548  -17.116 0.0000000000
43485  -13.818  -91.341  -17.628 0.0000000000
43486  -14.047  -90.952  -17.056 0.0000000000
43608  -9.893  -92.899  -6.991 0.0000000000
43609  -9.615  -92.945  -6.403 0.0000000000
43610  -9.382  -93.411  -7.073 0.0000000000
43611  -8.862  -93.916  -7.153 0.0000000000
43612  -9.144  -93.872  -7.740 0.0000000000
43613  -8.904  -94.327  -8.403 0.0000000000
43614  -9.426  -93.816  -8.324 0.0000000000
43615  -13.583  -91.356  -16.014 0.0000000000
43616  -13.120  -91.945  -16.081 0.0000000000
43617  -13.357  -91.749  -16.600 0.0000000000
43618  -13.129  -92.135  -17.179 0.0000000000
51734  -11.680  -94.372  -21.376 0.0000000000
51735  -11.876  -94.162  -21.809 0.0000000000
51736  -12.124  -93.845  -21.335 0.0000000000
51738  -14.792  -90.392  -21.161 0.0000000000
51740  -15.410  -89.537  -21.635 0.0000000000
52125  -11.566  -92.689  -11.673 0.0000000000
52126  -11.073  -93.245  -11.754 0.0000000000
52127  -11.340  -93.113  -12.312 0.0000000000
52135  -11.710  -94.268  -20.438 0.0000000000
52136  -11.251  -94.797  -20.496 0.0000000000
52137  -11.472  -94.584  -20.939 0.0000000000
52138  -11.236  -94.887  -21.424 0.0000000000
53153  -12.761  -92.959  -24.406 0.0000000000
53154  -12.438  -93.314  -24.800 0.0000000000
53155  -12.868  -92.760  -24.850 0.0000000000
53899  -9.832  -96.260  -25.337 0.0000000000
61334  -12.650  -93.037  -19.340 0.0000000000
61335  -12.865  -92.825  -19.818 0.0000000000
61336  -13.108  -92.466  -19.287 0.0000000000
61337  -14.256  -90.913  -18.643 0.0000000000
61338  -14.016  -91.293  -19.190 0.0000000000
61339  -14.465  -90.692  -19.145 0.0000000000
61340  -14.668  -90.468  -19.646 0.0000000000
61341  -14.911  -90.082  -19.103 0.0000000000
61707  -9.292  -92.521  -4.540 0.0000000000
61725  -12.602  -92.087  -13.882 0.0000000000
61726  -12.124  -92.661  -13.957 0.0000000000
61727  -12.379  -92.493  -14.495 0.0000000000
61728  -12.175  -93.101  -16.220 0.0000000000
61729  -11.924  -93.284  -15.702 0.0000000000
61730  -11.694  -93.667  -16.294 0.0000000000
61731  -11.206  -94.226  -16.369 0.0000000000
61732  -11.462  -94.041  -16.878 0.0000000000
61733  -11.229  -94.405  -17.453 0.0000000000
61734  -11.712  -93.850  -17.381 0.0000000000
61735  -12.662  -92.884  -18.308 0.0000000000
61736  -12.195  -93.452  -18.371 0.0000000000
61737  -12.426  -93.246  -18.858 0.0000000000
61738  -12.188  -93.598  -19.397 0.0000000000
62753  -14.527  -90.602  -24.528 0.0000000000
62754  -14.198  -90.986  -24.970 0.0000000000
68534  -14.476  -89.948  -14.755 0.0000000000
68915  -11.380  -91.317  -6.739 0.0000000000
68916  -10.892  -91.852  -6.823 0.0000000000
68917  -11.164  -91.779  -7.409 0.0000000000
68918  -10.943  -92.236  -8.076 0.0000000000
68919  -11.433  -91.694  -7.992 0.0000000000
68920  -12.442  -90.932  -9.071 0.0000000000
68921  -11.966  -91.494  -9.152 0.0000000000
68922  -12.229  -91.379  -9.728 0.0000000000
68923  -12.011  -91.821  -10.381 0.0000000000
68924  -12.489  -91.254  -10.301 0.0000000000
68928  -13.926  -89.804  -11.289 0.0000000000
68929  -13.676  -89.956  -10.719 0.0000000000
68930  -13.469  -90.393  -11.362 0.0000000000
68931  -13.004  -90.977  -11.438 0.0000000000
68932  -13.257  -90.826  -12.001 0.0000000000
68933  -13.042  -91.252  -12.634 0.0000000000
68934  -13.507  -90.666  -12.560 0.0000000000
68935  -14.450  -89.721  -13.598 0.0000000000
68936  -13.998  -90.322  -13.666 0.0000000000
68937  -14.239  -90.139  -14.212 0.0000000000
68938  -14.024  -90.551  -14.820 0.0000000000
86084  -10.747  -95.488  -23.133 0.0000000000
86085  -10.904  -95.300  -23.493 0.0000000000
86086  -11.142  -95.038  -23.112 0.0000000000
86087  -12.225  -93.751  -22.669 0.0000000000
86088  -11.958  -94.068  -23.098 0.0000000000
86089  -12.378  -93.550  -23.099 0.0000000000
86090  -12.518  -93.352  -23.531 0.0000000000
86091  -12.806  -93.013  -23.101 0.0000000000
86092  -13.269  -92.395  -20.765 0.0000000000
86093  -13.013  -92.747  -21.265 0.0000000000
86094  -13.458  -92.178  -21.236 0.0000000000
86095  -14.248  -91.146  -22.161 0.0000000000
86096  -13.806  -91.738  -22.173 0.0000000000
86097  -13.966  -91.516  -22.642 0.0000000000
86098  -13.676  -91.882  -23.108 0.0000000000
86099  -14.117  -91.292  -23.112 0.0000000000
86101  -14.561  -90.688  -23.115 0.0000000000
86102  -15.740  -89.049  -22.627 0.0000000000
86103  -15.451  -89.440  -23.120 0.0000000000
86107  -15.165  -89.336  -16.362 0.0000000000
86108  -14.945  -89.738  -16.944 0.0000000000
87255  -10.491  -93.137  -9.400 0.0000000000
87256  -9.983  -93.670  -9.482 0.0000000000
87257  -10.259  -93.580  -10.056 0.0000000000
87258  -10.064  -94.335  -11.916 0.0000000000
87259  -9.787  -94.446  -11.354 0.0000000000
87263  -11.146  -93.789  -14.113 0.0000000000
87264  -10.880  -93.940  -13.572 0.0000000000
87265  -10.647  -94.342  -14.192 0.0000000000
87288  -10.323  -95.824  -20.627 0.0000000000
87295  -10.779  -95.443  -22.341 0.0000000000
87296  -10.355  -95.908  -22.394 0.0000000000
87297  -10.562  -95.692  -22.768 0.0000000000
87298  -10.357  -95.917  -23.171 0.0000000000
90338  -11.135  -94.978  -24.231 0.0000000000
90339  -10.844  -95.278  -24.547 0.0000000000
90340  -11.217  -94.832  -24.620 0.0000000000
90341  -11.758  -94.026  -25.531 0.0000000000
96704  -13.126  -92.308  -18.248 0.0000000000
96705  -13.348  -92.098  -18.744 0.0000000000
96706  -13.585  -91.723  -18.191 0.0000000000
96707  -14.040  -91.129  -18.137 0.0000000000
96708  -14.490  -90.526  -18.085 0.0000000000
96926  -10.346  -91.963  -5.644 0.0000000000
96927  -10.072  -92.001  -5.051 0.0000000000
96928  -9.845  -92.475  -5.728 0.0000000000
96929  -9.337  -92.980  -5.811 0.0000000000
96930  -8.821  -93.476  -5.892 0.0000000000
96939  -13.101  -91.736  -14.957 0.0000000000
96940  -12.630  -92.318  -15.028 0.0000000000
96941  -12.877  -92.135  -15.557 0.0000000000
96942  -12.650  -92.527  -16.149 0.0000000000
96943  -12.421  -92.911  -16.734 0.0000000000
96944  -12.190  -93.287  -17.311 0.0000000000
96945  -12.662  -92.715  -17.243 0.0000000000
96946  -12.897  -92.514  -17.748 0.0000000000
101255  -11.915  -91.145  -7.909 0.0000000000
101261  -14.575  -88.771  -10.576 0.0000000000
101262  -14.376  -89.209  -11.218 0.0000000000
101263  -14.173  -89.643  -11.856 0.0000000000
101264  -13.966  -90.073  -12.488 0.0000000000
101266  -14.658  -89.298  -12.978 0.0000000000
111554  -11.203  -94.963  -22.299 0.0000000000
111555  -11.384  -94.760  -22.701 0.0000000000
111556  -11.629  -94.468  -22.266 0.0000000000
111557  -12.058  -93.955  -22.240 0.0000000000
111558  -12.490  -93.425  -22.219 0.0000000000
111559  -14.164  -91.225  -20.700 0.0000000000
111560  -13.903  -91.595  -21.209 0.0000000000
111561  -14.348  -90.999  -21.184 0.0000000000
111562  -14.524  -90.771  -21.667 0.0000000000
111563  -14.692  -90.540  -22.150 0.0000000000
111564  -14.852  -90.307  -22.634 0.0000000000
111565  -15.135  -89.923  -22.140 0.0000000000
111566  -15.578  -89.295  -22.131 0.0000000000
112257  -11.033  -92.934  -10.544 0.0000000000
112258  -10.533  -93.479  -10.626 0.0000000000
112259  -10.804  -93.367  -11.192 0.0000000000
112260  -10.573  -93.794  -11.835 0.0000000000
112261  -10.338  -94.214  -12.473 0.0000000000
112275  -11.253  -94.689  -19.522 0.0000000000
112277  -11.020  -95.010  -20.047 0.0000000000
112278  -10.789  -95.316  -20.559 0.0000000000
112279  -10.563  -95.606  -21.057 0.0000000000
112281  -10.791  -95.388  -21.478 0.0000000000
112282  -11.005  -95.173  -21.892 0.0000000000
114107  -11.922  -94.020  -24.324 0.0000000000
114108  -11.610  -94.353  -24.686 0.0000000000
114109  -12.018  -93.845  -24.746 0.0000000000
114110  -12.105  -93.669  -25.175 0.0000000000
125804  -12.166  -93.728  -20.386 0.0000000000
125805  -12.372  -93.515  -20.844 0.0000000000
125806  -12.620  -93.175  -20.338 0.0000000000
125807  -13.072  -92.611  -20.293 0.0000000000
125808  -13.522  -92.035  -20.252 0.0000000000
125809  -13.563  -91.885  -19.237 0.0000000000
125810  -13.771  -91.668  -19.727 0.0000000000
125811  -13.971  -91.448  -20.214 0.0000000000
125812  -14.419  -90.849  -20.178 0.0000000000
125813  -14.864  -90.241  -20.145 0.0000000000
125814  -15.307  -89.622  -20.114 0.0000000000
126325  -9.797  -92.026  -4.456 0.0000000000
126351  -12.090  -92.406  -12.787 0.0000000000
126352  -11.604  -92.972  -12.865 0.0000000000
126353  -11.866  -92.821  -13.414 0.0000000000
126354  -11.639  -93.229  -14.034 0.0000000000
126355  -11.410  -93.629  -14.648 0.0000000000
126356  -12.153  -92.893  -15.102 0.0000000000
126357  -11.669  -93.460  -15.178 0.0000000000
126358  -11.178  -94.021  -15.254 0.0000000000
126359  -10.946  -94.403  -15.854 0.0000000000
126364  -10.995  -94.758  -18.021 0.0000000000
126365  -11.245  -94.559  -18.506 0.0000000000
126366  -11.957  -93.653  -17.878 0.0000000000
126367  -11.722  -94.010  -18.437 0.0000000000
126368  -11.488  -94.356  -18.985 0.0000000000
126369  -11.723  -94.149  -19.457 0.0000000000
126370  -11.949  -93.939  -19.924 0.0000000000
127790  -13.634  -91.815  -24.473 0.0000000000
127791  -13.306  -92.186  -24.895 0.0000000000
127792  -13.750  -91.594  -24.935 0.0000000000
135194  -14.040  -90.760  -15.950 0.0000000000
135195  -14.272  -90.557  -16.476 0.0000000000
135196  -14.493  -90.157  -15.888 0.0000000000
135677  -10.620  -91.913  -6.235 0.0000000000
135678  -10.397  -92.379  -6.908 0.0000000000
135679  -10.170  -92.841  -7.577 0.0000000000
135680  -9.939  -93.297  -8.243 0.0000000000
135681  -10.445  -92.771  -8.160 0.0000000000
135682  -10.718  -92.689  -8.740 0.0000000000
135683  -10.990  -92.597  -9.317 0.0000000000
135684  -11.700  -91.599  -8.573 0.0000000000
135685  -11.481  -92.049  -9.234 0.0000000000
135686  -11.259  -92.494  -9.891 0.0000000000
135687  -11.526  -92.381  -10.462 0.0000000000
135688  -11.790  -92.258  -11.029 0.0000000000
135689  -12.052  -92.125  -11.593 0.0000000000
135694  -13.424  -90.101  -10.145 0.0000000000
135695  -12.960  -90.680  -10.222 0.0000000000
135696  -12.748  -91.120  -10.871 0.0000000000
135697  -12.532  -91.554  -11.515 0.0000000000
135698  -12.312  -91.983  -12.154 0.0000000000
135699  -12.569  -91.832  -12.710 0.0000000000
135700  -12.823  -91.673  -13.261 0.0000000000
135701  -13.074  -91.505  -13.808 0.0000000000
135702  -13.754  -90.498  -13.115 0.0000000000
135703  -13.540  -90.917  -13.736 0.0000000000
135704  -13.322  -91.329  -14.350 0.0000000000
135705  -13.565  -91.147  -14.887 0.0000000000
135706  -13.805  -90.957  -15.421 0.0000000000
156550  -10.338  -95.919  -23.836 0.0000000000
156551  -10.443  -95.782  -24.132 0.0000000000
156552  -10.672  -95.547  -23.837 0.0000000000
156553  -11.033  -95.131  -23.857 0.0000000000
156554  -11.415  -94.679  -23.882 0.0000000000
156555  -11.546  -94.564  -23.102 0.0000000000
156556  -11.688  -94.377  -23.504 0.0000000000
156557  -11.813  -94.197  -23.911 0.0000000000
156558  -12.224  -93.688  -23.939 0.0000000000
156559  -12.645  -93.156  -23.966 0.0000000000
156560  -13.074  -92.603  -23.992 0.0000000000
156561  -12.568  -93.303  -21.298 0.0000000000
156562  -12.753  -93.091  -21.750 0.0000000000
156563  -12.926  -92.879  -22.201 0.0000000000
156564  -13.636  -91.959  -21.705 0.0000000000
156565  -13.365  -92.316  -22.187 0.0000000000
156566  -13.088  -92.667  -22.653 0.0000000000
156567  -13.238  -92.456  -23.105 0.0000000000
156568  -13.379  -92.244  -23.559 0.0000000000
156569  -13.510  -92.031  -24.015 0.0000000000
156570  -13.952  -91.441  -24.036 0.0000000000
156571  -14.397  -90.836  -24.054 0.0000000000
156572  -14.845  -90.217  -24.071 0.0000000000
156573  -15.006  -90.070  -23.117 0.0000000000
156574  -15.153  -89.829  -23.602 0.0000000000
156575  -15.294  -89.584  -24.086 0.0000000000
156579  -14.498  -90.349  -16.999 0.0000000000
156580  -14.720  -90.135  -17.519 0.0000000000
156581  -14.937  -89.915  -18.036 0.0000000000
156586  -15.554  -89.230  -19.575 0.0000000000
157955  -9.705  -93.749  -8.905 0.0000000000
157958  -10.025  -94.016  -10.707 0.0000000000
157964  -11.111  -93.531  -12.945 0.0000000000
157965  -10.610  -94.082  -13.025 0.0000000000
158006  -9.968  -96.330  -23.232 0.0000000000
158007  -10.172  -96.110  -23.545 0.0000000000
158008  -10.018  -96.259  -23.885 0.0000000000
161656  -10.497  -95.683  -24.465 0.0000000000
161657  -10.533  -95.588  -24.833 0.0000000000
161665  -12.967  -92.557  -25.299 0.0000000000
