#!ascii label  , from subject fsaverage vox2ras=TkReg
899
190  18.371  -75.894  39.521 0.0000000000
191  14.348  -69.601  46.816 0.0000000000
560  7.998  -67.535  43.256 0.0000000000
670  17.517  -69.537  48.403 0.0000000000
932  15.023  -76.325  37.704 0.0000000000
1494  21.546  -74.394  40.970 0.0000000000
1495  19.577  -72.147  44.865 0.0000000000
1496  16.336  -72.907  43.271 0.0000000000
1497  13.027  -72.676  41.460 0.0000000000
2318  12.520  -66.054  50.129 0.0000000000
2319  11.132  -68.813  45.069 0.0000000000
2320  9.800  -71.790  39.592 0.0000000000
2321  5.007  -66.045  41.491 0.0000000000
2322  6.717  -70.555  37.835 0.0000000000
2590  16.979  -66.624  52.184 0.0000000000
3450  21.104  -71.337  45.521 0.0000000000
3451  20.084  -70.242  47.382 0.0000000000
3452  15.949  -69.699  47.633 0.0000000000
3453  16.955  -71.216  45.908 0.0000000000
3454  15.328  -71.283  45.074 0.0000000000
3455  14.678  -72.895  42.383 0.0000000000
3456  13.691  -71.116  44.196 0.0000000000
4239  19.382  -77.227  37.568 0.0000000000
5155  8.662  -66.122  45.905 0.0000000000
5156  10.230  -66.818  46.801 0.0000000000
5157  9.549  -68.215  44.163 0.0000000000
5158  10.458  -70.265  42.369 0.0000000000
5159  8.887  -69.671  41.453 0.0000000000
5161  4.171  -63.764  43.181 0.0000000000
5164  5.231  -69.874  37.041 0.0000000000
5814  19.035  -69.081  49.120 0.0000000000
5815  17.985  -67.870  50.728 0.0000000000
5816  16.510  -68.146  50.019 0.0000000000
5817  14.981  -68.128  49.279 0.0000000000
6287  17.729  -77.754  36.723 0.0000000000
6839  7.127  -65.364  44.992 0.0000000000
7327  22.074  -72.335  43.555 0.0000000000
7328  20.583  -73.327  42.957 0.0000000000
7329  18.999  -74.029  42.239 0.0000000000
7330  18.548  -70.876  46.684 0.0000000000
7331  17.979  -72.666  44.106 0.0000000000
7332  17.355  -74.450  41.418 0.0000000000
7333  15.685  -74.606  40.529 0.0000000000
7334  14.015  -74.535  39.595 0.0000000000
7335  12.363  -74.283  38.640 0.0000000000
8777  16.174  -62.888  56.146 0.0000000000
9513  14.075  -66.485  50.859 0.0000000000
9514  13.408  -67.865  48.498 0.0000000000
9515  10.942  -65.463  49.334 0.0000000000
9516  11.818  -67.413  47.670 0.0000000000
9517  12.737  -69.289  45.958 0.0000000000
9518  12.063  -70.761  43.290 0.0000000000
9519  11.397  -72.295  40.522 0.0000000000
9522  5.630  -64.571  44.080 0.0000000000
9523  6.484  -66.804  42.361 0.0000000000
9524  4.392  -67.580  38.901 0.0000000000
9525  5.854  -68.304  39.705 0.0000000000
9526  7.352  -69.009  40.561 0.0000000000
9527  8.239  -71.202  38.691 0.0000000000
9528  9.151  -73.389  36.769 0.0000000000
11130  20.822  -69.814  47.694 0.0000000000
11131  20.300  -69.283  48.591 0.0000000000
11132  15.152  -69.679  47.230 0.0000000000
11133  15.644  -70.487  46.373 0.0000000000
11134  14.834  -70.448  45.953 0.0000000000
11135  14.509  -71.226  44.639 0.0000000000
11136  14.022  -70.353  45.522 0.0000000000
11918  19.692  -76.258  38.946 0.0000000000
11919  18.877  -76.575  38.551 0.0000000000
12835  8.327  -66.822  44.588 0.0000000000
12836  9.102  -67.175  45.041 0.0000000000
12837  8.769  -67.883  43.709 0.0000000000
12838  9.216  -68.934  42.815 0.0000000000
12839  8.441  -68.607  42.362 0.0000000000
12846  6.519  -73.335  34.112 0.0000000000
13530  18.701  -67.611  51.072 0.0000000000
13534  16.028  -67.432  50.787 0.0000000000
13535  15.752  -68.172  49.654 0.0000000000
13536  15.281  -67.408  50.436 0.0000000000
16111  22.311  -71.289  44.817 0.0000000000
16112  20.352  -71.779  45.207 0.0000000000
16113  20.853  -72.336  44.251 0.0000000000
16114  20.085  -72.750  43.921 0.0000000000
16115  19.801  -73.714  42.612 0.0000000000
16116  19.296  -73.090  43.564 0.0000000000
16117  18.284  -69.347  48.769 0.0000000000
16118  18.805  -69.978  47.921 0.0000000000
16119  18.032  -70.214  47.556 0.0000000000
16120  16.651  -72.060  44.605 0.0000000000
16121  17.466  -71.951  45.016 0.0000000000
16122  17.162  -72.820  43.696 0.0000000000
16123  17.673  -73.559  42.774 0.0000000000
16124  16.845  -73.690  42.349 0.0000000000
16125  16.521  -74.559  40.980 0.0000000000
16126  16.013  -73.755  41.911 0.0000000000
16127  13.850  -72.808  41.925 0.0000000000
16128  14.347  -73.711  41.000 0.0000000000
16129  13.518  -73.613  40.532 0.0000000000
16130  13.186  -74.429  39.118 0.0000000000
16131  12.694  -73.474  40.058 0.0000000000
16150  22.713  -69.164  47.267 0.0000000000
21222  13.303  -66.292  50.503 0.0000000000
21223  13.743  -67.169  49.705 0.0000000000
21224  12.957  -66.971  49.320 0.0000000000
21228  10.677  -67.823  45.941 0.0000000000
21229  11.023  -67.131  47.240 0.0000000000
21231  12.272  -68.359  46.820 0.0000000000
21232  11.932  -69.069  45.517 0.0000000000
21233  12.399  -70.018  44.638 0.0000000000
21234  11.593  -69.790  44.186 0.0000000000
21235  10.127  -71.018  40.989 0.0000000000
21236  10.924  -71.283  41.452 0.0000000000
21237  10.594  -72.055  40.055 0.0000000000
21238  11.068  -73.084  39.112 0.0000000000
21239  10.267  -72.844  38.644 0.0000000000
21243  4.587  -64.908  42.349 0.0000000000
21244  4.895  -64.169  43.628 0.0000000000
21245  5.316  -65.302  42.787 0.0000000000
21246  6.055  -65.692  43.231 0.0000000000
21247  5.741  -66.427  41.922 0.0000000000
21250  4.083  -68.373  37.609 0.0000000000
21251  5.970  -70.217  37.430 0.0000000000
21252  5.542  -69.079  38.374 0.0000000000
21253  6.283  -69.430  38.780 0.0000000000
21254  6.598  -68.660  40.128 0.0000000000
21255  7.034  -69.773  39.200 0.0000000000
21256  7.793  -70.106  39.633 0.0000000000
21257  7.473  -70.884  38.256 0.0000000000
23566  14.185  -76.293  37.222 0.0000000000
24641  22.039  -69.782  47.032 0.0000000000
24642  21.830  -70.820  45.804 0.0000000000
24643  21.333  -70.328  46.764 0.0000000000
24644  20.599  -70.800  46.466 0.0000000000
24645  19.841  -71.197  46.140 0.0000000000
24646  16.738  -69.653  48.024 0.0000000000
24647  17.245  -70.375  47.175 0.0000000000
24648  16.448  -70.464  46.781 0.0000000000
24649  16.144  -71.281  45.498 0.0000000000
24650  15.830  -72.104  44.180 0.0000000000
24651  15.507  -72.930  42.833 0.0000000000
24652  15.005  -72.086  43.742 0.0000000000
24653  14.181  -72.013  43.295 0.0000000000
24654  13.359  -71.890  42.841 0.0000000000
26062  20.187  -76.860  37.951 0.0000000000
26063  19.884  -77.847  36.574 0.0000000000
27711  9.007  -65.434  47.203 0.0000000000
27712  9.792  -65.796  47.648 0.0000000000
27713  9.442  -66.480  46.356 0.0000000000
27714  9.886  -67.510  45.493 0.0000000000
27715  10.337  -68.526  44.616 0.0000000000
27716  10.793  -69.531  43.729 0.0000000000
27717  10.000  -69.244  43.272 0.0000000000
27718  9.668  -69.978  41.909 0.0000000000
27719  9.340  -70.732  40.530 0.0000000000
27724  4.282  -65.662  41.070 0.0000000000
27726  4.498  -69.529  36.671 0.0000000000
28926  19.770  -68.737  49.455 0.0000000000
28927  19.235  -68.180  50.282 0.0000000000
28928  18.508  -68.481  49.941 0.0000000000
28929  17.765  -68.702  49.588 0.0000000000
28931  17.254  -68.047  50.378 0.0000000000
28932  17.008  -68.847  49.225 0.0000000000
28933  16.239  -68.919  48.850 0.0000000000
28934  15.459  -68.921  48.465 0.0000000000
28935  14.669  -68.859  48.070 0.0000000000
30028  17.539  -76.094  39.092 0.0000000000
30029  18.050  -76.823  38.130 0.0000000000
30030  17.213  -77.005  37.687 0.0000000000
31317  8.229  -65.055  46.750 0.0000000000
31318  7.890  -65.749  45.450 0.0000000000
31319  7.561  -66.455  44.133 0.0000000000
32507  21.342  -72.867  43.272 0.0000000000
32508  21.070  -73.876  41.973 0.0000000000
32509  20.297  -74.310  41.642 0.0000000000
32510  19.502  -74.672  41.281 0.0000000000
32511  18.689  -74.963  40.891 0.0000000000
32512  19.562  -69.669  48.267 0.0000000000
32513  19.325  -70.596  47.045 0.0000000000
32514  19.064  -71.521  45.787 0.0000000000
32515  17.757  -71.082  46.304 0.0000000000
32516  18.271  -71.772  45.411 0.0000000000
32517  18.785  -72.442  44.497 0.0000000000
32518  18.491  -73.360  43.180 0.0000000000
32519  18.182  -74.274  41.840 0.0000000000
32520  17.864  -75.185  40.477 0.0000000000
32521  17.030  -75.339  40.041 0.0000000000
32522  16.192  -75.430  39.590 0.0000000000
32523  15.354  -75.461  39.126 0.0000000000
32524  15.179  -73.760  41.461 0.0000000000
32525  14.849  -74.595  40.067 0.0000000000
35467  18.561  -77.524  37.158 0.0000000000
35469  19.584  -78.835  35.183 0.0000000000
36581  16.350  -63.653  55.460 0.0000000000
36583  15.761  -63.401  55.491 0.0000000000
38779  14.832  -66.625  51.200 0.0000000000
38780  14.519  -67.318  50.076 0.0000000000
38781  14.198  -68.024  48.894 0.0000000000
38782  13.873  -68.741  47.663 0.0000000000
38785  11.733  -65.776  49.739 0.0000000000
38786  10.582  -66.136  48.083 0.0000000000
38787  11.375  -66.449  48.508 0.0000000000
38788  12.167  -66.729  48.920 0.0000000000
38790  13.073  -68.572  47.247 0.0000000000
38791  13.543  -69.469  46.391 0.0000000000
38792  13.210  -70.208  45.084 0.0000000000
38793  12.875  -70.959  43.746 0.0000000000
38794  12.541  -71.724  42.380 0.0000000000
38795  11.257  -70.528  42.830 0.0000000000
38796  11.729  -71.520  41.917 0.0000000000
38797  12.209  -72.503  40.992 0.0000000000
38798  11.877  -73.296  39.584 0.0000000000
38807  6.374  -64.971  44.535 0.0000000000
38808  6.803  -66.078  43.681 0.0000000000
38809  7.237  -67.175  42.806 0.0000000000
38811  3.977  -66.431  39.793 0.0000000000
38812  4.700  -66.804  40.195 0.0000000000
38813  4.809  -68.726  37.983 0.0000000000
38814  5.119  -67.942  39.296 0.0000000000
38815  5.429  -67.176  40.609 0.0000000000
38816  6.168  -67.546  41.035 0.0000000000
38817  6.916  -67.909  41.470 0.0000000000
38818  7.674  -68.264  41.913 0.0000000000
38819  8.116  -69.347  41.003 0.0000000000
38820  8.562  -70.427  40.077 0.0000000000
38821  9.015  -71.505  39.137 0.0000000000
38822  7.918  -71.996  37.298 0.0000000000
38823  8.692  -72.297  37.734 0.0000000000
38824  9.475  -72.581  38.184 0.0000000000
41852  14.751  -69.647  47.024 0.0000000000
41853  14.994  -70.063  46.596 0.0000000000
41854  14.590  -70.026  46.386 0.0000000000
41855  14.428  -70.407  45.739 0.0000000000
41856  14.186  -69.976  46.174 0.0000000000
42637  18.783  -75.768  39.727 0.0000000000
42638  19.035  -76.101  39.241 0.0000000000
42639  18.624  -76.238  39.038 0.0000000000
43555  8.162  -67.177  43.923 0.0000000000
43556  8.547  -67.354  44.150 0.0000000000
43557  8.383  -67.711  43.482 0.0000000000
43558  8.604  -68.243  43.037 0.0000000000
43559  8.219  -68.072  42.811 0.0000000000
44251  18.253  -66.614  52.346 0.0000000000
44255  15.657  -67.429  50.612 0.0000000000
45037  15.442  -76.322  37.943 0.0000000000
46830  22.656  -70.982  44.937 0.0000000000
46831  22.421  -70.762  45.439 0.0000000000
46832  19.967  -71.972  45.040 0.0000000000
46833  20.221  -72.265  44.568 0.0000000000
46834  19.832  -72.452  44.396 0.0000000000
46835  19.693  -72.929  43.746 0.0000000000
46836  19.439  -72.619  44.217 0.0000000000
46837  17.902  -69.451  48.588 0.0000000000
46838  18.161  -69.780  48.167 0.0000000000
46839  17.774  -69.877  47.983 0.0000000000
46840  16.495  -72.483  43.941 0.0000000000
46841  16.906  -72.443  44.152 0.0000000000
46842  16.750  -72.872  43.485 0.0000000000
46843  17.005  -73.255  43.026 0.0000000000
46844  16.591  -73.301  42.811 0.0000000000
46845  16.430  -73.731  42.132 0.0000000000
46846  16.176  -73.331  42.594 0.0000000000
46847  13.438  -72.748  41.693 0.0000000000
46848  13.684  -73.210  41.231 0.0000000000
46849  13.272  -73.147  40.997 0.0000000000
46850  13.105  -73.548  40.295 0.0000000000
46851  12.860  -73.073  40.762 0.0000000000
49195  20.529  -77.932  36.257 0.0000000000
51940  12.699  -65.720  50.716 0.0000000000
51941  13.089  -65.844  50.897 0.0000000000
51942  12.913  -66.178  50.318 0.0000000000
51943  13.130  -66.630  49.917 0.0000000000
51944  12.737  -66.515  49.726 0.0000000000
51948  10.903  -68.320  45.506 0.0000000000
51949  11.074  -67.969  46.163 0.0000000000
51950  11.302  -68.459  45.730 0.0000000000
51951  11.702  -68.590  45.952 0.0000000000
51952  11.531  -68.945  45.294 0.0000000000
51953  11.762  -69.428  44.855 0.0000000000
51954  11.361  -69.303  44.629 0.0000000000
51955  9.963  -71.402  40.292 0.0000000000
51956  10.360  -71.537  40.523 0.0000000000
51957  10.196  -71.925  39.823 0.0000000000
51958  10.430  -72.448  39.351 0.0000000000
51959  10.032  -72.318  39.119 0.0000000000
51963  4.797  -65.477  41.923 0.0000000000
51964  4.951  -65.105  42.567 0.0000000000
51965  5.162  -65.672  42.139 0.0000000000
51966  5.528  -65.865  42.357 0.0000000000
51967  5.373  -66.236  41.705 0.0000000000
51968  3.566  -68.603  36.790 0.0000000000
51969  3.722  -68.197  37.429 0.0000000000
51970  3.927  -68.777  36.964 0.0000000000
51971  6.343  -70.387  37.630 0.0000000000
51972  6.127  -69.821  38.105 0.0000000000
51973  6.500  -69.992  38.310 0.0000000000
51974  6.657  -69.602  38.988 0.0000000000
51975  6.875  -70.162  38.518 0.0000000000
51976  7.253  -70.329  38.730 0.0000000000
51977  7.094  -70.721  38.044 0.0000000000
56430  21.690  -70.064  46.902 0.0000000000
56432  20.456  -70.038  47.541 0.0000000000
56433  20.714  -70.308  47.084 0.0000000000
56435  20.223  -71.008  46.306 0.0000000000
56436  19.965  -70.720  46.765 0.0000000000
56437  16.344  -69.684  47.830 0.0000000000
56438  16.595  -70.058  47.408 0.0000000000
56439  16.198  -70.083  47.209 0.0000000000
56440  15.487  -70.884  45.728 0.0000000000
56441  15.893  -70.886  45.938 0.0000000000
56442  15.737  -71.290  45.287 0.0000000000
56443  15.988  -71.692  44.843 0.0000000000
56444  15.578  -71.695  44.629 0.0000000000
56445  15.418  -72.102  43.962 0.0000000000
56446  15.167  -71.684  44.412 0.0000000000
56447  14.100  -71.177  44.418 0.0000000000
56448  14.346  -71.618  43.971 0.0000000000
56449  13.935  -71.566  43.747 0.0000000000
56450  13.770  -71.957  43.069 0.0000000000
56451  13.525  -71.502  43.522 0.0000000000
58795  19.537  -76.743  38.259 0.0000000000
58796  19.940  -76.563  38.450 0.0000000000
58797  19.787  -77.052  37.763 0.0000000000
58798  20.035  -77.354  37.264 0.0000000000
58799  19.634  -77.541  37.073 0.0000000000
61545  8.833  -65.777  46.556 0.0000000000
61546  9.224  -65.959  46.782 0.0000000000
61547  9.051  -66.304  46.131 0.0000000000
61548  9.325  -67.696  44.604 0.0000000000
61549  9.493  -67.345  45.267 0.0000000000
61550  9.717  -67.861  44.830 0.0000000000
61551  10.111  -68.020  45.056 0.0000000000
61552  9.942  -68.373  44.390 0.0000000000
61553  10.168  -68.883  43.946 0.0000000000
61554  9.774  -68.730  43.719 0.0000000000
61555  9.051  -69.301  42.136 0.0000000000
61556  9.441  -69.457  42.364 0.0000000000
61557  9.276  -69.827  41.680 0.0000000000
61558  9.503  -70.353  41.221 0.0000000000
61559  9.113  -70.202  40.993 0.0000000000
61566  4.075  -65.089  41.498 0.0000000000
61567  3.923  -65.470  40.864 0.0000000000
63631  19.324  -67.726  50.849 0.0000000000
63634  18.245  -68.177  50.339 0.0000000000
63635  18.138  -68.601  49.766 0.0000000000
63636  17.878  -68.286  50.164 0.0000000000
63639  17.223  -66.937  51.836 0.0000000000
63640  16.637  -67.763  50.584 0.0000000000
63641  17.004  -67.715  50.760 0.0000000000
63642  16.884  -68.106  50.199 0.0000000000
63643  17.134  -68.447  49.807 0.0000000000
63644  16.757  -68.498  49.625 0.0000000000
63645  16.625  -68.892  49.039 0.0000000000
63646  16.377  -68.532  49.441 0.0000000000
63647  15.368  -68.158  49.467 0.0000000000
63648  15.607  -68.545  49.066 0.0000000000
63649  15.218  -68.526  48.874 0.0000000000
63650  15.065  -68.897  48.269 0.0000000000
63651  14.826  -68.492  48.680 0.0000000000
65993  17.376  -76.549  38.392 0.0000000000
65994  16.957  -76.621  38.166 0.0000000000
68757  7.508  -65.558  45.221 0.0000000000
68758  7.724  -66.101  44.793 0.0000000000
68759  7.343  -65.911  44.565 0.0000000000
71372  22.428  -72.042  43.684 0.0000000000
71374  22.306  -72.567  43.049 0.0000000000
71375  22.180  -73.089  42.410 0.0000000000
71376  21.948  -72.853  42.916 0.0000000000
71377  21.471  -71.088  45.667 0.0000000000
71378  21.716  -71.336  45.181 0.0000000000
71379  21.352  -71.596  45.039 0.0000000000
71380  20.720  -72.833  43.607 0.0000000000
71381  21.099  -72.605  43.764 0.0000000000
71382  20.966  -73.106  43.119 0.0000000000
71383  21.208  -73.373  42.625 0.0000000000
71384  20.828  -73.605  42.468 0.0000000000
71385  20.686  -74.102  41.811 0.0000000000
71386  20.442  -73.819  42.302 0.0000000000
71387  19.402  -73.880  42.429 0.0000000000
71388  19.653  -74.193  41.949 0.0000000000
71389  19.251  -74.354  41.762 0.0000000000
71390  19.097  -74.826  41.089 0.0000000000
71391  18.845  -74.496  41.568 0.0000000000
71392  19.405  -68.919  49.290 0.0000000000
71393  19.669  -69.204  48.865 0.0000000000
71394  19.299  -69.376  48.698 0.0000000000
71395  18.679  -70.427  47.307 0.0000000000
71396  19.065  -70.289  47.487 0.0000000000
71397  18.938  -70.745  46.867 0.0000000000
71398  19.197  -71.059  46.420 0.0000000000
71399  18.806  -71.201  46.238 0.0000000000
71400  17.102  -70.795  46.546 0.0000000000
71401  17.501  -70.730  46.742 0.0000000000
71402  17.357  -71.158  46.108 0.0000000000
71403  17.723  -72.311  44.563 0.0000000000
71404  17.870  -71.870  45.215 0.0000000000
71405  18.127  -72.219  44.762 0.0000000000
71406  18.528  -72.110  44.956 0.0000000000
71407  18.384  -72.563  44.304 0.0000000000
71408  18.640  -72.901  43.842 0.0000000000
71409  18.235  -73.016  43.645 0.0000000000
71410  17.515  -74.005  42.099 0.0000000000
71411  17.928  -73.920  42.308 0.0000000000
71412  17.770  -74.370  41.631 0.0000000000
71413  18.024  -74.730  41.161 0.0000000000
71414  17.609  -74.820  40.949 0.0000000000
71415  17.447  -75.270  40.261 0.0000000000
71416  17.193  -74.895  40.733 0.0000000000
71417  16.103  -74.590  40.756 0.0000000000
71418  16.357  -74.994  40.288 0.0000000000
71419  15.938  -75.021  40.061 0.0000000000
71420  15.773  -75.453  39.360 0.0000000000
71421  15.520  -75.032  39.830 0.0000000000
71422  15.092  -72.919  42.609 0.0000000000
71423  15.344  -73.344  42.150 0.0000000000
71424  14.928  -73.330  41.923 0.0000000000
71425  14.181  -74.121  40.300 0.0000000000
71426  14.597  -74.155  40.535 0.0000000000
71427  14.431  -74.571  39.832 0.0000000000
71428  14.683  -75.016  39.362 0.0000000000
71430  14.099  -75.410  38.413 0.0000000000
71431  13.849  -74.950  38.886 0.0000000000
71432  12.773  -74.361  38.879 0.0000000000
71433  13.020  -74.841  38.406 0.0000000000
71434  12.608  -74.771  38.165 0.0000000000
71436  12.198  -74.693  37.925 0.0000000000
78480  17.889  -77.288  37.429 0.0000000000
78481  18.305  -77.177  37.645 0.0000000000
78482  18.146  -77.647  36.943 0.0000000000
78486  19.329  -78.519  35.680 0.0000000000
81228  16.065  -63.526  55.490 0.0000000000
81229  15.960  -63.143  55.828 0.0000000000
86707  14.456  -66.562  51.031 0.0000000000
86708  14.676  -66.969  50.646 0.0000000000
86709  14.295  -66.904  50.469 0.0000000000
86710  13.576  -67.516  49.107 0.0000000000
86711  13.969  -67.599  49.301 0.0000000000
86712  13.804  -67.951  48.698 0.0000000000
86713  14.036  -68.381  48.284 0.0000000000
86722  11.338  -65.623  49.538 0.0000000000
86723  10.010  -66.310  47.227 0.0000000000
86724  10.186  -65.969  47.867 0.0000000000
86725  10.405  -66.476  47.446 0.0000000000
86726  11.420  -67.276  47.456 0.0000000000
86727  11.198  -66.789  47.878 0.0000000000
86728  11.595  -66.933  48.090 0.0000000000
86729  11.771  -66.593  48.715 0.0000000000
86730  11.992  -67.070  48.300 0.0000000000
86731  12.389  -67.197  48.506 0.0000000000
86732  12.216  -67.541  47.881 0.0000000000
86733  12.503  -68.826  46.391 0.0000000000
86734  12.673  -68.471  47.035 0.0000000000
86735  12.905  -68.929  46.607 0.0000000000
86736  13.307  -69.022  46.821 0.0000000000
86737  13.140  -69.385  46.176 0.0000000000
86738  13.376  -69.837  45.742 0.0000000000
86739  12.972  -69.750  45.523 0.0000000000
86740  12.231  -70.387  43.967 0.0000000000
86741  12.636  -70.489  44.194 0.0000000000
86742  12.469  -70.864  43.518 0.0000000000
86743  12.708  -71.340  43.066 0.0000000000
86744  12.301  -71.243  42.837 0.0000000000
86745  10.625  -69.896  43.052 0.0000000000
86746  11.024  -70.030  43.282 0.0000000000
86747  10.856  -70.400  42.599 0.0000000000
86748  11.160  -71.790  40.988 0.0000000000
86749  11.325  -71.405  41.684 0.0000000000
86750  11.563  -71.905  41.222 0.0000000000
86751  11.968  -72.013  41.455 0.0000000000
86752  11.802  -72.403  40.757 0.0000000000
86753  12.043  -72.898  40.290 0.0000000000
86754  11.637  -72.797  40.054 0.0000000000
86755  10.904  -73.484  38.402 0.0000000000
86756  11.307  -73.594  38.638 0.0000000000
86771  5.261  -64.370  43.853 0.0000000000
86775  5.788  -64.211  44.724 0.0000000000
86776  6.161  -64.414  44.954 0.0000000000
86777  6.000  -64.772  44.307 0.0000000000
86778  6.269  -66.249  42.799 0.0000000000
86779  6.428  -65.886  43.455 0.0000000000
86780  6.643  -66.439  43.022 0.0000000000
86781  7.020  -66.627  43.246 0.0000000000
86782  6.859  -66.991  42.583 0.0000000000
86786  4.031  -67.398  38.709 0.0000000000
86788  4.184  -67.005  39.350 0.0000000000
86789  4.338  -66.617  39.993 0.0000000000
86790  4.546  -67.189  39.548 0.0000000000
86792  4.654  -69.125  37.327 0.0000000000
86793  5.019  -69.300  37.515 0.0000000000
86794  5.698  -68.689  39.040 0.0000000000
86795  5.330  -68.511  38.838 0.0000000000
86796  5.486  -68.123  39.499 0.0000000000
86797  5.274  -67.557  39.953 0.0000000000
86798  5.641  -67.740  40.160 0.0000000000
86799  5.798  -67.361  40.821 0.0000000000
86800  6.011  -67.922  40.371 0.0000000000
86801  6.974  -68.836  40.343 0.0000000000
86802  6.757  -68.282  40.800 0.0000000000
86803  7.134  -68.460  41.018 0.0000000000
86804  7.294  -68.088  41.691 0.0000000000
86805  7.513  -68.634  41.238 0.0000000000
86806  7.894  -68.806  41.460 0.0000000000
86807  7.733  -69.180  40.781 0.0000000000
86808  8.016  -70.654  39.164 0.0000000000
86809  8.177  -70.268  39.854 0.0000000000
86810  8.400  -70.812  39.385 0.0000000000
86811  8.787  -70.966  39.609 0.0000000000
86812  8.626  -71.355  38.912 0.0000000000
86813  7.376  -72.246  36.390 0.0000000000
86814  7.536  -71.840  37.084 0.0000000000
86817  8.531  -72.701  37.031 0.0000000000
86818  8.920  -72.844  37.253 0.0000000000
86819  9.082  -72.441  37.958 0.0000000000
86820  9.312  -72.983  37.477 0.0000000000
86821  9.707  -73.116  37.705 0.0000000000
93764  20.562  -69.551  48.147 0.0000000000
93765  20.196  -69.764  47.991 0.0000000000
93766  15.551  -69.697  47.433 0.0000000000
93767  15.798  -70.092  47.008 0.0000000000
93768  15.397  -70.085  46.804 0.0000000000
93769  15.239  -70.475  46.164 0.0000000000
93770  15.080  -70.867  45.515 0.0000000000
93771  14.919  -71.262  44.858 0.0000000000
93772  14.672  -70.836  45.300 0.0000000000
93773  14.264  -70.791  45.083 0.0000000000
93774  13.857  -70.733  44.863 0.0000000000
95181  19.442  -75.946  39.438 0.0000000000
95182  19.287  -76.425  38.752 0.0000000000
95183  19.130  -76.905  38.061 0.0000000000
96831  8.493  -66.471  45.248 0.0000000000
96832  8.881  -66.651  45.475 0.0000000000
96833  8.713  -67.001  44.815 0.0000000000
96834  8.935  -67.527  44.377 0.0000000000
96835  9.158  -68.051  43.936 0.0000000000
96836  9.382  -68.573  43.491 0.0000000000
96837  8.992  -68.410  43.264 0.0000000000
96838  8.827  -68.773  42.588 0.0000000000
96839  8.663  -69.140  41.909 0.0000000000
98084  18.436  -67.324  51.451 0.0000000000
98089  16.395  -67.416  50.961 0.0000000000
98090  16.266  -67.791  50.407 0.0000000000
98091  16.132  -68.168  49.837 0.0000000000
98092  15.892  -67.801  50.228 0.0000000000
98093  15.514  -67.792  50.047 0.0000000000
98094  15.133  -67.767  49.865 0.0000000000
101159  6.913  -64.814  45.414 0.0000000000
102728  22.545  -71.513  44.313 0.0000000000
102729  22.195  -71.813  44.189 0.0000000000
102730  20.731  -71.567  45.368 0.0000000000
102731  20.981  -71.838  44.889 0.0000000000
102732  20.604  -72.061  44.732 0.0000000000
102733  20.472  -72.552  44.090 0.0000000000
102734  20.335  -73.042  43.442 0.0000000000
102735  20.195  -73.529  42.789 0.0000000000
102736  19.945  -73.233  43.270 0.0000000000
102737  19.550  -73.405  43.090 0.0000000000
102738  19.150  -73.560  42.904 0.0000000000
102739  18.661  -69.223  48.947 0.0000000000
102740  18.923  -69.530  48.526 0.0000000000
102741  18.544  -69.664  48.349 0.0000000000
102742  18.420  -70.105  47.741 0.0000000000
102743  18.290  -70.547  47.123 0.0000000000
102744  16.805  -71.638  45.261 0.0000000000
102745  17.210  -71.586  45.464 0.0000000000
102746  17.060  -72.014  44.812 0.0000000000
102747  17.315  -72.386  44.360 0.0000000000
102748  17.572  -72.752  43.903 0.0000000000
102749  17.828  -73.113  43.443 0.0000000000
102750  17.417  -73.193  43.236 0.0000000000
102751  17.260  -73.633  42.563 0.0000000000
102752  17.100  -74.073  41.885 0.0000000000
102753  16.938  -74.513  41.201 0.0000000000
102754  16.684  -74.125  41.668 0.0000000000
102755  16.267  -74.160  41.447 0.0000000000
102756  15.849  -74.180  41.223 0.0000000000
102757  14.264  -72.858  42.155 0.0000000000
102758  14.513  -73.302  41.695 0.0000000000
102759  14.098  -73.262  41.464 0.0000000000
102760  13.932  -73.668  40.767 0.0000000000
102761  13.766  -74.076  40.064 0.0000000000
102762  13.600  -74.487  39.357 0.0000000000
102763  13.352  -74.020  39.827 0.0000000000
102764  12.939  -73.953  39.589 0.0000000000
102765  12.529  -73.877  39.351 0.0000000000
106983  20.824  -76.926  37.625 0.0000000000
106984  21.209  -76.686  37.793 0.0000000000
111927  13.476  -65.958  51.074 0.0000000000
111928  13.691  -66.395  50.683 0.0000000000
111929  13.909  -66.826  50.289 0.0000000000
111930  13.521  -66.734  50.105 0.0000000000
111931  13.351  -67.076  49.514 0.0000000000
111937  10.546  -65.295  49.126 0.0000000000
111938  10.453  -67.323  46.372 0.0000000000
111939  10.626  -66.978  47.021 0.0000000000
111940  10.849  -67.476  46.594 0.0000000000
111941  11.247  -67.621  46.813 0.0000000000
111943  12.044  -67.888  47.246 0.0000000000
111945  12.102  -68.713  46.172 0.0000000000
111946  12.334  -69.184  45.739 0.0000000000
111947  12.568  -69.652  45.302 0.0000000000
111948  12.165  -69.545  45.079 0.0000000000
111949  11.996  -69.909  44.413 0.0000000000
111950  11.827  -70.276  43.740 0.0000000000
111951  10.292  -70.639  41.681 0.0000000000
111952  10.690  -70.774  41.912 0.0000000000
111953  10.524  -71.154  41.220 0.0000000000
111954  10.759  -71.667  40.755 0.0000000000
111955  10.995  -72.178  40.288 0.0000000000
111956  11.233  -72.688  39.819 0.0000000000
111957  10.830  -72.571  39.584 0.0000000000
111958  10.666  -72.967  38.877 0.0000000000
111966  4.532  -63.966  43.404 0.0000000000
111967  4.741  -64.537  42.989 0.0000000000
111968  5.105  -64.736  43.211 0.0000000000
111969  5.472  -64.935  43.434 0.0000000000
111970  5.842  -65.133  43.659 0.0000000000
111971  5.685  -65.497  43.008 0.0000000000
111972  5.898  -66.058  42.577 0.0000000000
111973  6.111  -66.616  42.140 0.0000000000
111977  3.876  -67.795  38.068 0.0000000000
111978  4.237  -67.974  38.254 0.0000000000
111979  5.599  -70.046  37.233 0.0000000000
111980  5.387  -69.474  37.707 0.0000000000
111981  5.756  -69.648  37.904 0.0000000000
111982  5.912  -69.255  38.575 0.0000000000
111983  6.068  -68.867  39.245 0.0000000000
111984  6.225  -68.483  39.915 0.0000000000
111985  6.441  -69.043  39.454 0.0000000000
111986  6.815  -69.217  39.666 0.0000000000
111987  7.193  -69.389  39.881 0.0000000000
111988  7.572  -69.558  40.099 0.0000000000
111989  7.412  -69.941  39.415 0.0000000000
111990  7.633  -70.493  38.946 0.0000000000
111991  7.855  -71.045  38.472 0.0000000000
115333  16.403  -66.345  52.363 0.0000000000
115334  16.058  -66.360  52.207 0.0000000000
115335  15.707  -66.353  52.051 0.0000000000
118938  22.182  -70.535  45.934 0.0000000000
118939  21.938  -70.302  46.421 0.0000000000
118940  21.583  -70.577  46.288 0.0000000000
118941  21.222  -70.833  46.146 0.0000000000
118942  21.079  -70.073  47.233 0.0000000000
118944  20.853  -71.071  45.997 0.0000000000
118945  20.478  -71.290  45.841 0.0000000000
118946  20.097  -71.491  45.677 0.0000000000
118947  19.712  -71.673  45.506 0.0000000000
118948  17.129  -69.604  48.215 0.0000000000
118949  17.384  -69.955  47.794 0.0000000000
118950  16.991  -70.016  47.602 0.0000000000
118951  16.848  -70.428  46.980 0.0000000000
118952  16.701  -70.842  46.347 0.0000000000
118953  16.047  -70.484  46.578 0.0000000000
118954  16.298  -70.872  46.144 0.0000000000
118955  16.550  -71.257  45.705 0.0000000000
118956  16.397  -71.673  45.053 0.0000000000
118957  16.241  -72.090  44.394 0.0000000000
118958  16.082  -72.508  43.727 0.0000000000
118959  15.922  -72.926  43.053 0.0000000000
118960  15.669  -72.516  43.509 0.0000000000
118961  15.256  -72.510  43.289 0.0000000000
118962  14.842  -72.490  43.066 0.0000000000
118963  14.757  -71.658  44.192 0.0000000000
118964  14.593  -72.056  43.520 0.0000000000
118965  14.429  -72.456  42.840 0.0000000000
118966  14.016  -72.410  42.613 0.0000000000
118967  13.604  -72.351  42.384 0.0000000000
118968  13.193  -72.282  42.153 0.0000000000
122246  21.405  -74.903  40.310 0.0000000000
122250  20.092  -76.073  39.132 0.0000000000
122251  20.338  -76.366  38.633 0.0000000000
122252  20.581  -76.650  38.131 0.0000000000
122253  20.432  -77.149  37.448 0.0000000000
122254  20.283  -77.647  36.762 0.0000000000
122255  20.134  -78.146  36.072 0.0000000000
126099  9.183  -65.094  47.844 0.0000000000
126100  9.576  -65.278  48.066 0.0000000000
126101  9.398  -65.618  47.427 0.0000000000
126102  9.616  -66.137  47.005 0.0000000000
126103  9.836  -66.652  46.579 0.0000000000
126104  9.271  -66.826  45.701 0.0000000000
126105  9.663  -66.997  45.926 0.0000000000
126106  10.057  -67.163  46.150 0.0000000000
126107  10.281  -67.670  45.717 0.0000000000
126108  10.506  -68.173  45.281 0.0000000000
126109  10.733  -68.673  44.843 0.0000000000
126110  10.962  -69.170  44.402 0.0000000000
126111  10.564  -69.030  44.174 0.0000000000
126112  10.395  -69.390  43.500 0.0000000000
126113  10.228  -69.755  42.822 0.0000000000
126114  9.607  -69.092  43.043 0.0000000000
126115  9.833  -69.609  42.592 0.0000000000
126116  10.062  -70.125  42.138 0.0000000000
126117  9.896  -70.499  41.450 0.0000000000
126118  9.732  -70.877  40.758 0.0000000000
126119  9.569  -71.261  40.063 0.0000000000
126129  4.435  -65.283  41.710 0.0000000000
126130  4.644  -65.853  41.279 0.0000000000
126140  6.185  -70.786  36.951 0.0000000000
126141  6.559  -70.953  37.152 0.0000000000
126142  6.936  -71.118  37.357 0.0000000000
126143  6.777  -71.520  36.670 0.0000000000
126144  6.997  -72.087  36.184 0.0000000000
128982  20.131  -68.537  49.615 0.0000000000
128983  19.863  -68.269  50.036 0.0000000000
128984  19.503  -68.460  49.873 0.0000000000
128985  19.139  -68.631  49.706 0.0000000000
128987  18.873  -68.340  50.113 0.0000000000
128988  18.771  -68.782  49.535 0.0000000000
128989  18.399  -68.914  49.360 0.0000000000
128990  18.024  -69.026  49.182 0.0000000000
128991  17.644  -69.119  49.001 0.0000000000
128995  17.117  -67.326  51.306 0.0000000000
128996  17.367  -67.648  50.935 0.0000000000
128997  17.621  -67.968  50.554 0.0000000000
128998  17.508  -68.376  49.987 0.0000000000
128999  17.388  -68.784  49.408 0.0000000000
129000  17.262  -69.194  48.817 0.0000000000
129001  16.876  -69.250  48.630 0.0000000000
129002  16.487  -69.287  48.440 0.0000000000
129003  16.096  -69.308  48.247 0.0000000000
129004  15.993  -68.547  49.255 0.0000000000
129005  15.850  -68.928  48.659 0.0000000000
129006  15.702  -69.311  48.052 0.0000000000
129007  15.307  -69.299  47.853 0.0000000000
129008  14.909  -69.271  47.652 0.0000000000
129009  14.510  -69.229  47.448 0.0000000000
131974  17.956  -76.002  39.309 0.0000000000
131975  18.210  -76.358  38.828 0.0000000000
131976  17.794  -76.462  38.613 0.0000000000
135472  8.617  -65.247  46.977 0.0000000000
135473  8.445  -65.591  46.330 0.0000000000
135475  8.058  -65.401  46.102 0.0000000000
135476  8.275  -65.937  45.677 0.0000000000
135477  8.108  -66.287  45.021 0.0000000000
135478  7.943  -66.640  44.360 0.0000000000
135479  7.779  -66.997  43.697 0.0000000000
138759  21.683  -73.883  41.624 0.0000000000
138760  22.073  -71.058  45.314 0.0000000000
138761  21.958  -71.578  44.688 0.0000000000
138762  21.837  -72.096  44.056 0.0000000000
138763  21.228  -72.102  44.405 0.0000000000
138764  21.472  -72.360  43.914 0.0000000000
138766  21.581  -73.122  42.775 0.0000000000
138767  21.447  -73.631  42.127 0.0000000000
138768  21.309  -74.139  41.474 0.0000000000
138769  20.929  -74.377  41.316 0.0000000000
138770  20.541  -74.597  41.150 0.0000000000
138771  20.149  -74.799  40.976 0.0000000000
138772  20.050  -74.015  42.130 0.0000000000
138773  19.902  -74.500  41.465 0.0000000000
138774  19.751  -74.983  40.795 0.0000000000
138775  19.348  -75.149  40.606 0.0000000000
138776  18.941  -75.298  40.411 0.0000000000
138777  18.531  -75.429  40.209 0.0000000000
138778  20.036  -69.012  49.028 0.0000000000
138779  19.933  -69.485  48.432 0.0000000000
138780  19.823  -69.957  47.829 0.0000000000
138781  19.185  -69.833  48.097 0.0000000000
138782  19.446  -70.133  47.661 0.0000000000
138783  19.707  -70.429  47.217 0.0000000000
138784  19.583  -70.899  46.596 0.0000000000
138785  19.455  -71.368  45.966 0.0000000000
138786  19.321  -71.837  45.329 0.0000000000
138787  17.640  -70.303  47.367 0.0000000000
138788  17.897  -70.648  46.934 0.0000000000
138789  18.154  -70.988  46.496 0.0000000000
138790  17.613  -71.517  45.664 0.0000000000
138791  18.014  -71.429  45.860 0.0000000000
138792  18.412  -71.324  46.052 0.0000000000
138793  18.669  -71.656  45.601 0.0000000000
138794  18.927  -71.982  45.145 0.0000000000
138795  19.183  -72.304  44.684 0.0000000000
138796  19.042  -72.769  44.033 0.0000000000
138797  18.896  -73.234  43.375 0.0000000000
138798  18.746  -73.697  42.712 0.0000000000
138799  18.083  -73.468  42.979 0.0000000000
138800  18.338  -73.817  42.513 0.0000000000
138801  18.592  -74.160  42.042 0.0000000000
138802  18.436  -74.621  41.367 0.0000000000
138803  18.278  -75.082  40.687 0.0000000000
138804  18.117  -75.543  40.001 0.0000000000
138805  17.702  -75.640  39.787 0.0000000000
138807  16.866  -75.785  39.345 0.0000000000
138808  16.775  -74.952  40.512 0.0000000000
138809  16.611  -75.392  39.817 0.0000000000
138814  15.760  -73.345  42.373 0.0000000000
138815  15.596  -73.765  41.688 0.0000000000
138816  15.432  -74.185  40.996 0.0000000000
138817  14.763  -73.742  41.232 0.0000000000
138818  15.014  -74.177  40.767 0.0000000000
138819  15.267  -74.607  40.300 0.0000000000
138820  15.101  -75.031  39.598 0.0000000000
138821  14.935  -75.456  38.891 0.0000000000
138823  14.351  -75.865  37.939 0.0000000000
138824  13.933  -75.833  37.698 0.0000000000
138826  13.433  -74.901  38.646 0.0000000000
147403  18.465  -76.707  38.344 0.0000000000
147405  18.973  -77.384  37.366 0.0000000000
147408  19.227  -77.711  36.874 0.0000000000
147409  19.481  -78.030  36.378 0.0000000000
147410  19.733  -78.341  35.880 0.0000000000
147411  19.985  -78.644  35.379 0.0000000000
157287  15.492  -65.989  52.403 0.0000000000
157297  15.203  -66.671  51.366 0.0000000000
157299  14.902  -67.371  50.257 0.0000000000
157300  14.748  -67.725  49.680 0.0000000000
157301  14.132  -67.250  49.892 0.0000000000
157302  14.359  -67.669  49.492 0.0000000000
157303  14.591  -68.083  49.088 0.0000000000
157304  14.432  -68.443  48.484 0.0000000000
157305  14.272  -68.807  47.868 0.0000000000
157306  14.109  -69.173  47.241 0.0000000000
157315  12.127  -65.919  49.936 0.0000000000
157316  9.970  -65.458  48.284 0.0000000000
157317  10.365  -65.631  48.500 0.0000000000
157318  10.761  -65.798  48.713 0.0000000000
157319  10.801  -66.636  47.663 0.0000000000
157320  10.978  -66.296  48.297 0.0000000000
157321  11.157  -65.959  48.922 0.0000000000
157322  11.553  -66.111  49.128 0.0000000000
157323  11.948  -66.255  49.331 0.0000000000
157324  12.343  -66.390  49.530 0.0000000000
157325  12.563  -66.855  49.122 0.0000000000
157329  12.842  -68.118  47.670 0.0000000000
157330  13.241  -68.217  47.877 0.0000000000
157331  13.473  -68.662  47.456 0.0000000000
157332  13.708  -69.103  47.032 0.0000000000
157333  13.946  -69.541  46.605 0.0000000000
157334  13.781  -69.912  45.959 0.0000000000
157335  13.615  -70.286  45.304 0.0000000000
157336  13.449  -70.663  44.642 0.0000000000
157337  12.804  -70.118  44.862 0.0000000000
157338  13.042  -70.581  44.419 0.0000000000
157339  13.283  -71.043  43.972 0.0000000000
157340  13.116  -71.426  43.295 0.0000000000
157341  12.950  -71.812  42.611 0.0000000000
157342  12.783  -72.202  41.921 0.0000000000
157343  11.192  -69.664  43.958 0.0000000000
157344  11.424  -70.157  43.511 0.0000000000
157345  11.659  -70.648  43.060 0.0000000000
157346  11.090  -70.903  42.144 0.0000000000
157347  11.492  -71.024  42.375 0.0000000000
157348  11.896  -71.138  42.606 0.0000000000
157349  12.134  -71.626  42.149 0.0000000000
157350  12.375  -72.112  41.689 0.0000000000
157351  12.617  -72.594  41.226 0.0000000000
157352  12.451  -72.990  40.526 0.0000000000
157353  12.285  -73.389  39.821 0.0000000000
157354  12.120  -73.791  39.113 0.0000000000
157355  11.472  -73.194  39.348 0.0000000000
157356  11.712  -73.697  38.875 0.0000000000
157357  11.954  -74.196  38.401 0.0000000000
157373  4.686  -63.599  44.038 0.0000000000
157380  6.536  -64.615  45.184 0.0000000000
157381  6.749  -65.168  44.764 0.0000000000
157382  6.214  -65.330  43.884 0.0000000000
157383  6.588  -65.525  44.111 0.0000000000
157384  6.965  -65.719  44.338 0.0000000000
157385  7.181  -66.268  43.907 0.0000000000
157386  7.398  -66.813  43.471 0.0000000000
157387  7.616  -67.356  43.031 0.0000000000
157394  4.130  -66.044  40.431 0.0000000000
157397  4.290  -68.951  37.143 0.0000000000
157398  4.445  -68.550  37.794 0.0000000000
157399  4.600  -68.153  38.445 0.0000000000
157400  5.175  -68.903  38.176 0.0000000000
157401  4.964  -68.332  38.639 0.0000000000
157402  4.755  -67.761  39.096 0.0000000000
157403  4.909  -67.373  39.748 0.0000000000
157404  5.063  -66.990  40.401 0.0000000000
157405  5.218  -66.611  41.053 0.0000000000
157406  5.585  -66.800  41.266 0.0000000000
157407  5.954  -66.987  41.481 0.0000000000
157408  6.326  -67.173  41.699 0.0000000000
157409  6.383  -68.103  40.584 0.0000000000
157410  6.541  -67.728  41.252 0.0000000000
157411  6.700  -67.357  41.918 0.0000000000
157412  7.076  -67.540  42.139 0.0000000000
157413  7.455  -67.720  42.362 0.0000000000
157414  7.836  -67.898  42.586 0.0000000000
157415  8.056  -68.437  42.137 0.0000000000
157416  8.278  -68.975  41.684 0.0000000000
157417  8.500  -69.511  41.227 0.0000000000
157418  7.954  -69.725  40.319 0.0000000000
157419  8.338  -69.887  40.542 0.0000000000
157420  8.724  -70.046  40.766 0.0000000000
157421  8.950  -70.581  40.302 0.0000000000
157422  9.177  -71.116  39.835 0.0000000000
157423  9.406  -71.650  39.363 0.0000000000
157424  7.314  -71.280  37.566 0.0000000000
157425  7.695  -71.440  37.779 0.0000000000
157426  8.079  -71.597  37.995 0.0000000000
157427  8.143  -72.553  36.814 0.0000000000
157428  8.304  -72.149  37.514 0.0000000000
157429  8.465  -71.750  38.214 0.0000000000
157430  8.853  -71.898  38.436 0.0000000000
157431  9.244  -72.043  38.662 0.0000000000
157432  9.637  -72.183  38.889 0.0000000000
157433  9.870  -72.715  38.413 0.0000000000
157434  10.104  -73.245  37.935 0.0000000000
