#!ascii label  , from subject fsaverage vox2ras=TkReg
1051
34  24.946  -100.103  -20.184 0.0000000000
346  26.487  -90.402  -16.045 0.0000000000
442  18.346  -106.000  -24.453 0.0000000000
573  26.947  -95.863  -8.390 0.0000000000
576  23.204  -104.319  -12.324 0.0000000000
826  26.286  -95.540  -17.981 0.0000000000
976  13.479  -106.943  -26.013 0.0000000000
1275  19.510  -106.801  -14.399 0.0000000000
1990  22.279  -103.681  -22.438 0.0000000000
2354  27.006  -93.466  -12.432 0.0000000000
2355  26.356  -98.477  -14.283 0.0000000000
2363  25.701  -100.549  -10.218 0.0000000000
2364  24.479  -102.753  -16.416 0.0000000000
2365  21.287  -105.873  -18.578 0.0000000000
2366  16.952  -107.594  -20.454 0.0000000000
2367  11.853  -107.881  -21.877 0.0000000000
2746  25.775  -97.921  -19.061 0.0000000000
2896  10.824  -106.891  -26.565 0.0000000000
3916  26.253  -87.745  -15.207 0.0000000000
4366  20.450  -105.009  -23.490 0.0000000000
5237  27.173  -93.305  -7.624 0.0000000000
5238  27.135  -92.140  -9.679 0.0000000000
5239  27.061  -94.752  -10.454 0.0000000000
5240  26.823  -96.033  -13.317 0.0000000000
5241  26.738  -97.266  -11.324 0.0000000000
5260  23.813  -103.105  -9.146 0.0000000000
5261  25.060  -101.239  -8.110 0.0000000000
5262  24.613  -102.575  -11.252 0.0000000000
5263  25.203  -101.781  -13.320 0.0000000000
5264  23.946  -103.678  -14.401 0.0000000000
5265  23.043  -104.478  -17.519 0.0000000000
5266  22.366  -105.264  -15.481 0.0000000000
5267  17.291  -107.493  -15.340 0.0000000000
5268  18.347  -107.375  -17.475 0.0000000000
5269  15.993  -107.878  -18.336 0.0000000000
5270  14.473  -107.915  -21.232 0.0000000000
5271  13.468  -108.021  -19.082 0.0000000000
6094  26.509  -93.015  -16.971 0.0000000000
6095  26.150  -91.234  -18.611 0.0000000000
6364  16.004  -106.648  -25.304 0.0000000000
6903  21.495  -105.738  -13.382 0.0000000000
8554  23.781  -102.035  -21.323 0.0000000000
9615  26.657  -89.360  -13.482 0.0000000000
9617  26.955  -90.825  -11.638 0.0000000000
9618  26.809  -92.017  -14.297 0.0000000000
9619  26.739  -94.615  -15.203 0.0000000000
9620  26.403  -97.111  -16.190 0.0000000000
9621  25.767  -99.443  -17.244 0.0000000000
9642  26.658  -96.787  -6.274 0.0000000000
9644  26.005  -99.114  -7.146 0.0000000000
9645  26.470  -98.295  -9.257 0.0000000000
9646  26.128  -99.626  -12.283 0.0000000000
9647  25.579  -100.736  -15.324 0.0000000000
9648  24.808  -101.556  -18.347 0.0000000000
9649  23.514  -103.396  -19.469 0.0000000000
9650  21.885  -104.927  -20.559 0.0000000000
9651  19.950  -106.124  -21.579 0.0000000000
9652  20.488  -106.500  -16.514 0.0000000000
9653  19.242  -106.916  -19.565 0.0000000000
9654  17.746  -106.968  -22.503 0.0000000000
9655  15.323  -107.454  -23.314 0.0000000000
9656  12.743  -107.586  -23.990 0.0000000000
9657  10.059  -107.374  -24.510 0.0000000000
9665  9.156  -107.511  -22.360 0.0000000000
10426  25.401  -99.040  -19.618 0.0000000000
10427  25.370  -98.210  -20.488 0.0000000000
10428  24.945  -99.288  -21.059 0.0000000000
11596  26.393  -89.078  -15.614 0.0000000000
11597  26.171  -88.210  -16.435 0.0000000000
11598  26.282  -89.533  -16.871 0.0000000000
12046  19.429  -105.547  -23.983 0.0000000000
12047  19.632  -104.912  -24.902 0.0000000000
12048  18.572  -105.400  -25.381 0.0000000000
12917  27.090  -94.597  -7.994 0.0000000000
12918  27.129  -94.047  -9.034 0.0000000000
12919  27.026  -95.330  -9.430 0.0000000000
12920  26.933  -96.024  -10.877 0.0000000000
12921  26.860  -96.586  -9.851 0.0000000000
12940  23.536  -103.741  -10.735 0.0000000000
12941  24.237  -102.874  -10.202 0.0000000000
12942  23.947  -103.486  -11.787 0.0000000000
12943  24.308  -103.160  -12.828 0.0000000000
12944  23.600  -104.035  -13.369 0.0000000000
12945  23.195  -104.513  -14.944 0.0000000000
12946  22.814  -104.830  -13.906 0.0000000000
12947  16.107  -107.698  -15.771 0.0000000000
12948  16.670  -107.728  -16.850 0.0000000000
12949  15.455  -107.888  -17.259 0.0000000000
12950  14.749  -107.993  -18.725 0.0000000000
12951  14.201  -107.959  -17.639 0.0000000000
13996  26.430  -94.292  -17.466 0.0000000000
13997  26.288  -93.427  -18.308 0.0000000000
13998  26.168  -94.680  -18.829 0.0000000000
14446  14.761  -106.840  -25.678 0.0000000000
14447  15.053  -106.352  -26.639 0.0000000000
14448  13.786  -106.495  -26.986 0.0000000000
18856  23.072  -102.896  -21.886 0.0000000000
18858  22.400  -102.953  -23.333 0.0000000000
21475  27.084  -92.824  -11.053 0.0000000000
21476  27.061  -91.501  -10.672 0.0000000000
21477  27.007  -92.153  -12.023 0.0000000000
21478  26.897  -91.443  -12.964 0.0000000000
21479  26.924  -92.762  -13.379 0.0000000000
21480  26.805  -93.325  -14.739 0.0000000000
21481  26.894  -94.064  -13.816 0.0000000000
21482  26.627  -97.274  -13.790 0.0000000000
21483  26.638  -96.600  -14.753 0.0000000000
21484  26.402  -97.820  -15.250 0.0000000000
21485  26.124  -98.302  -16.710 0.0000000000
21486  26.089  -98.995  -15.765 0.0000000000
21538  26.718  -95.982  -4.800 0.0000000000
21539  26.446  -97.179  -5.202 0.0000000000
21543  25.406  -100.924  -9.167 0.0000000000
21544  25.570  -100.206  -7.617 0.0000000000
21545  25.872  -99.854  -8.676 0.0000000000
21546  26.262  -98.730  -8.207 0.0000000000
21547  26.124  -99.447  -9.728 0.0000000000
21548  26.323  -98.985  -10.767 0.0000000000
21549  25.941  -100.116  -11.258 0.0000000000
21550  24.869  -102.304  -14.871 0.0000000000
21551  25.416  -101.290  -14.331 0.0000000000
21552  25.070  -101.778  -15.865 0.0000000000
21553  25.223  -101.186  -16.839 0.0000000000
21554  24.668  -102.188  -17.392 0.0000000000
21555  24.203  -102.513  -18.909 0.0000000000
21556  24.029  -103.119  -17.950 0.0000000000
21557  22.203  -105.218  -18.056 0.0000000000
21558  22.498  -104.747  -19.050 0.0000000000
21559  21.612  -105.439  -19.580 0.0000000000
21560  20.953  -105.569  -21.080 0.0000000000
21561  20.652  -106.045  -20.092 0.0000000000
21562  20.534  -106.315  -13.897 0.0000000000
21563  21.021  -106.161  -14.955 0.0000000000
21564  20.021  -106.692  -15.460 0.0000000000
21565  17.679  -107.529  -18.979 0.0000000000
21566  18.815  -107.187  -18.528 0.0000000000
21567  18.124  -107.300  -20.023 0.0000000000
21568  18.526  -106.988  -21.049 0.0000000000
21569  17.372  -107.324  -21.489 0.0000000000
21570  16.558  -107.256  -22.924 0.0000000000
21571  16.167  -107.571  -21.901 0.0000000000
21572  13.177  -107.942  -21.573 0.0000000000
21573  13.633  -107.797  -22.632 0.0000000000
21574  12.317  -107.778  -22.945 0.0000000000
21575  11.410  -107.522  -24.272 0.0000000000
21576  10.977  -107.673  -23.217 0.0000000000
21598  8.261  -107.221  -23.629 0.0000000000
23374  26.068  -96.753  -18.514 0.0000000000
23375  25.979  -95.899  -19.369 0.0000000000
23376  25.714  -97.078  -19.924 0.0000000000
23644  12.164  -106.959  -26.310 0.0000000000
23645  12.482  -106.550  -27.292 0.0000000000
23646  11.150  -106.519  -27.556 0.0000000000
25480  26.076  -86.407  -14.825 0.0000000000
25482  26.017  -86.879  -16.023 0.0000000000
25483  25.926  -87.300  -17.224 0.0000000000
26290  21.403  -104.387  -22.974 0.0000000000
26291  21.554  -103.687  -23.875 0.0000000000
27861  27.174  -92.741  -8.662 0.0000000000
27862  27.126  -93.455  -10.055 0.0000000000
27863  27.053  -94.130  -11.456 0.0000000000
27864  26.947  -94.761  -12.864 0.0000000000
27865  26.962  -95.415  -11.883 0.0000000000
27866  26.803  -96.674  -12.332 0.0000000000
27867  26.572  -97.897  -12.802 0.0000000000
27902  24.475  -102.207  -8.621 0.0000000000
27903  24.861  -101.932  -9.677 0.0000000000
27904  25.198  -101.594  -10.727 0.0000000000
27905  25.480  -101.193  -11.767 0.0000000000
27906  24.936  -102.210  -12.292 0.0000000000
27907  24.616  -102.765  -13.857 0.0000000000
27908  24.239  -103.250  -15.418 0.0000000000
27909  23.803  -103.655  -16.970 0.0000000000
27910  23.525  -104.120  -15.967 0.0000000000
27911  22.730  -104.909  -16.510 0.0000000000
27912  21.858  -105.612  -17.040 0.0000000000
27913  18.427  -107.194  -14.881 0.0000000000
27914  18.958  -107.132  -15.947 0.0000000000
27915  17.840  -107.477  -16.412 0.0000000000
27916  17.194  -107.672  -17.920 0.0000000000
27917  16.492  -107.779  -19.403 0.0000000000
27918  15.733  -107.799  -20.858 0.0000000000
27919  15.260  -107.940  -19.799 0.0000000000
27920  13.988  -108.012  -20.165 0.0000000000
27921  12.684  -107.996  -20.497 0.0000000000
29578  26.527  -91.716  -16.498 0.0000000000
29579  26.342  -90.847  -17.329 0.0000000000
29580  26.345  -92.147  -17.808 0.0000000000
29581  26.114  -92.516  -19.116 0.0000000000
30208  17.202  -106.368  -24.894 0.0000000000
30209  17.453  -105.803  -25.833 0.0000000000
30210  16.277  -106.121  -26.254 0.0000000000
31434  27.008  -95.102  -6.940 0.0000000000
31466  22.760  -104.531  -11.269 0.0000000000
31467  22.386  -105.071  -12.857 0.0000000000
31468  21.911  -105.237  -11.799 0.0000000000
31469  20.991  -105.857  -12.322 0.0000000000
31470  20.005  -106.387  -12.834 0.0000000000
31473  18.957  -106.826  -13.331 0.0000000000
35926  24.406  -101.103  -20.754 0.0000000000
35927  24.436  -100.306  -21.633 0.0000000000
35928  23.842  -101.260  -22.206 0.0000000000
39079  26.305  -87.231  -13.983 0.0000000000
39080  26.468  -88.572  -14.360 0.0000000000
39081  26.590  -89.905  -14.761 0.0000000000
39088  26.820  -90.111  -12.574 0.0000000000
39089  26.759  -90.694  -13.877 0.0000000000
39090  26.663  -91.230  -15.187 0.0000000000
39091  26.682  -92.542  -15.634 0.0000000000
39092  26.641  -93.838  -16.102 0.0000000000
39093  26.537  -95.110  -16.592 0.0000000000
39094  26.801  -95.346  -14.275 0.0000000000
39095  26.607  -95.879  -15.687 0.0000000000
39096  26.364  -96.351  -17.101 0.0000000000
39097  26.117  -97.554  -17.627 0.0000000000
39098  25.793  -98.710  -18.167 0.0000000000
39099  25.388  -99.814  -18.718 0.0000000000
39161  26.884  -95.564  -5.875 0.0000000000
39162  26.825  -96.348  -7.337 0.0000000000
39169  26.367  -97.972  -6.698 0.0000000000
39170  26.578  -97.560  -7.759 0.0000000000
39171  26.742  -97.098  -8.811 0.0000000000
39172  26.628  -97.807  -10.297 0.0000000000
39173  26.471  -98.469  -11.792 0.0000000000
39174  26.266  -99.079  -13.293 0.0000000000
39175  25.706  -100.732  -12.794 0.0000000000
39176  25.881  -100.213  -13.804 0.0000000000
39177  26.007  -99.633  -14.795 0.0000000000
39178  25.696  -100.120  -16.296 0.0000000000
39179  25.329  -100.530  -17.791 0.0000000000
39180  24.900  -100.859  -19.279 0.0000000000
39181  24.328  -101.840  -19.845 0.0000000000
39182  23.673  -102.749  -20.410 0.0000000000
39183  22.932  -103.583  -20.967 0.0000000000
39184  23.304  -103.973  -18.505 0.0000000000
39185  22.741  -104.202  -20.021 0.0000000000
39186  22.107  -104.340  -21.512 0.0000000000
39187  21.203  -105.015  -22.041 0.0000000000
39188  20.225  -105.605  -22.549 0.0000000000
39189  19.180  -106.108  -23.033 0.0000000000
39190  21.953  -105.540  -14.437 0.0000000000
39191  21.462  -105.927  -16.005 0.0000000000
39192  20.911  -106.227  -17.555 0.0000000000
39193  19.448  -106.984  -17.005 0.0000000000
39194  19.895  -106.752  -18.052 0.0000000000
39195  20.298  -106.439  -19.082 0.0000000000
39196  19.621  -106.562  -20.583 0.0000000000
39197  18.879  -106.591  -22.054 0.0000000000
39198  18.071  -106.525  -23.492 0.0000000000
39199  16.904  -106.854  -23.923 0.0000000000
39200  15.686  -107.094  -24.322 0.0000000000
39201  14.426  -107.244  -24.686 0.0000000000
39202  14.918  -107.728  -22.282 0.0000000000
39203  14.049  -107.564  -23.670 0.0000000000
39204  13.131  -107.307  -25.014 0.0000000000
39205  11.807  -107.283  -25.303 0.0000000000
39226  12.915  -107.944  -17.987 0.0000000000
39227  12.159  -107.963  -19.404 0.0000000000
39228  11.357  -107.894  -20.791 0.0000000000
39231  10.511  -107.736  -22.140 0.0000000000
39232  9.623  -107.487  -23.446 0.0000000000
39233  8.696  -107.147  -24.702 0.0000000000
41146  25.184  -99.579  -19.900 0.0000000000
41147  25.181  -99.174  -20.341 0.0000000000
41148  24.951  -99.702  -20.625 0.0000000000
42316  26.446  -89.741  -15.827 0.0000000000
42317  26.342  -89.312  -16.243 0.0000000000
42318  26.388  -89.973  -16.462 0.0000000000
42766  18.895  -105.784  -24.221 0.0000000000
42767  19.008  -105.485  -24.687 0.0000000000
42768  18.465  -105.709  -24.921 0.0000000000
43637  27.026  -95.233  -8.189 0.0000000000
43638  27.061  -94.968  -8.711 0.0000000000
43639  26.992  -95.603  -8.912 0.0000000000
43640  26.951  -95.962  -9.638 0.0000000000
43641  26.908  -96.230  -9.119 0.0000000000
43660  23.377  -104.038  -11.530 0.0000000000
43661  23.748  -103.622  -11.262 0.0000000000
43662  23.585  -103.912  -12.056 0.0000000000
43663  23.781  -103.769  -12.578 0.0000000000
43664  23.409  -104.186  -12.848 0.0000000000
43665  23.217  -104.443  -13.638 0.0000000000
43666  23.017  -104.583  -13.116 0.0000000000
43667  15.498  -107.767  -15.976 0.0000000000
43668  15.788  -107.804  -16.518 0.0000000000
43669  15.173  -107.861  -16.717 0.0000000000
43670  14.833  -107.935  -17.453 0.0000000000
43671  14.548  -107.897  -16.909 0.0000000000
44716  26.367  -94.920  -17.721 0.0000000000
44717  26.306  -94.495  -18.147 0.0000000000
44718  26.232  -95.116  -18.409 0.0000000000
45166  14.124  -106.902  -25.850 0.0000000000
45167  14.280  -106.679  -26.338 0.0000000000
45168  13.638  -106.729  -26.503 0.0000000000
49576  22.686  -103.298  -22.164 0.0000000000
49577  22.745  -102.935  -22.614 0.0000000000
49578  22.345  -103.325  -22.889 0.0000000000
52195  27.049  -93.150  -11.742 0.0000000000
52196  27.049  -92.493  -11.541 0.0000000000
52197  27.013  -92.811  -12.225 0.0000000000
52198  26.969  -92.463  -12.700 0.0000000000
52199  26.969  -93.119  -12.909 0.0000000000
52200  26.916  -93.415  -13.595 0.0000000000
52201  26.955  -93.771  -13.124 0.0000000000
52202  26.501  -97.880  -14.034 0.0000000000
52203  26.521  -97.554  -14.520 0.0000000000
52204  26.384  -98.155  -14.770 0.0000000000
52205  26.255  -98.414  -15.505 0.0000000000
52206  26.229  -98.744  -15.024 0.0000000000
52263  25.560  -100.743  -9.693 0.0000000000
52264  25.649  -100.396  -8.919 0.0000000000
52265  25.792  -100.207  -9.446 0.0000000000
52266  26.005  -99.657  -9.203 0.0000000000
52267  25.922  -100.004  -9.970 0.0000000000
52268  26.039  -99.788  -10.492 0.0000000000
52269  25.828  -100.339  -10.740 0.0000000000
52270  24.681  -102.539  -15.644 0.0000000000
52271  24.976  -102.049  -15.370 0.0000000000
52272  24.785  -102.274  -16.140 0.0000000000
52273  24.876  -101.993  -16.630 0.0000000000
52274  24.580  -102.479  -16.906 0.0000000000
52275  24.359  -102.663  -17.671 0.0000000000
52276  24.261  -102.947  -17.184 0.0000000000
52277  21.755  -105.556  -18.320 0.0000000000
52278  21.916  -105.340  -18.821 0.0000000000
52279  21.456  -105.666  -19.082 0.0000000000
52280  21.141  -105.753  -19.839 0.0000000000
52281  20.978  -105.970  -19.339 0.0000000000
52282  20.030  -106.570  -14.150 0.0000000000
52283  20.285  -106.514  -14.681 0.0000000000
52284  19.771  -106.757  -14.930 0.0000000000
52285  17.323  -107.572  -19.720 0.0000000000
52286  17.906  -107.425  -19.503 0.0000000000
52287  17.544  -107.459  -20.242 0.0000000000
52288  17.756  -107.324  -20.760 0.0000000000
52289  17.168  -107.470  -20.974 0.0000000000
52290  16.776  -107.458  -21.698 0.0000000000
52291  16.567  -107.594  -21.181 0.0000000000
52292  12.518  -107.922  -21.730 0.0000000000
52293  12.753  -107.872  -22.264 0.0000000000
52294  12.089  -107.841  -22.414 0.0000000000
52295  11.649  -107.736  -23.086 0.0000000000
52296  11.421  -107.789  -22.553 0.0000000000
54316  25.931  -97.343  -18.786 0.0000000000
54317  25.899  -96.925  -19.220 0.0000000000
54318  25.750  -97.506  -19.497 0.0000000000
54320  25.338  -97.774  -20.910 0.0000000000
54766  11.497  -106.935  -26.443 0.0000000000
54767  11.663  -106.751  -26.940 0.0000000000
54768  10.992  -106.716  -27.064 0.0000000000
57826  26.169  -87.077  -15.013 0.0000000000
57827  26.050  -86.650  -15.423 0.0000000000
57828  26.138  -87.317  -15.619 0.0000000000
57829  26.116  -88.423  -17.049 0.0000000000
57830  26.051  -87.760  -16.833 0.0000000000
57831  25.994  -87.962  -17.441 0.0000000000
59176  20.935  -104.708  -23.234 0.0000000000
59177  21.024  -104.375  -23.691 0.0000000000
59178  20.545  -104.684  -23.949 0.0000000000
61792  27.194  -92.651  -7.449 0.0000000000
61793  27.190  -92.371  -7.970 0.0000000000
61794  27.179  -93.028  -8.146 0.0000000000
61795  27.098  -94.404  -9.743 0.0000000000
61796  27.133  -93.756  -9.547 0.0000000000
61797  27.101  -94.106  -10.252 0.0000000000
61798  27.093  -93.797  -10.755 0.0000000000
61799  27.062  -94.446  -10.958 0.0000000000
61800  27.015  -94.775  -11.667 0.0000000000
61801  27.016  -95.089  -11.168 0.0000000000
61802  26.844  -96.650  -11.098 0.0000000000
61803  26.873  -96.355  -11.604 0.0000000000
61804  26.776  -96.976  -11.830 0.0000000000
61805  26.697  -97.290  -12.564 0.0000000000
61806  26.661  -97.588  -12.062 0.0000000000
61860  23.933  -102.766  -8.353 0.0000000000
61862  24.153  -102.665  -8.882 0.0000000000
61863  24.431  -102.733  -10.728 0.0000000000
61864  24.559  -102.412  -9.938 0.0000000000
61865  24.744  -102.261  -10.464 0.0000000000
61866  25.036  -101.771  -10.203 0.0000000000
61867  24.916  -102.093  -10.988 0.0000000000
61868  25.074  -101.909  -11.509 0.0000000000
61869  24.781  -102.401  -11.773 0.0000000000
61870  24.134  -103.428  -13.615 0.0000000000
61871  24.469  -102.971  -13.344 0.0000000000
61872  24.291  -103.231  -14.129 0.0000000000
61873  24.435  -103.017  -14.638 0.0000000000
61874  24.099  -103.473  -14.912 0.0000000000
61875  23.892  -103.695  -15.693 0.0000000000
61876  23.743  -103.909  -15.185 0.0000000000
61877  22.790  -104.899  -15.214 0.0000000000
61878  22.970  -104.722  -15.729 0.0000000000
61879  22.554  -105.096  -15.997 0.0000000000
61880  22.303  -105.272  -16.777 0.0000000000
61881  22.119  -105.449  -16.263 0.0000000000
61882  17.866  -107.355  -15.114 0.0000000000
61883  18.141  -107.346  -15.649 0.0000000000
61884  17.571  -107.496  -15.877 0.0000000000
61885  16.338  -107.814  -17.596 0.0000000000
61886  16.937  -107.711  -17.386 0.0000000000
61887  16.599  -107.786  -18.132 0.0000000000
61888  16.850  -107.737  -18.664 0.0000000000
61889  16.247  -107.839  -18.871 0.0000000000
61890  15.881  -107.871  -19.604 0.0000000000
61891  15.633  -107.920  -19.071 0.0000000000
61892  14.113  -108.018  -18.907 0.0000000000
61893  14.375  -108.014  -19.448 0.0000000000
61894  13.733  -108.028  -19.625 0.0000000000
61895  13.340  -108.015  -20.335 0.0000000000
61896  13.082  -108.020  -19.793 0.0000000000
65026  26.526  -92.368  -16.732 0.0000000000
65027  26.442  -91.939  -17.153 0.0000000000
65028  26.431  -92.586  -17.394 0.0000000000
65029  26.158  -93.609  -18.975 0.0000000000
65030  26.205  -92.978  -18.716 0.0000000000
65031  26.072  -93.148  -19.377 0.0000000000
65034  25.803  -96.051  -20.061 0.0000000000
65035  25.919  -95.454  -19.783 0.0000000000
66376  16.609  -106.519  -25.103 0.0000000000
66377  16.746  -106.255  -25.580 0.0000000000
66378  16.146  -106.394  -25.783 0.0000000000
66385  12.626  -106.313  -27.773 0.0000000000
69005  27.077  -94.468  -6.752 0.0000000000
69073  22.925  -104.236  -10.474 0.0000000000
69074  22.520  -104.609  -10.740 0.0000000000
69075  22.344  -104.895  -11.535 0.0000000000
69076  22.096  -104.961  -11.005 0.0000000000
69078  21.197  -105.601  -11.531 0.0000000000
69079  20.722  -105.887  -11.791 0.0000000000
69080  20.506  -106.134  -12.580 0.0000000000
69081  20.230  -106.152  -12.048 0.0000000000
69090  18.413  -107.011  -13.573 0.0000000000
75564  25.798  -85.765  -16.221 0.0000000000
75566  25.667  -85.307  -16.608 0.0000000000
75579  26.252  -91.048  -17.970 0.0000000000
75580  26.238  -90.396  -17.732 0.0000000000
75581  26.146  -90.586  -18.366 0.0000000000
79606  24.104  -101.578  -21.039 0.0000000000
79607  24.133  -101.192  -21.483 0.0000000000
79608  23.818  -101.655  -21.769 0.0000000000
79630  17.560  -105.492  -26.289 0.0000000000
87452  26.590  -88.690  -13.293 0.0000000000
87453  26.494  -88.301  -13.734 0.0000000000
87454  26.566  -88.971  -13.924 0.0000000000
87455  26.535  -89.239  -14.558 0.0000000000
87456  26.628  -89.639  -14.121 0.0000000000
87467  27.120  -91.476  -9.501 0.0000000000
87468  27.012  -91.167  -11.159 0.0000000000
87470  26.974  -90.499  -10.977 0.0000000000
87473  26.841  -89.803  -11.925 0.0000000000
87474  26.891  -90.473  -12.110 0.0000000000
87475  26.858  -91.736  -13.630 0.0000000000
87476  26.832  -91.073  -13.424 0.0000000000
87477  26.791  -91.357  -14.084 0.0000000000
87478  26.716  -90.968  -14.531 0.0000000000
87479  26.740  -91.629  -14.745 0.0000000000
87480  26.680  -91.888  -15.408 0.0000000000
87481  26.751  -92.286  -14.965 0.0000000000
87482  26.780  -93.973  -14.968 0.0000000000
87483  26.729  -93.588  -15.421 0.0000000000
87484  26.694  -94.232  -15.656 0.0000000000
87485  26.597  -94.477  -16.344 0.0000000000
87486  26.644  -94.870  -15.897 0.0000000000
87487  26.894  -95.400  -13.088 0.0000000000
87488  26.880  -95.060  -13.569 0.0000000000
87489  26.817  -95.695  -13.799 0.0000000000
87490  26.527  -96.864  -15.471 0.0000000000
87491  26.627  -96.246  -15.223 0.0000000000
87492  26.514  -96.500  -15.936 0.0000000000
87493  26.492  -96.124  -16.394 0.0000000000
87494  26.389  -96.738  -16.649 0.0000000000
87495  26.250  -96.958  -17.362 0.0000000000
87496  26.267  -97.342  -16.908 0.0000000000
87497  25.956  -98.879  -16.975 0.0000000000
87498  25.966  -98.516  -17.439 0.0000000000
87499  25.786  -99.084  -17.709 0.0000000000
87500  25.601  -99.269  -18.441 0.0000000000
87501  25.585  -99.639  -17.982 0.0000000000
87655  26.690  -96.388  -5.536 0.0000000000
87656  26.806  -95.778  -5.339 0.0000000000
87657  26.779  -96.180  -6.071 0.0000000000
87658  26.857  -95.960  -6.605 0.0000000000
87659  26.747  -96.573  -6.807 0.0000000000
87671  25.797  -99.667  -7.379 0.0000000000
87672  25.639  -99.830  -6.847 0.0000000000
87675  26.060  -98.729  -6.386 0.0000000000
87676  26.243  -98.160  -6.164 0.0000000000
87677  26.195  -98.549  -6.919 0.0000000000
87678  26.373  -98.519  -8.733 0.0000000000
87679  26.429  -98.150  -7.980 0.0000000000
87680  26.528  -97.932  -8.507 0.0000000000
87681  26.666  -97.335  -8.286 0.0000000000
87682  26.615  -97.702  -9.031 0.0000000000
87683  26.690  -97.458  -9.552 0.0000000000
87684  26.555  -98.058  -9.779 0.0000000000
87685  26.232  -99.312  -11.524 0.0000000000
87686  26.403  -98.734  -11.281 0.0000000000
87687  26.310  -99.053  -12.035 0.0000000000
87688  26.375  -98.781  -12.542 0.0000000000
87689  26.203  -99.360  -12.790 0.0000000000
87690  25.348  -101.494  -12.543 0.0000000000
87691  25.600  -100.970  -12.282 0.0000000000
87692  25.465  -101.264  -13.055 0.0000000000
87693  25.503  -101.021  -14.830 0.0000000000
87694  25.658  -100.759  -14.066 0.0000000000
87695  25.737  -100.483  -14.564 0.0000000000
87696  25.950  -99.931  -14.302 0.0000000000
87697  25.803  -100.192  -15.058 0.0000000000
87698  25.859  -99.886  -15.546 0.0000000000
87699  25.643  -100.436  -15.813 0.0000000000
87700  25.023  -101.382  -17.594 0.0000000000
87701  25.282  -100.866  -17.318 0.0000000000
87702  25.079  -101.051  -18.068 0.0000000000
87703  25.123  -100.705  -18.536 0.0000000000
87704  24.860  -101.215  -18.816 0.0000000000
87705  24.625  -101.358  -19.562 0.0000000000
87706  24.577  -101.709  -19.098 0.0000000000
87707  23.869  -102.964  -19.189 0.0000000000
87708  23.947  -102.642  -19.662 0.0000000000
87709  23.600  -103.081  -19.942 0.0000000000
87710  23.313  -103.176  -20.689 0.0000000000
87711  23.232  -103.501  -20.221 0.0000000000
87712  23.433  -104.077  -17.245 0.0000000000
87713  23.561  -103.825  -17.740 0.0000000000
87714  23.180  -104.235  -18.015 0.0000000000
87715  22.200  -104.848  -19.808 0.0000000000
87716  22.626  -104.483  -19.538 0.0000000000
87717  22.323  -104.574  -20.292 0.0000000000
87718  22.433  -104.282  -20.770 0.0000000000
87719  22.003  -104.643  -21.039 0.0000000000
87720  21.664  -104.688  -21.779 0.0000000000
87721  21.553  -104.983  -21.304 0.0000000000
87722  20.460  -105.858  -21.332 0.0000000000
87723  20.598  -105.599  -21.818 0.0000000000
87724  20.094  -105.875  -22.067 0.0000000000
87725  19.710  -105.868  -22.794 0.0000000000
87726  19.573  -106.128  -22.310 0.0000000000
87727  21.949  -105.415  -13.121 0.0000000000
87728  22.177  -105.315  -13.648 0.0000000000
87729  21.729  -105.648  -13.910 0.0000000000
87730  20.762  -106.342  -15.737 0.0000000000
87731  21.247  -106.054  -15.481 0.0000000000
87732  20.984  -106.225  -16.261 0.0000000000
87733  21.195  -106.088  -16.782 0.0000000000
87734  20.705  -106.374  -17.036 0.0000000000
87735  18.660  -107.264  -16.714 0.0000000000
87736  19.208  -107.068  -16.478 0.0000000000
87737  18.905  -107.191  -17.243 0.0000000000
87738  19.034  -107.061  -19.049 0.0000000000
87739  19.363  -106.981  -18.293 0.0000000000
87740  19.576  -106.845  -18.812 0.0000000000
87741  20.103  -106.606  -18.570 0.0000000000
87742  19.778  -106.689  -19.327 0.0000000000
87743  19.968  -106.512  -19.836 0.0000000000
87744  19.438  -106.749  -20.077 0.0000000000
87745  18.144  -106.990  -21.780 0.0000000000
87746  18.709  -106.800  -21.554 0.0000000000
87747  18.320  -106.791  -22.282 0.0000000000
87748  18.483  -106.570  -22.777 0.0000000000
87749  17.915  -106.757  -23.001 0.0000000000
87750  17.494  -106.701  -23.711 0.0000000000
87751  17.333  -106.923  -23.217 0.0000000000
87752  15.946  -107.366  -23.123 0.0000000000
87753  16.129  -107.186  -23.628 0.0000000000
87754  15.510  -107.285  -23.821 0.0000000000
87755  15.060  -107.180  -24.509 0.0000000000
87756  14.881  -107.361  -24.005 0.0000000000
87757  15.108  -107.868  -21.049 0.0000000000
87758  15.333  -107.775  -21.574 0.0000000000
87759  14.701  -107.832  -21.760 0.0000000000
87760  13.194  -107.703  -23.317 0.0000000000
87761  13.846  -107.692  -23.153 0.0000000000
87762  13.400  -107.586  -23.835 0.0000000000
87763  13.596  -107.447  -24.347 0.0000000000
87764  12.942  -107.457  -24.505 0.0000000000
87765  12.472  -107.305  -25.163 0.0000000000
87766  12.281  -107.446  -24.653 0.0000000000
87767  10.736  -107.458  -24.397 0.0000000000
87768  10.941  -107.360  -24.917 0.0000000000
87769  10.264  -107.286  -25.033 0.0000000000
87770  9.780  -107.091  -25.657 0.0000000000
87821  11.885  -107.914  -18.854 0.0000000000
87822  11.497  -107.902  -19.552 0.0000000000
87823  11.764  -107.940  -20.102 0.0000000000
87824  11.097  -107.868  -20.242 0.0000000000
87830  9.589  -107.622  -21.708 0.0000000000
87831  10.265  -107.734  -21.595 0.0000000000
87832  9.834  -107.633  -22.256 0.0000000000
87833  10.072  -107.623  -22.799 0.0000000000
87834  9.394  -107.510  -22.906 0.0000000000
87836  8.482  -107.195  -24.169 0.0000000000
92494  25.598  -98.487  -19.338 0.0000000000
92495  25.580  -98.076  -19.776 0.0000000000
92496  25.391  -98.632  -20.057 0.0000000000
92497  25.168  -98.756  -20.773 0.0000000000
92764  10.146  -106.825  -26.676 0.0000000000
94600  26.328  -88.412  -15.408 0.0000000000
94601  26.216  -87.984  -15.821 0.0000000000
94602  26.285  -88.649  -16.029 0.0000000000
94603  26.232  -88.873  -16.650 0.0000000000
94604  26.169  -89.083  -17.271 0.0000000000
95410  19.948  -105.289  -23.740 0.0000000000
95411  20.049  -104.972  -24.201 0.0000000000
95412  19.536  -105.239  -24.447 0.0000000000
95413  19.110  -105.166  -25.145 0.0000000000
96979  27.139  -93.954  -7.806 0.0000000000
96980  27.154  -93.680  -8.328 0.0000000000
96981  27.115  -94.327  -8.516 0.0000000000
96982  27.085  -94.692  -9.229 0.0000000000
96983  27.049  -95.047  -9.945 0.0000000000
96984  27.005  -95.391  -10.663 0.0000000000
96985  26.984  -95.683  -10.153 0.0000000000
96986  26.902  -96.311  -10.366 0.0000000000
96987  26.804  -96.932  -10.586 0.0000000000
97020  23.681  -103.430  -9.940 0.0000000000
97021  24.031  -102.998  -9.675 0.0000000000
97022  23.896  -103.317  -10.468 0.0000000000
97023  24.099  -103.187  -10.995 0.0000000000
97024  24.290  -103.040  -11.519 0.0000000000
97025  24.468  -102.876  -12.040 0.0000000000
97026  24.134  -103.332  -12.309 0.0000000000
97027  23.964  -103.607  -13.098 0.0000000000
97028  23.780  -103.866  -13.887 0.0000000000
97029  23.581  -104.106  -14.673 0.0000000000
97030  23.405  -104.284  -14.157 0.0000000000
97031  23.011  -104.681  -14.427 0.0000000000
97032  22.598  -105.057  -14.695 0.0000000000
97033  16.704  -107.607  -15.559 0.0000000000
97034  16.988  -107.621  -16.097 0.0000000000
97035  16.393  -107.724  -16.311 0.0000000000
97036  16.068  -107.820  -17.058 0.0000000000
97037  15.729  -107.894  -17.799 0.0000000000
97038  15.376  -107.947  -18.534 0.0000000000
97039  15.109  -107.951  -17.995 0.0000000000
97040  14.479  -107.987  -18.183 0.0000000000
97041  13.841  -108.001  -18.363 0.0000000000
98920  26.478  -93.656  -17.216 0.0000000000
98921  26.405  -93.229  -17.639 0.0000000000
98922  26.364  -93.865  -17.891 0.0000000000
98923  26.236  -94.057  -18.566 0.0000000000
98924  26.096  -94.232  -19.240 0.0000000000
99730  15.388  -106.755  -25.495 0.0000000000
99731  15.535  -106.511  -25.978 0.0000000000
99732  14.912  -106.606  -26.162 0.0000000000
99733  14.424  -106.434  -26.818 0.0000000000
99734  13.923  -106.239  -27.461 0.0000000000
107668  23.437  -102.475  -21.606 0.0000000000
107669  23.481  -102.100  -22.053 0.0000000000
107670  23.124  -102.527  -22.334 0.0000000000
107671  22.792  -102.557  -23.055 0.0000000000
112377  26.680  -89.070  -12.844 0.0000000000
112383  27.113  -92.487  -10.365 0.0000000000
112384  27.102  -91.825  -10.179 0.0000000000
112385  27.079  -92.164  -10.859 0.0000000000
112386  27.037  -91.832  -11.347 0.0000000000
112387  26.987  -91.491  -11.827 0.0000000000
112388  26.929  -91.139  -12.300 0.0000000000
112389  26.956  -91.803  -12.497 0.0000000000
112390  26.917  -92.104  -13.169 0.0000000000
112391  26.871  -92.394  -13.841 0.0000000000
112392  26.814  -92.673  -14.515 0.0000000000
112393  26.869  -93.049  -14.058 0.0000000000
112394  26.853  -93.700  -14.281 0.0000000000
112395  26.822  -94.346  -14.509 0.0000000000
112396  26.734  -96.658  -13.551 0.0000000000
112397  26.737  -96.323  -14.035 0.0000000000
112398  26.638  -96.943  -14.275 0.0000000000
112399  26.529  -97.215  -14.999 0.0000000000
112400  26.408  -97.472  -15.723 0.0000000000
112401  26.274  -97.712  -16.448 0.0000000000
112402  26.270  -98.069  -15.980 0.0000000000
112403  26.112  -98.655  -16.241 0.0000000000
112404  25.935  -99.229  -16.505 0.0000000000
112498  26.590  -96.585  -4.998 0.0000000000
112499  26.558  -96.989  -5.739 0.0000000000
112505  25.239  -101.089  -8.639 0.0000000000
112506  25.325  -100.730  -7.861 0.0000000000
112507  25.493  -100.570  -8.391 0.0000000000
112508  25.727  -100.037  -8.148 0.0000000000
112509  25.943  -99.489  -7.910 0.0000000000
112510  26.140  -98.929  -7.677 0.0000000000
112511  26.077  -99.298  -8.439 0.0000000000
112512  26.198  -99.094  -8.966 0.0000000000
112513  26.307  -98.877  -9.490 0.0000000000
112514  26.402  -98.646  -10.011 0.0000000000
112515  26.230  -99.223  -10.249 0.0000000000
112516  26.142  -99.557  -11.010 0.0000000000
112517  26.041  -99.878  -11.773 0.0000000000
112518  25.043  -102.051  -14.096 0.0000000000
112519  25.316  -101.543  -13.828 0.0000000000
112520  25.153  -101.805  -14.600 0.0000000000
112521  25.250  -101.543  -15.099 0.0000000000
112522  25.335  -101.265  -15.593 0.0000000000
112523  25.408  -100.971  -16.083 0.0000000000
112524  25.153  -101.491  -16.355 0.0000000000
112525  24.956  -101.696  -17.115 0.0000000000
112526  24.744  -101.880  -17.873 0.0000000000
112527  24.516  -102.043  -18.628 0.0000000000
112528  24.444  -102.362  -18.152 0.0000000000
112529  24.122  -102.825  -18.432 0.0000000000
112530  23.780  -103.269  -18.711 0.0000000000
112531  22.633  -104.859  -17.789 0.0000000000
112532  22.779  -104.624  -18.287 0.0000000000
112533  22.357  -104.992  -18.556 0.0000000000
112534  22.065  -105.103  -19.317 0.0000000000
112535  21.755  -105.192  -20.073 0.0000000000
112536  21.429  -105.259  -20.822 0.0000000000
112537  21.292  -105.516  -20.333 0.0000000000
112538  20.809  -105.817  -20.589 0.0000000000
112539  20.309  -106.097  -20.839 0.0000000000
112540  21.023  -106.037  -13.641 0.0000000000
112541  21.265  -105.959  -14.170 0.0000000000
112542  20.783  -106.248  -14.427 0.0000000000
112543  20.529  -106.438  -15.210 0.0000000000
112544  20.260  -106.607  -15.988 0.0000000000
112545  18.020  -107.463  -18.230 0.0000000000
112546  18.586  -107.291  -18.003 0.0000000000
112547  18.254  -107.369  -18.757 0.0000000000
112548  18.477  -107.255  -19.279 0.0000000000
112549  18.690  -107.120  -19.798 0.0000000000
112550  18.892  -106.964  -20.311 0.0000000000
112551  18.331  -107.155  -20.539 0.0000000000
112552  17.956  -107.168  -21.272 0.0000000000
112553  17.565  -107.157  -21.999 0.0000000000
112554  17.159  -107.123  -22.717 0.0000000000
112555  16.973  -107.302  -22.210 0.0000000000
112556  16.368  -107.424  -22.415 0.0000000000
112557  15.752  -107.524  -22.612 0.0000000000
112558  13.829  -107.939  -21.407 0.0000000000
112559  14.060  -107.868  -21.937 0.0000000000
112560  13.410  -107.881  -22.105 0.0000000000
112561  12.978  -107.799  -22.793 0.0000000000
112562  12.535  -107.693  -23.470 0.0000000000
112563  12.080  -107.564  -24.136 0.0000000000
112564  11.869  -107.661  -23.614 0.0000000000
112565  11.198  -107.608  -23.747 0.0000000000
112566  10.523  -107.535  -23.870 0.0000000000
112606  7.578  -107.059  -23.703 0.0000000000
115978  26.186  -96.152  -18.246 0.0000000000
115979  26.139  -95.729  -18.676 0.0000000000
115980  26.029  -96.332  -18.946 0.0000000000
115981  25.856  -96.494  -19.645 0.0000000000
115983  25.552  -97.650  -20.205 0.0000000000
116608  12.825  -106.961  -26.167 0.0000000000
116609  12.987  -106.758  -26.659 0.0000000000
116610  12.328  -106.765  -26.805 0.0000000000
120895  25.926  -86.212  -15.826 0.0000000000
120896  25.891  -86.431  -16.419 0.0000000000
120897  26.099  -87.545  -16.226 0.0000000000
120898  25.976  -87.096  -16.623 0.0000000000
120899  25.848  -86.637  -17.012 0.0000000000
122782  21.851  -104.044  -22.708 0.0000000000
122783  21.925  -103.695  -23.161 0.0000000000
122784  21.484  -104.045  -23.428 0.0000000000
122787  20.138  -104.637  -24.654 0.0000000000
126448  27.176  -92.082  -8.486 0.0000000000
126449  27.159  -92.445  -9.173 0.0000000000
126450  27.158  -93.397  -8.845 0.0000000000
126451  27.153  -93.103  -9.357 0.0000000000
126452  27.137  -92.800  -9.864 0.0000000000
126453  27.110  -93.144  -10.557 0.0000000000
126454  27.076  -93.479  -11.252 0.0000000000
126455  27.034  -93.803  -11.948 0.0000000000
126456  26.985  -94.116  -12.645 0.0000000000
126457  27.005  -94.451  -12.160 0.0000000000
126458  26.960  -95.094  -12.377 0.0000000000
126459  26.898  -95.730  -12.600 0.0000000000
126460  26.953  -95.725  -11.383 0.0000000000
126461  26.891  -96.048  -12.105 0.0000000000
126462  26.818  -96.359  -12.828 0.0000000000
126463  26.721  -96.980  -13.061 0.0000000000
126464  26.605  -97.592  -13.299 0.0000000000
126465  26.471  -98.194  -13.542 0.0000000000
126544  24.777  -101.732  -8.363 0.0000000000
126545  24.362  -102.547  -9.411 0.0000000000
126546  24.674  -102.078  -9.149 0.0000000000
126547  24.966  -101.592  -8.892 0.0000000000
126548  25.143  -101.436  -9.419 0.0000000000
126549  25.308  -101.265  -9.946 0.0000000000
126550  25.459  -101.079  -10.470 0.0000000000
126551  25.597  -100.877  -10.992 0.0000000000
126552  25.346  -101.401  -11.249 0.0000000000
126553  25.218  -101.710  -12.028 0.0000000000
126554  25.076  -102.003  -12.808 0.0000000000
126555  24.632  -102.694  -12.559 0.0000000000
126556  24.783  -102.496  -13.075 0.0000000000
126557  24.920  -102.282  -13.587 0.0000000000
126558  24.749  -102.543  -14.366 0.0000000000
126559  24.564  -102.786  -15.144 0.0000000000
126560  24.365  -103.010  -15.919 0.0000000000
126561  24.151  -103.214  -16.693 0.0000000000
126562  24.028  -103.463  -16.195 0.0000000000
126563  23.670  -103.897  -16.471 0.0000000000
126564  23.292  -104.310  -16.745 0.0000000000
126565  23.367  -104.326  -15.458 0.0000000000
126566  23.137  -104.525  -16.240 0.0000000000
126567  22.893  -104.703  -17.017 0.0000000000
126568  22.474  -105.075  -17.286 0.0000000000
126569  22.037  -105.425  -17.551 0.0000000000
126570  21.580  -105.753  -17.812 0.0000000000
126571  18.976  -107.009  -14.642 0.0000000000
126572  19.242  -106.977  -15.175 0.0000000000
126573  18.698  -107.174  -15.415 0.0000000000
126574  18.406  -107.316  -16.183 0.0000000000
126575  18.099  -107.437  -16.945 0.0000000000
126576  17.261  -107.614  -16.634 0.0000000000
126577  17.524  -107.586  -17.169 0.0000000000
126578  17.777  -107.535  -17.701 0.0000000000
126579  17.441  -107.611  -18.451 0.0000000000
126580  17.091  -107.665  -19.194 0.0000000000
126581  16.727  -107.697  -19.930 0.0000000000
126582  16.348  -107.707  -20.660 0.0000000000
126583  16.120  -107.800  -20.134 0.0000000000
126584  15.502  -107.880  -20.330 0.0000000000
126585  14.873  -107.939  -20.520 0.0000000000
126586  15.009  -107.978  -19.263 0.0000000000
126587  14.629  -107.987  -19.986 0.0000000000
126588  14.235  -107.975  -20.701 0.0000000000
126589  13.589  -107.989  -20.873 0.0000000000
126590  12.935  -107.980  -21.037 0.0000000000
126591  12.275  -107.950  -21.192 0.0000000000
130750  26.514  -91.061  -16.269 0.0000000000
130751  26.420  -90.631  -16.687 0.0000000000
130752  26.438  -91.287  -16.918 0.0000000000
130753  26.351  -91.499  -17.566 0.0000000000
130754  26.251  -91.696  -18.214 0.0000000000
130755  26.324  -92.790  -18.055 0.0000000000
130756  26.236  -92.340  -18.462 0.0000000000
130757  26.140  -91.878  -18.861 0.0000000000
130761  26.083  -95.294  -19.097 0.0000000000
130762  26.016  -94.848  -19.509 0.0000000000
130763  25.941  -94.389  -19.913 0.0000000000
132460  17.781  -106.195  -24.677 0.0000000000
132461  17.906  -105.913  -25.148 0.0000000000
132462  17.333  -106.095  -25.368 0.0000000000
132463  16.872  -105.973  -26.047 0.0000000000
132465  15.671  -106.247  -26.451 0.0000000000
132471  13.138  -106.533  -27.144 0.0000000000
132472  13.278  -106.287  -27.622 0.0000000000
135790  27.113  -94.216  -7.281 0.0000000000
135791  27.054  -94.855  -7.469 0.0000000000
135792  26.980  -95.487  -7.663 0.0000000000
135872  23.583  -103.194  -8.616 0.0000000000
135874  23.215  -103.603  -8.881 0.0000000000
135875  23.454  -103.526  -9.411 0.0000000000
135876  23.312  -103.843  -10.207 0.0000000000
135877  23.157  -104.146  -11.003 0.0000000000
135878  22.988  -104.434  -11.797 0.0000000000
135879  22.804  -104.705  -12.591 0.0000000000
135880  22.580  -104.809  -12.064 0.0000000000
135881  22.154  -105.164  -12.329 0.0000000000
135882  21.710  -105.496  -12.592 0.0000000000
135883  21.655  -105.292  -11.269 0.0000000000
135884  21.459  -105.558  -12.062 0.0000000000
135885  21.248  -105.807  -12.853 0.0000000000
135886  20.770  -106.095  -13.111 0.0000000000
135887  20.275  -106.361  -13.366 0.0000000000
135888  19.764  -106.604  -13.618 0.0000000000
135895  19.723  -106.394  -12.301 0.0000000000
135896  19.488  -106.618  -13.085 0.0000000000
135897  19.239  -106.824  -13.865 0.0000000000
135898  18.700  -107.021  -14.108 0.0000000000
135899  18.146  -107.193  -14.345 0.0000000000
135900  17.580  -107.342  -14.577 0.0000000000
135904  16.411  -107.571  -15.019 0.0000000000
143895  26.318  -90.192  -17.097 0.0000000000
143896  26.210  -89.741  -17.499 0.0000000000
148762  24.686  -100.611  -20.469 0.0000000000
148763  24.699  -100.215  -20.911 0.0000000000
148764  24.427  -100.712  -21.197 0.0000000000
148765  24.150  -100.791  -21.920 0.0000000000
148773  21.987  -103.330  -23.606 0.0000000000
148791  18.020  -105.612  -25.610 0.0000000000
158192  26.193  -86.824  -14.407 0.0000000000
158193  26.283  -87.494  -14.595 0.0000000000
158194  26.412  -87.629  -13.550 0.0000000000
158195  26.391  -87.902  -14.168 0.0000000000
158196  26.364  -88.163  -14.788 0.0000000000
158197  26.435  -88.831  -14.987 0.0000000000
158198  26.495  -89.496  -15.192 0.0000000000
158199  26.543  -90.160  -15.403 0.0000000000
158212  27.080  -91.159  -10.000 0.0000000000
158220  26.742  -89.740  -13.031 0.0000000000
158221  26.865  -90.779  -12.766 0.0000000000
158222  26.793  -90.408  -13.225 0.0000000000
158223  26.714  -90.028  -13.676 0.0000000000
158224  26.678  -90.305  -14.323 0.0000000000
158225  26.633  -90.569  -14.971 0.0000000000
158226  26.579  -90.821  -15.620 0.0000000000
158227  26.601  -91.480  -15.842 0.0000000000
158228  26.608  -92.134  -16.070 0.0000000000
158229  26.601  -92.785  -16.302 0.0000000000
158230  26.747  -92.939  -15.190 0.0000000000
158231  26.669  -93.192  -15.865 0.0000000000
158232  26.579  -93.432  -16.541 0.0000000000
158233  26.542  -94.072  -16.784 0.0000000000
158234  26.488  -94.707  -17.033 0.0000000000
158235  26.418  -95.334  -17.286 0.0000000000
158236  26.925  -94.418  -13.344 0.0000000000
158237  26.856  -94.708  -14.043 0.0000000000
158238  26.775  -94.986  -14.742 0.0000000000
158239  26.728  -95.977  -14.511 0.0000000000
158240  26.710  -95.620  -14.980 0.0000000000
158241  26.682  -95.251  -15.442 0.0000000000
158242  26.577  -95.501  -16.143 0.0000000000
158243  26.460  -95.735  -16.844 0.0000000000
158244  26.330  -95.952  -17.545 0.0000000000
158245  26.223  -96.561  -17.808 0.0000000000
158246  26.098  -97.160  -18.074 0.0000000000
158247  25.953  -97.747  -18.344 0.0000000000
158248  26.126  -97.935  -17.172 0.0000000000
158249  25.965  -98.138  -17.895 0.0000000000
158250  25.789  -98.323  -18.617 0.0000000000
158251  25.605  -98.885  -18.893 0.0000000000
158252  25.400  -99.434  -19.172 0.0000000000
158253  25.175  -99.969  -19.452 0.0000000000
158437  26.829  -95.370  -4.609 0.0000000000
158438  26.907  -95.160  -5.149 0.0000000000
158440  26.952  -95.339  -6.409 0.0000000000
158441  26.924  -95.729  -7.135 0.0000000000
158442  26.891  -96.112  -7.865 0.0000000000
158455  25.401  -100.360  -7.086 0.0000000000
158462  26.409  -97.580  -5.949 0.0000000000
158463  26.521  -97.384  -6.483 0.0000000000
158464  26.318  -98.356  -7.451 0.0000000000
158465  26.478  -97.772  -7.230 0.0000000000
158466  26.621  -97.177  -7.015 0.0000000000
158467  26.710  -96.959  -7.545 0.0000000000
158468  26.787  -96.728  -8.072 0.0000000000
158469  26.853  -96.485  -8.597 0.0000000000
158470  26.807  -96.849  -9.332 0.0000000000
158471  26.753  -97.202  -10.071 0.0000000000
158472  26.689  -97.543  -10.812 0.0000000000
158473  26.485  -98.402  -10.529 0.0000000000
158474  26.556  -98.144  -11.044 0.0000000000
158475  26.614  -97.873  -11.555 0.0000000000
158476  26.528  -98.190  -12.299 0.0000000000
158477  26.429  -98.494  -13.045 0.0000000000
158478  26.317  -98.785  -13.790 0.0000000000
158479  25.721  -100.661  -11.510 0.0000000000
158480  25.831  -100.431  -12.025 0.0000000000
158481  25.927  -100.186  -12.536 0.0000000000
158482  25.568  -101.019  -13.563 0.0000000000
158483  25.800  -100.480  -13.301 0.0000000000
158484  26.011  -99.926  -13.043 0.0000000000
158485  26.083  -99.653  -13.546 0.0000000000
158486  26.143  -99.364  -14.044 0.0000000000
158487  26.192  -99.061  -14.537 0.0000000000
158488  26.054  -99.322  -15.283 0.0000000000
158489  25.902  -99.565  -16.029 0.0000000000
158490  25.738  -99.789  -16.773 0.0000000000
158491  25.470  -100.661  -16.566 0.0000000000
158492  25.520  -100.335  -17.044 0.0000000000
158493  25.558  -99.994  -17.516 0.0000000000
158494  25.364  -100.179  -18.258 0.0000000000
158495  25.155  -100.344  -18.998 0.0000000000
158496  24.929  -100.488  -19.735 0.0000000000
158497  24.661  -100.992  -20.019 0.0000000000
158498  24.373  -101.479  -20.303 0.0000000000
158499  24.063  -101.949  -20.587 0.0000000000
158500  24.272  -102.185  -19.380 0.0000000000
158501  24.011  -102.304  -20.128 0.0000000000
158502  23.733  -102.400  -20.870 0.0000000000
158503  23.381  -102.833  -21.151 0.0000000000
158504  23.008  -103.248  -21.430 0.0000000000
158505  22.614  -103.643  -21.706 0.0000000000
158506  23.922  -103.396  -17.462 0.0000000000
158507  23.677  -103.556  -18.228 0.0000000000
158508  23.416  -103.694  -18.990 0.0000000000
158509  22.911  -104.370  -18.779 0.0000000000
158510  23.031  -104.098  -19.265 0.0000000000
158511  23.138  -103.809  -19.746 0.0000000000
158512  22.843  -103.901  -20.497 0.0000000000
158513  22.530  -103.972  -21.242 0.0000000000
158514  22.199  -104.019  -21.979 0.0000000000
158515  21.764  -104.375  -22.247 0.0000000000
158516  21.309  -104.710  -22.511 0.0000000000
158517  20.835  -105.024  -22.770 0.0000000000
158518  21.084  -105.302  -21.564 0.0000000000
158519  20.722  -105.321  -22.298 0.0000000000
158520  20.343  -105.316  -23.023 0.0000000000
158521  19.835  -105.588  -23.271 0.0000000000
158522  19.311  -105.837  -23.512 0.0000000000
158523  18.770  -106.066  -23.747 0.0000000000
158524  22.606  -104.960  -13.383 0.0000000000
158525  22.393  -105.196  -14.173 0.0000000000
158526  22.165  -105.412  -14.960 0.0000000000
158527  21.496  -105.862  -14.697 0.0000000000
158528  21.715  -105.744  -15.222 0.0000000000
158529  21.923  -105.607  -15.744 0.0000000000
158530  21.666  -105.780  -16.525 0.0000000000
158531  21.393  -105.931  -17.300 0.0000000000
158532  21.105  -106.060  -18.069 0.0000000000
158533  19.497  -106.924  -15.706 0.0000000000
158534  19.742  -106.849  -16.235 0.0000000000
158535  19.976  -106.753  -16.762 0.0000000000
158536  19.139  -107.096  -17.770 0.0000000000
158537  19.677  -106.878  -17.530 0.0000000000
158538  20.199  -106.637  -17.286 0.0000000000
158539  20.412  -106.501  -17.806 0.0000000000
158540  20.613  -106.344  -18.322 0.0000000000
158541  20.802  -106.167  -18.833 0.0000000000
158542  20.482  -106.252  -19.590 0.0000000000
158543  20.145  -106.315  -20.341 0.0000000000
158544  19.792  -106.354  -21.084 0.0000000000
158545  19.081  -106.787  -20.819 0.0000000000
158546  19.258  -106.588  -21.322 0.0000000000
158547  19.422  -106.369  -21.819 0.0000000000
158548  19.036  -106.360  -22.547 0.0000000000
158549  18.633  -106.328  -23.266 0.0000000000
158550  18.215  -106.272  -23.976 0.0000000000
158551  17.644  -106.458  -24.198 0.0000000000
158552  17.059  -106.621  -24.412 0.0000000000
158553  16.461  -106.762  -24.619 0.0000000000
158554  16.737  -107.066  -23.427 0.0000000000
158555  16.301  -106.985  -24.127 0.0000000000
158556  15.850  -106.881  -24.817 0.0000000000
158557  15.229  -106.978  -25.006 0.0000000000
158558  14.599  -107.052  -25.185 0.0000000000
158559  13.959  -107.105  -25.356 0.0000000000
158560  15.955  -107.695  -21.381 0.0000000000
158561  15.548  -107.660  -22.095 0.0000000000
158562  15.126  -107.602  -22.801 0.0000000000
158563  14.280  -107.774  -22.461 0.0000000000
158564  14.490  -107.658  -22.981 0.0000000000
158565  14.691  -107.520  -23.496 0.0000000000
158566  14.243  -107.415  -24.181 0.0000000000
158567  13.782  -107.286  -24.855 0.0000000000
158568  13.310  -107.135  -25.517 0.0000000000
158569  12.654  -107.144  -25.668 0.0000000000
158570  11.990  -107.132  -25.809 0.0000000000
158571  11.321  -107.098  -25.940 0.0000000000
158572  11.613  -107.413  -24.790 0.0000000000
158574  10.647  -107.044  -26.061 0.0000000000
158575  9.968  -106.969  -26.170 0.0000000000
158633  13.562  -107.962  -17.817 0.0000000000
158634  13.196  -107.993  -18.536 0.0000000000
158635  12.262  -107.904  -18.149 0.0000000000
158636  12.543  -107.964  -18.699 0.0000000000
158637  12.817  -108.003  -19.248 0.0000000000
158638  12.426  -107.990  -19.952 0.0000000000
158639  12.023  -107.956  -20.649 0.0000000000
158640  11.609  -107.899  -21.336 0.0000000000
158648  10.939  -107.827  -21.471 0.0000000000
158649  11.184  -107.819  -22.014 0.0000000000
158650  10.748  -107.716  -22.681 0.0000000000
158651  10.302  -107.590  -23.337 0.0000000000
158652  9.845  -107.441  -23.981 0.0000000000
158653  8.943  -107.364  -23.543 0.0000000000
158654  9.165  -107.328  -24.081 0.0000000000
158655  9.378  -107.270  -24.612 0.0000000000
