#!ascii label  , from subject fsaverage vox2ras=TkReg
282
361  7.141  -42.624  -42.067 0.0000000000
1801  3.963  -37.452  -45.417 0.0000000000
2529  1.766  -39.364  -47.107 0.0000000000
2531  -0.932  -40.846  -48.661 0.0000000000
3959  6.380  -38.882  -42.845 0.0000000000
3961  5.531  -40.096  -43.721 0.0000000000
5677  3.465  -42.292  -45.426 0.0000000000
5678  2.235  -43.238  -46.236 0.0000000000
5683  -2.463  -41.411  -49.403 0.0000000000
5684  -2.632  -37.549  -50.351 0.0000000000
5685  -1.185  -37.004  -49.600 0.0000000000
6121  8.777  -45.031  -40.441 0.0000000000
10140  6.246  -43.910  -42.933 0.0000000000
10141  4.563  -41.238  -44.586 0.0000000000
10142  2.930  -38.454  -46.278 0.0000000000
10148  -0.608  -44.768  -47.772 0.0000000000
10150  0.475  -40.164  -47.900 0.0000000000
10151  0.151  -36.344  -48.822 0.0000000000
11637  7.547  -41.956  -41.629 0.0000000000
11639  6.753  -40.742  -42.452 0.0000000000
11640  5.968  -39.498  -43.285 0.0000000000
11641  6.332  -41.376  -42.889 0.0000000000
17637  4.432  -36.923  -44.981 0.0000000000
17639  3.686  -35.597  -45.845 0.0000000000
17641  3.203  -36.092  -46.280 0.0000000000
22787  5.400  -42.589  -43.754 0.0000000000
22788  4.886  -43.165  -44.180 0.0000000000
22789  2.607  -40.840  -46.262 0.0000000000
22790  3.189  -40.362  -45.849 0.0000000000
22791  2.365  -38.922  -46.697 0.0000000000
22792  2.140  -37.025  -47.137 0.0000000000
22793  1.560  -37.458  -47.553 0.0000000000
22804  -3.182  -43.609  -49.318 0.0000000000
22805  -1.681  -41.143  -49.034 0.0000000000
22811  -0.214  -40.519  -48.284 0.0000000000
22813  -0.504  -36.689  -49.216 0.0000000000
25559  5.619  -37.644  -43.688 0.0000000000
25560  5.193  -38.224  -44.128 0.0000000000
25561  4.740  -38.788  -44.564 0.0000000000
28649  4.338  -43.717  -44.599 0.0000000000
28651  2.866  -42.780  -45.834 0.0000000000
28652  1.992  -41.291  -46.667 0.0000000000
28659  -3.277  -41.649  -49.771 0.0000000000
28661  -2.557  -39.470  -49.872 0.0000000000
28662  -1.796  -39.206  -49.501 0.0000000000
28663  -1.068  -38.914  -49.126 0.0000000000
28664  -1.892  -37.290  -49.978 0.0000000000
29640  8.347  -43.140  -40.811 0.0000000000
29641  7.957  -43.843  -41.252 0.0000000000
40644  10.053  -48.100  -39.272 0.0000000000
40645  9.218  -46.944  -40.075 0.0000000000
40646  8.380  -45.753  -40.880 0.0000000000
40647  7.543  -44.530  -41.688 0.0000000000
40656  6.709  -43.276  -42.501 0.0000000000
40657  5.882  -41.992  -43.323 0.0000000000
40658  5.063  -40.677  -44.155 0.0000000000
40659  4.255  -39.333  -44.998 0.0000000000
40660  4.031  -41.777  -45.010 0.0000000000
40661  3.739  -39.859  -45.428 0.0000000000
40662  3.463  -37.963  -45.850 0.0000000000
40663  2.688  -36.568  -46.712 0.0000000000
40664  1.933  -35.152  -47.584 0.0000000000
40678  -2.350  -43.371  -48.950 0.0000000000
40685  1.344  -41.713  -47.064 0.0000000000
40686  1.136  -39.779  -47.508 0.0000000000
40687  -0.369  -38.593  -48.746 0.0000000000
40688  0.303  -38.244  -48.358 0.0000000000
40689  0.947  -37.865  -47.960 0.0000000000
40690  0.777  -35.972  -48.418 0.0000000000
42357  7.347  -42.292  -41.848 0.0000000000
42358  7.149  -41.353  -42.040 0.0000000000
42359  6.945  -41.680  -42.259 0.0000000000
42360  6.546  -41.061  -42.671 0.0000000000
42361  6.735  -42.004  -42.477 0.0000000000
48357  4.201  -37.190  -45.199 0.0000000000
48358  4.057  -36.263  -45.411 0.0000000000
48359  3.823  -36.521  -45.630 0.0000000000
48360  3.448  -35.846  -46.063 0.0000000000
48361  3.581  -36.775  -45.847 0.0000000000
53507  5.317  -43.848  -43.769 0.0000000000
53509  2.184  -40.105  -46.684 0.0000000000
53510  2.484  -39.878  -46.479 0.0000000000
53511  2.070  -39.146  -46.903 0.0000000000
53512  1.960  -38.192  -47.124 0.0000000000
53513  1.661  -38.408  -47.329 0.0000000000
53524  -3.655  -42.734  -49.725 0.0000000000
53531  -0.569  -40.686  -48.473 0.0000000000
57949  7.729  -40.344  -41.375 0.0000000000
57950  6.764  -39.490  -42.427 0.0000000000
57951  6.959  -39.167  -42.204 0.0000000000
57954  6.199  -37.962  -43.043 0.0000000000
57955  5.823  -37.348  -43.466 0.0000000000
57956  5.998  -38.267  -43.265 0.0000000000
57957  5.753  -39.799  -43.503 0.0000000000
57958  5.579  -38.865  -43.705 0.0000000000
57959  5.360  -39.157  -43.923 0.0000000000
57960  4.971  -38.508  -44.346 0.0000000000
57961  5.134  -39.445  -44.141 0.0000000000
63110  3.002  -43.757  -45.624 0.0000000000
63111  2.555  -43.013  -46.036 0.0000000000
63112  2.427  -42.038  -46.250 0.0000000000
63113  2.111  -42.262  -46.450 0.0000000000
63125  -3.014  -37.669  -50.537 0.0000000000
63126  -2.985  -38.627  -50.295 0.0000000000
63127  -2.597  -38.507  -50.110 0.0000000000
63128  -2.172  -39.342  -49.687 0.0000000000
63129  -2.218  -38.380  -49.925 0.0000000000
63130  -1.846  -38.245  -49.739 0.0000000000
63131  -2.258  -37.423  -50.165 0.0000000000
63133  -2.325  -35.529  -50.652 0.0000000000
65156  9.114  -42.984  -39.957 0.0000000000
65157  8.967  -44.664  -40.220 0.0000000000
65158  8.749  -43.721  -40.404 0.0000000000
65159  8.561  -44.083  -40.625 0.0000000000
65160  8.155  -43.494  -41.032 0.0000000000
65161  8.367  -44.441  -40.846 0.0000000000
91372  7.961  -45.145  -41.283 0.0000000000
91373  7.747  -45.491  -41.501 0.0000000000
91394  6.672  -44.559  -42.526 0.0000000000
91395  6.902  -44.235  -42.310 0.0000000000
91396  6.482  -43.596  -42.717 0.0000000000
91397  6.294  -42.638  -42.911 0.0000000000
91398  6.062  -42.948  -43.127 0.0000000000
91399  4.980  -41.917  -44.169 0.0000000000
91400  5.230  -41.630  -43.954 0.0000000000
91401  4.817  -40.960  -44.371 0.0000000000
91402  4.657  -40.008  -44.575 0.0000000000
91403  4.407  -40.283  -44.791 0.0000000000
91404  3.900  -43.008  -45.011 0.0000000000
91405  4.183  -42.745  -44.804 0.0000000000
91406  3.753  -42.038  -45.219 0.0000000000
91407  3.058  -39.405  -46.063 0.0000000000
91408  3.468  -40.114  -45.639 0.0000000000
91409  3.332  -39.159  -45.852 0.0000000000
91410  3.599  -38.908  -45.638 0.0000000000
91411  3.200  -38.211  -46.065 0.0000000000
91412  3.073  -37.269  -46.280 0.0000000000
91413  2.807  -37.508  -46.494 0.0000000000
91414  1.753  -36.302  -47.570 0.0000000000
91415  2.034  -36.085  -47.359 0.0000000000
91450  -2.866  -41.534  -49.587 0.0000000000
91452  -2.409  -42.389  -49.175 0.0000000000
91454  -1.474  -44.084  -48.360 0.0000000000
91467  0.568  -41.131  -47.675 0.0000000000
91468  1.009  -41.912  -47.259 0.0000000000
91469  0.906  -40.941  -47.481 0.0000000000
91470  1.237  -40.743  -47.285 0.0000000000
91471  0.809  -39.975  -47.705 0.0000000000
91472  -1.128  -37.956  -49.362 0.0000000000
91473  -0.715  -38.757  -48.937 0.0000000000
91474  -0.781  -37.801  -49.172 0.0000000000
91475  -0.173  -36.520  -49.020 0.0000000000
91476  -0.104  -37.469  -48.786 0.0000000000
91477  0.224  -37.291  -48.589 0.0000000000
91478  0.628  -38.058  -48.160 0.0000000000
91479  0.546  -37.107  -48.390 0.0000000000
91480  0.860  -36.916  -48.188 0.0000000000
91481  0.468  -36.162  -48.621 0.0000000000
94673  7.741  -41.615  -41.408 0.0000000000
94674  7.540  -40.684  -41.598 0.0000000000
94675  7.347  -41.021  -41.819 0.0000000000
94676  6.954  -40.419  -42.232 0.0000000000
94677  6.564  -39.809  -42.648 0.0000000000
94678  6.177  -39.193  -43.065 0.0000000000
94679  6.359  -40.124  -42.867 0.0000000000
94680  6.148  -40.434  -43.086 0.0000000000
94681  5.930  -40.740  -43.304 0.0000000000
105473  4.655  -36.653  -44.762 0.0000000000
105475  4.283  -36.001  -45.192 0.0000000000
105481  2.830  -35.403  -46.716 0.0000000000
114742  6.003  -44.220  -43.148 0.0000000000
114743  5.822  -43.254  -43.342 0.0000000000
114744  5.574  -43.554  -43.556 0.0000000000
114745  5.147  -42.880  -43.968 0.0000000000
114746  4.723  -42.199  -44.382 0.0000000000
114747  3.034  -41.569  -45.843 0.0000000000
114748  3.325  -41.324  -45.637 0.0000000000
114749  2.902  -40.604  -46.057 0.0000000000
114750  2.775  -39.645  -46.272 0.0000000000
114751  2.651  -38.691  -46.489 0.0000000000
114752  2.533  -37.742  -46.706 0.0000000000
114753  2.250  -37.970  -46.916 0.0000000000
114754  1.854  -37.244  -47.346 0.0000000000
114755  1.464  -36.513  -47.778 0.0000000000
114775  -2.068  -41.281  -49.219 0.0000000000
114776  -2.009  -42.258  -48.990 0.0000000000
114787  0.134  -40.345  -48.093 0.0000000000
114789  -0.841  -36.850  -49.409 0.0000000000
114792  -0.237  -35.577  -49.256 0.0000000000
114793  0.083  -35.403  -49.056 0.0000000000
121076  5.792  -38.568  -43.486 0.0000000000
121077  5.409  -37.936  -43.908 0.0000000000
121078  5.030  -37.298  -44.334 0.0000000000
121079  4.811  -37.577  -44.553 0.0000000000
121080  4.584  -37.852  -44.771 0.0000000000
121081  4.350  -38.123  -44.989 0.0000000000
128288  3.609  -43.265  -45.217 0.0000000000
128290  3.310  -43.514  -45.422 0.0000000000
128291  3.170  -42.539  -45.631 0.0000000000
128292  2.735  -41.807  -46.047 0.0000000000
128293  2.303  -41.069  -46.466 0.0000000000
128294  1.877  -40.325  -46.886 0.0000000000
128306  -4.149  -40.879  -50.369 0.0000000000
128307  -3.694  -41.755  -49.954 0.0000000000
128308  -3.729  -40.781  -50.187 0.0000000000
128309  -3.316  -40.674  -50.004 0.0000000000
128310  -2.911  -40.560  -49.820 0.0000000000
128312  -2.950  -39.591  -50.056 0.0000000000
128313  -2.513  -40.438  -49.636 0.0000000000
128314  -2.123  -40.309  -49.451 0.0000000000
128315  -1.741  -40.172  -49.266 0.0000000000
128316  -1.367  -40.028  -49.079 0.0000000000
128317  -1.002  -39.877  -48.892 0.0000000000
128318  -1.428  -39.063  -49.314 0.0000000000
128319  -1.484  -38.104  -49.551 0.0000000000
128320  -1.535  -37.150  -49.790 0.0000000000
128321  -2.294  -36.473  -50.408 0.0000000000
128322  -1.934  -36.341  -50.220 0.0000000000
128323  -1.581  -36.203  -50.031 0.0000000000
130916  8.934  -43.355  -40.181 0.0000000000
130917  8.535  -42.783  -40.589 0.0000000000
130918  8.138  -42.203  -40.998 0.0000000000
130919  7.946  -42.552  -41.219 0.0000000000
130920  7.750  -42.897  -41.440 0.0000000000
130921  7.548  -43.237  -41.658 0.0000000000
162890  9.411  -46.567  -39.854 0.0000000000
162891  8.996  -45.984  -40.257 0.0000000000
162893  8.799  -46.353  -40.477 0.0000000000
162894  8.582  -45.394  -40.661 0.0000000000
162895  8.167  -44.795  -41.065 0.0000000000
162896  7.753  -44.188  -41.470 0.0000000000
162897  7.340  -43.574  -41.876 0.0000000000
162922  7.324  -44.867  -41.905 0.0000000000
162923  7.125  -43.907  -42.093 0.0000000000
162924  6.929  -42.952  -42.284 0.0000000000
162925  6.519  -42.323  -42.694 0.0000000000
162926  6.111  -41.686  -43.106 0.0000000000
162927  5.704  -41.041  -43.521 0.0000000000
162928  5.645  -42.293  -43.539 0.0000000000
162929  5.471  -41.338  -43.738 0.0000000000
162930  5.301  -40.389  -43.939 0.0000000000
162931  4.900  -39.729  -44.359 0.0000000000
162932  4.502  -39.063  -44.781 0.0000000000
162933  4.107  -38.390  -45.207 0.0000000000
162934  4.616  -43.445  -44.391 0.0000000000
162935  4.457  -42.475  -44.594 0.0000000000
162936  4.301  -41.511  -44.799 0.0000000000
162937  3.608  -41.073  -45.428 0.0000000000
162938  3.883  -40.815  -45.218 0.0000000000
162939  4.149  -40.552  -45.006 0.0000000000
162940  4.001  -39.599  -45.214 0.0000000000
162941  3.857  -38.651  -45.423 0.0000000000
162942  3.717  -37.710  -45.634 0.0000000000
162943  3.331  -37.024  -46.064 0.0000000000
162944  2.949  -36.332  -46.497 0.0000000000
162945  2.573  -35.635  -46.932 0.0000000000
162946  2.418  -36.799  -46.926 0.0000000000
162947  2.308  -35.863  -47.147 0.0000000000
162948  2.201  -34.933  -47.370 0.0000000000
162989  -2.762  -43.494  -49.135 0.0000000000
162990  -2.286  -44.356  -48.731 0.0000000000
162991  -1.945  -43.239  -48.766 0.0000000000
162992  -1.876  -44.224  -48.546 0.0000000000
162993  -1.803  -45.213  -48.330 0.0000000000
163010  1.455  -42.687  -46.845 0.0000000000
163011  1.787  -42.478  -46.649 0.0000000000
163012  1.672  -41.506  -46.866 0.0000000000
163013  1.561  -40.538  -47.087 0.0000000000
163014  1.455  -39.575  -47.309 0.0000000000
163015  -0.644  -39.719  -48.704 0.0000000000
163016  -0.294  -39.554  -48.514 0.0000000000
163017  0.049  -39.381  -48.322 0.0000000000
163018  -0.439  -37.638  -48.980 0.0000000000
163019  -0.030  -38.422  -48.553 0.0000000000
163020  0.386  -39.201  -48.128 0.0000000000
163021  0.716  -39.014  -47.932 0.0000000000
163022  1.039  -38.819  -47.733 0.0000000000
163023  1.354  -38.617  -47.532 0.0000000000
163024  1.257  -37.664  -47.758 0.0000000000
163025  1.166  -36.717  -47.984 0.0000000000
163026  1.078  -35.776  -48.213 0.0000000000
163027  0.395  -35.222  -48.854 0.0000000000
