#!ascii label  , from subject fsaverage vox2ras=TkReg
725
140  18.480  -103.916  -3.854 0.0000000000
575  24.676  -98.350  0.206 0.0000000000
577  14.881  -107.813  -16.174 0.0000000000
578  4.319  -105.783  -18.098 0.0000000000
1272  22.038  -101.744  -1.750 0.0000000000
1273  24.228  -101.678  -5.986 0.0000000000
1274  21.147  -104.719  -8.083 0.0000000000
1276  17.068  -106.416  -10.111 0.0000000000
2362  26.187  -97.523  -4.124 0.0000000000
2368  12.284  -106.695  -11.756 0.0000000000
2369  9.685  -107.423  -17.449 0.0000000000
2370  6.430  -106.828  -22.663 0.0000000000
3192  20.370  -102.989  -2.801 0.0000000000
3193  21.664  -103.315  -4.896 0.0000000000
3194  19.875  -104.462  -5.960 0.0000000000
3195  19.219  -105.745  -9.127 0.0000000000
3196  17.860  -105.280  -6.991 0.0000000000
5257  25.611  -96.261  1.048 0.0000000000
5259  25.525  -98.055  -1.955 0.0000000000
5273  13.312  -105.885  -8.804 0.0000000000
5274  10.859  -105.682  -9.523 0.0000000000
5275  5.785  -105.883  -15.532 0.0000000000
5276  8.443  -106.694  -15.165 0.0000000000
5277  6.997  -106.747  -17.853 0.0000000000
5278  8.128  -107.299  -20.135 0.0000000000
5279  5.418  -106.470  -20.409 0.0000000000
5280  3.729  -105.856  -22.790 0.0000000000
6898  23.479  -100.186  -0.734 0.0000000000
6899  24.501  -100.083  -2.863 0.0000000000
6900  23.209  -101.850  -3.852 0.0000000000
6901  22.822  -103.356  -7.022 0.0000000000
6902  22.268  -104.669  -10.210 0.0000000000
6904  20.442  -105.898  -11.259 0.0000000000
6905  18.364  -106.769  -12.260 0.0000000000
6906  16.077  -107.272  -13.179 0.0000000000
7809  16.402  -104.518  -4.866 0.0000000000
9643  25.347  -99.719  -5.010 0.0000000000
9658  15.659  -105.754  -7.951 0.0000000000
9659  14.739  -106.730  -10.998 0.0000000000
9660  13.634  -107.413  -13.978 0.0000000000
9661  9.733  -106.333  -12.381 0.0000000000
9662  11.075  -107.214  -14.646 0.0000000000
9663  12.330  -107.783  -16.884 0.0000000000
9664  10.829  -107.821  -19.690 0.0000000000
10870  18.733  -103.165  -2.289 0.0000000000
10871  19.675  -102.717  -1.762 0.0000000000
10872  19.451  -103.492  -3.330 0.0000000000
10873  20.141  -103.746  -4.376 0.0000000000
10874  19.191  -104.225  -4.904 0.0000000000
10875  18.893  -104.914  -6.482 0.0000000000
10876  18.189  -104.623  -5.422 0.0000000000
12933  24.187  -98.402  1.273 0.0000000000
12935  24.730  -97.436  1.718 0.0000000000
12936  25.210  -96.407  2.135 0.0000000000
12937  25.176  -97.334  0.641 0.0000000000
12938  25.579  -97.173  -0.445 0.0000000000
12939  25.123  -98.234  -0.871 0.0000000000
12953  11.362  -105.249  -8.068 0.0000000000
12956  6.400  -106.351  -16.696 0.0000000000
12957  5.654  -106.299  -17.995 0.0000000000
12958  6.222  -106.651  -19.150 0.0000000000
12959  4.878  -106.165  -19.259 0.0000000000
12960  4.077  -105.949  -20.484 0.0000000000
12961  3.547  -105.613  -19.329 0.0000000000
15333  21.399  -101.585  -0.712 0.0000000000
15335  22.181  -100.899  -0.194 0.0000000000
15336  22.909  -100.136  0.314 0.0000000000
15337  22.787  -101.003  -1.235 0.0000000000
15338  23.356  -101.036  -2.286 0.0000000000
15339  22.641  -101.832  -2.796 0.0000000000
15340  21.426  -104.040  -6.488 0.0000000000
15341  22.261  -103.372  -5.957 0.0000000000
15342  22.017  -104.078  -7.552 0.0000000000
15343  22.569  -104.040  -8.616 0.0000000000
15344  21.729  -104.732  -9.147 0.0000000000
15345  21.388  -105.327  -10.738 0.0000000000
15346  20.821  -105.340  -9.675 0.0000000000
15347  18.169  -106.125  -9.628 0.0000000000
15348  18.819  -106.292  -10.699 0.0000000000
15349  17.733  -106.632  -11.187 0.0000000000
15350  17.244  -107.067  -12.733 0.0000000000
15351  16.598  -106.882  -11.653 0.0000000000
21535  26.245  -96.680  -2.630 0.0000000000
21537  26.505  -96.355  -3.718 0.0000000000
21540  24.379  -100.899  -4.418 0.0000000000
21541  24.948  -99.932  -3.937 0.0000000000
21542  24.823  -100.731  -5.488 0.0000000000
21577  15.305  -104.696  -5.342 0.0000000000
21578  16.051  -105.165  -6.411 0.0000000000
21579  14.924  -105.310  -6.872 0.0000000000
21580  12.820  -106.326  -10.288 0.0000000000
21581  14.035  -106.345  -9.902 0.0000000000
21582  13.526  -106.755  -11.393 0.0000000000
21583  14.211  -107.110  -12.496 0.0000000000
21584  12.970  -107.092  -12.869 0.0000000000
21586  9.037  -105.788  -11.243 0.0000000000
21587  8.434  -106.039  -12.638 0.0000000000
21588  9.074  -107.098  -16.311 0.0000000000
21589  9.765  -106.992  -14.925 0.0000000000
21590  10.402  -107.359  -16.060 0.0000000000
21591  11.715  -107.539  -15.770 0.0000000000
21592  11.016  -107.643  -17.186 0.0000000000
21593  11.603  -107.844  -18.300 0.0000000000
21594  10.271  -107.664  -18.575 0.0000000000
21595  7.295  -107.107  -21.422 0.0000000000
21596  8.657  -107.448  -21.256 0.0000000000
21597  7.793  -107.207  -22.534 0.0000000000
21602  2.403  -105.271  -22.790 0.0000000000
24177  20.564  -102.191  -1.235 0.0000000000
24178  21.233  -102.406  -2.273 0.0000000000
24179  21.867  -102.549  -3.317 0.0000000000
24180  21.034  -103.187  -3.845 0.0000000000
24181  20.800  -103.928  -5.429 0.0000000000
24182  20.528  -104.628  -7.020 0.0000000000
24183  20.213  -105.276  -8.610 0.0000000000
24184  19.569  -105.132  -7.545 0.0000000000
24185  18.554  -105.550  -8.059 0.0000000000
24186  17.488  -105.881  -8.555 0.0000000000
27898  25.936  -96.954  -1.537 0.0000000000
27899  25.881  -97.816  -3.041 0.0000000000
27900  24.041  -102.416  -7.562 0.0000000000
27901  24.668  -101.492  -7.049 0.0000000000
27923  13.763  -105.372  -7.304 0.0000000000
27924  12.575  -105.351  -7.704 0.0000000000
27925  12.098  -105.823  -9.181 0.0000000000
27926  11.579  -106.224  -10.642 0.0000000000
27928  7.793  -106.217  -14.013 0.0000000000
27929  7.114  -106.322  -15.367 0.0000000000
27930  7.738  -106.761  -16.523 0.0000000000
27931  8.343  -107.123  -17.671 0.0000000000
27932  8.925  -107.403  -18.809 0.0000000000
27933  7.573  -107.065  -19.001 0.0000000000
27934  6.770  -106.921  -20.294 0.0000000000
27935  5.936  -106.692  -21.544 0.0000000000
27936  5.073  -106.376  -22.748 0.0000000000
27937  4.587  -106.205  -21.624 0.0000000000
27938  3.253  -105.651  -21.661 0.0000000000
31455  23.579  -99.302  0.804 0.0000000000
31456  24.110  -99.301  -0.252 0.0000000000
31457  24.600  -99.233  -1.321 0.0000000000
31458  24.011  -100.168  -1.793 0.0000000000
31459  23.888  -101.001  -3.349 0.0000000000
31460  23.740  -101.798  -4.918 0.0000000000
31461  22.467  -102.622  -4.369 0.0000000000
31462  23.033  -102.624  -5.432 0.0000000000
31463  23.560  -102.555  -6.499 0.0000000000
31464  23.341  -103.267  -8.086 0.0000000000
31465  23.077  -103.927  -9.677 0.0000000000
31471  19.850  -105.861  -10.194 0.0000000000
31472  19.432  -106.380  -11.768 0.0000000000
31474  17.855  -107.172  -13.809 0.0000000000
31475  16.702  -107.423  -14.262 0.0000000000
31476  15.506  -107.583  -14.687 0.0000000000
33812  17.745  -103.533  -2.811 0.0000000000
33813  17.461  -104.258  -4.368 0.0000000000
39163  25.047  -99.100  -2.397 0.0000000000
39164  25.448  -98.903  -3.477 0.0000000000
39165  25.802  -98.647  -4.555 0.0000000000
39166  25.220  -100.499  -6.554 0.0000000000
39167  25.700  -99.445  -6.080 0.0000000000
39168  26.108  -98.335  -5.629 0.0000000000
39208  17.141  -104.936  -5.926 0.0000000000
39209  16.780  -105.560  -7.482 0.0000000000
39210  16.375  -106.123  -9.032 0.0000000000
39211  14.501  -105.862  -8.393 0.0000000000
39212  15.222  -106.277  -9.482 0.0000000000
39213  15.922  -106.618  -10.569 0.0000000000
39214  15.421  -107.040  -12.090 0.0000000000
39215  14.872  -107.387  -13.595 0.0000000000
39216  14.272  -107.654  -15.081 0.0000000000
39218  10.317  -106.043  -10.960 0.0000000000
39219  11.018  -106.553  -12.086 0.0000000000
39220  9.108  -106.550  -13.783 0.0000000000
39221  10.413  -106.809  -13.515 0.0000000000
39222  11.703  -106.991  -13.209 0.0000000000
39223  12.367  -107.355  -14.329 0.0000000000
39224  13.007  -107.639  -15.443 0.0000000000
39225  13.620  -107.840  -16.546 0.0000000000
39229  9.483  -107.599  -19.934 0.0000000000
39230  10.013  -107.711  -21.045 0.0000000000
41590  18.611  -103.546  -3.071 0.0000000000
41591  19.095  -103.338  -2.809 0.0000000000
41592  18.972  -103.714  -3.593 0.0000000000
41593  19.326  -103.864  -4.116 0.0000000000
41594  18.839  -104.080  -4.378 0.0000000000
41595  18.696  -104.434  -5.165 0.0000000000
41596  18.339  -104.275  -4.638 0.0000000000
43653  24.437  -98.384  0.741 0.0000000000
43654  24.466  -97.927  1.498 0.0000000000
43655  24.706  -97.896  0.964 0.0000000000
43656  24.958  -97.393  1.181 0.0000000000
43657  24.934  -97.850  0.427 0.0000000000
43658  25.152  -97.788  -0.113 0.0000000000
43659  24.905  -98.300  -0.331 0.0000000000
43676  5.362  -106.095  -17.414 0.0000000000
43677  4.985  -106.049  -18.051 0.0000000000
43678  5.269  -106.242  -18.632 0.0000000000
43679  4.601  -105.983  -18.680 0.0000000000
43680  4.211  -105.897  -19.299 0.0000000000
43681  3.935  -105.708  -18.718 0.0000000000
46053  21.723  -101.674  -1.230 0.0000000000
46054  21.797  -101.252  -0.452 0.0000000000
46055  22.112  -101.327  -0.971 0.0000000000
46056  22.488  -100.960  -0.713 0.0000000000
46057  22.419  -101.383  -1.491 0.0000000000
46058  22.717  -101.422  -2.014 0.0000000000
46059  22.344  -101.797  -2.271 0.0000000000
46060  21.292  -104.386  -7.285 0.0000000000
46061  21.726  -104.068  -7.019 0.0000000000
46062  21.590  -104.409  -7.817 0.0000000000
46063  21.879  -104.412  -8.350 0.0000000000
46064  21.443  -104.735  -8.615 0.0000000000
46065  21.283  -105.047  -9.412 0.0000000000
46066  20.990  -105.037  -8.880 0.0000000000
46067  17.625  -106.282  -9.872 0.0000000000
46068  17.958  -106.387  -10.409 0.0000000000
46069  17.404  -106.534  -10.649 0.0000000000
46070  17.171  -106.768  -11.423 0.0000000000
46071  16.839  -106.658  -10.884 0.0000000000
52255  26.219  -97.105  -3.376 0.0000000000
52256  26.381  -96.523  -3.175 0.0000000000
52257  26.355  -96.944  -3.918 0.0000000000
52258  26.478  -96.771  -4.459 0.0000000000
52259  26.323  -97.357  -4.664 0.0000000000
52260  24.307  -101.293  -5.201 0.0000000000
52261  24.607  -100.823  -4.953 0.0000000000
52262  24.535  -101.213  -5.735 0.0000000000
52297  14.743  -104.755  -5.570 0.0000000000
52298  15.119  -105.010  -6.107 0.0000000000
52299  14.550  -105.061  -6.332 0.0000000000
52300  12.558  -106.519  -11.024 0.0000000000
52301  13.175  -106.550  -10.841 0.0000000000
52302  12.908  -106.735  -11.579 0.0000000000
52303  13.254  -106.933  -12.133 0.0000000000
52304  12.630  -106.903  -12.313 0.0000000000
52306  8.091  -105.759  -12.064 0.0000000000
52307  7.781  -105.866  -12.753 0.0000000000
52308  9.383  -107.271  -16.882 0.0000000000
52309  9.740  -107.238  -16.191 0.0000000000
52310  10.049  -107.401  -16.758 0.0000000000
52311  10.712  -107.511  -16.625 0.0000000000
52312  10.352  -107.543  -17.322 0.0000000000
52313  10.649  -107.664  -17.884 0.0000000000
52314  9.981  -107.554  -18.013 0.0000000000
52315  6.867  -106.979  -22.048 0.0000000000
52316  7.548  -107.168  -21.980 0.0000000000
52317  7.111  -107.027  -22.604 0.0000000000
52318  7.348  -107.054  -23.156 0.0000000000
52319  6.666  -106.864  -23.216 0.0000000000
52321  5.985  -106.656  -23.265 0.0000000000
52323  1.969  -105.049  -23.334 0.0000000000
55653  20.026  -102.862  -2.281 0.0000000000
55654  20.126  -102.464  -1.498 0.0000000000
55655  20.471  -102.595  -2.016 0.0000000000
55656  20.902  -102.308  -1.753 0.0000000000
55657  20.808  -102.707  -2.536 0.0000000000
55658  21.138  -102.802  -3.057 0.0000000000
55659  20.706  -103.097  -3.322 0.0000000000
55660  20.013  -104.109  -5.168 0.0000000000
55661  20.474  -103.846  -4.902 0.0000000000
55662  20.345  -104.206  -5.695 0.0000000000
55663  20.669  -104.284  -6.224 0.0000000000
55664  20.205  -104.554  -6.489 0.0000000000
55665  20.056  -104.891  -7.284 0.0000000000
55666  19.727  -104.804  -6.753 0.0000000000
55667  18.383  -105.108  -6.738 0.0000000000
55668  18.729  -105.239  -7.271 0.0000000000
55669  18.210  -105.425  -7.524 0.0000000000
55670  18.027  -105.726  -8.309 0.0000000000
55671  17.680  -105.588  -7.774 0.0000000000
61848  25.416  -96.341  1.593 0.0000000000
61854  25.796  -96.167  0.501 0.0000000000
61855  25.555  -97.618  -1.198 0.0000000000
61856  25.764  -97.070  -0.991 0.0000000000
61857  25.739  -97.511  -1.743 0.0000000000
61858  25.911  -97.389  -2.288 0.0000000000
61859  25.709  -97.943  -2.498 0.0000000000
61861  24.264  -102.320  -8.092 0.0000000000
61898  12.798  -105.089  -6.960 0.0000000000
61900  11.116  -105.474  -8.797 0.0000000000
61901  11.731  -105.545  -8.625 0.0000000000
61902  11.481  -105.762  -9.356 0.0000000000
61903  11.844  -106.033  -9.913 0.0000000000
61904  11.221  -105.962  -10.083 0.0000000000
61906  6.796  -106.077  -14.787 0.0000000000
61907  6.449  -106.111  -15.454 0.0000000000
61908  6.701  -106.559  -17.276 0.0000000000
61909  7.069  -106.565  -16.614 0.0000000000
61910  7.372  -106.764  -17.192 0.0000000000
61911  8.043  -106.952  -17.099 0.0000000000
61912  7.670  -106.945  -17.767 0.0000000000
61913  7.962  -107.104  -18.340 0.0000000000
61914  7.287  -106.916  -18.428 0.0000000000
61915  5.823  -106.571  -19.785 0.0000000000
61916  6.499  -106.796  -19.724 0.0000000000
61917  6.093  -106.705  -20.357 0.0000000000
61918  6.357  -106.817  -20.924 0.0000000000
61919  5.680  -106.591  -20.979 0.0000000000
61920  5.260  -106.457  -21.589 0.0000000000
61921  5.005  -106.348  -21.022 0.0000000000
61922  3.413  -105.664  -20.505 0.0000000000
61923  3.668  -105.810  -21.078 0.0000000000
61924  3.006  -105.517  -21.091 0.0000000000
69048  23.199  -100.170  -0.209 0.0000000000
69049  23.252  -99.728  0.562 0.0000000000
69050  23.532  -99.748  0.037 0.0000000000
69051  23.850  -99.310  0.278 0.0000000000
69052  23.803  -99.752  -0.490 0.0000000000
69053  24.063  -99.739  -1.021 0.0000000000
69054  23.750  -100.186  -1.262 0.0000000000
69055  23.286  -101.448  -3.067 0.0000000000
69056  23.627  -101.027  -2.816 0.0000000000
69057  23.557  -101.435  -3.599 0.0000000000
69058  23.818  -101.404  -4.132 0.0000000000
69059  23.480  -101.832  -4.384 0.0000000000
69060  21.770  -102.937  -4.105 0.0000000000
69061  22.171  -102.595  -3.842 0.0000000000
69062  22.073  -102.978  -4.632 0.0000000000
69063  22.546  -103.373  -6.489 0.0000000000
69064  22.655  -103.008  -5.693 0.0000000000
69065  22.932  -102.996  -6.226 0.0000000000
69066  23.302  -102.598  -5.965 0.0000000000
69067  23.199  -102.965  -6.759 0.0000000000
69068  23.456  -102.917  -7.292 0.0000000000
69069  23.087  -103.321  -7.554 0.0000000000
69070  22.425  -104.362  -9.413 0.0000000000
69071  22.829  -103.993  -9.147 0.0000000000
69072  22.681  -104.308  -9.944 0.0000000000
69077  20.923  -105.624  -11.000 0.0000000000
69082  19.724  -105.521  -8.870 0.0000000000
69083  20.038  -105.576  -9.403 0.0000000000
69084  19.539  -105.813  -9.661 0.0000000000
69085  18.598  -106.540  -11.481 0.0000000000
69086  19.130  -106.346  -11.234 0.0000000000
69087  18.905  -106.586  -12.016 0.0000000000
69088  19.202  -106.612  -12.551 0.0000000000
69089  18.666  -106.808  -12.796 0.0000000000
69091  18.116  -106.980  -13.036 0.0000000000
69092  16.666  -107.181  -12.959 0.0000000000
69093  16.980  -107.255  -13.499 0.0000000000
69094  16.394  -107.358  -13.721 0.0000000000
69095  16.109  -107.515  -14.478 0.0000000000
69096  15.798  -107.438  -13.935 0.0000000000
74473  17.873  -103.153  -2.034 0.0000000000
74474  17.370  -103.314  -2.293 0.0000000000
74475  17.234  -103.687  -3.068 0.0000000000
87660  24.554  -99.662  -2.090 0.0000000000
87661  24.829  -99.174  -1.858 0.0000000000
87662  24.783  -99.599  -2.627 0.0000000000
87663  25.154  -99.833  -4.473 0.0000000000
87664  25.207  -99.425  -3.704 0.0000000000
87665  25.401  -99.315  -4.242 0.0000000000
87666  25.631  -98.782  -4.016 0.0000000000
87667  25.583  -99.190  -4.779 0.0000000000
87668  24.870  -101.373  -7.580 0.0000000000
87669  24.953  -101.004  -6.799 0.0000000000
87670  25.145  -100.875  -7.330 0.0000000000
87673  25.858  -99.286  -6.614 0.0000000000
87674  25.912  -98.896  -5.851 0.0000000000
87772  16.937  -104.398  -4.620 0.0000000000
87773  17.306  -104.603  -5.147 0.0000000000
87774  16.774  -104.736  -5.395 0.0000000000
87775  15.861  -105.467  -7.182 0.0000000000
87776  16.418  -105.372  -6.946 0.0000000000
87777  16.225  -105.668  -7.720 0.0000000000
87778  16.584  -105.850  -8.258 0.0000000000
87779  16.020  -105.948  -8.492 0.0000000000
87780  13.542  -105.637  -8.056 0.0000000000
87781  14.133  -105.626  -7.849 0.0000000000
87782  13.910  -105.884  -8.603 0.0000000000
87783  14.390  -106.547  -10.450 0.0000000000
87784  14.632  -106.322  -9.696 0.0000000000
87785  14.986  -106.513  -10.242 0.0000000000
87786  15.575  -106.457  -10.026 0.0000000000
87787  15.335  -106.685  -10.787 0.0000000000
87788  15.678  -106.838  -11.332 0.0000000000
87789  15.083  -106.895  -11.544 0.0000000000
87790  13.929  -107.271  -13.239 0.0000000000
87791  14.545  -107.258  -13.046 0.0000000000
87792  14.257  -107.411  -13.791 0.0000000000
87793  14.579  -107.531  -14.340 0.0000000000
87794  13.956  -107.544  -14.531 0.0000000000
87798  9.387  -106.069  -11.812 0.0000000000
87799  9.678  -105.925  -11.106 0.0000000000
87800  10.030  -106.197  -11.673 0.0000000000
87801  10.669  -106.307  -11.524 0.0000000000
87802  10.378  -106.452  -12.238 0.0000000000
87803  8.120  -106.464  -14.589 0.0000000000
87804  8.451  -106.392  -13.903 0.0000000000
87805  8.780  -106.631  -14.477 0.0000000000
87806  10.422  -107.113  -14.790 0.0000000000
87807  10.095  -106.910  -14.222 0.0000000000
87808  10.747  -107.021  -14.081 0.0000000000
87809  11.060  -106.910  -13.367 0.0000000000
87810  11.395  -107.112  -13.930 0.0000000000
87811  12.038  -107.183  -13.770 0.0000000000
87812  11.724  -107.294  -14.492 0.0000000000
87813  12.026  -107.671  -16.329 0.0000000000
87814  12.364  -107.599  -15.611 0.0000000000
87815  12.675  -107.721  -16.166 0.0000000000
87816  13.317  -107.750  -15.995 0.0000000000
87817  12.978  -107.822  -16.719 0.0000000000
87818  13.274  -107.902  -17.269 0.0000000000
87819  12.626  -107.874  -17.437 0.0000000000
87820  11.222  -107.843  -18.999 0.0000000000
87825  8.531  -107.362  -19.477 0.0000000000
87826  9.208  -107.512  -19.373 0.0000000000
87827  8.806  -107.459  -20.040 0.0000000000
87828  8.910  -107.490  -21.810 0.0000000000
87829  9.336  -107.589  -21.156 0.0000000000
87847  4.399  -106.124  -22.774 0.0000000000
93296  19.210  -102.951  -2.026 0.0000000000
93297  19.567  -103.110  -2.545 0.0000000000
93298  19.917  -103.250  -3.065 0.0000000000
93299  20.260  -103.372  -3.587 0.0000000000
93300  19.800  -103.628  -3.852 0.0000000000
93301  19.673  -103.996  -4.641 0.0000000000
93302  19.537  -104.353  -5.431 0.0000000000
93303  19.391  -104.699  -6.222 0.0000000000
93304  19.047  -104.575  -5.693 0.0000000000
93305  18.545  -104.777  -5.952 0.0000000000
93306  18.030  -104.958  -6.207 0.0000000000
97007  23.927  -98.404  1.802 0.0000000000
97009  24.217  -97.942  2.030 0.0000000000
97010  24.491  -97.463  2.251 0.0000000000
97011  24.750  -96.969  2.467 0.0000000000
97012  24.993  -96.459  2.675 0.0000000000
97013  24.978  -96.929  1.930 0.0000000000
97014  25.195  -96.874  1.391 0.0000000000
97015  25.402  -96.804  0.848 0.0000000000
97016  25.598  -96.720  0.304 0.0000000000
97017  25.383  -97.261  0.099 0.0000000000
97018  25.360  -97.711  -0.655 0.0000000000
97019  25.330  -98.152  -1.412 0.0000000000
97047  5.429  -105.888  -16.185 0.0000000000
97048  6.095  -106.125  -16.115 0.0000000000
97049  5.732  -106.120  -16.768 0.0000000000
97050  6.031  -106.335  -17.350 0.0000000000
97051  6.324  -106.532  -17.929 0.0000000000
97052  6.613  -106.709  -18.506 0.0000000000
97053  5.940  -106.485  -18.574 0.0000000000
97054  5.549  -106.416  -19.210 0.0000000000
97055  5.150  -106.328  -19.836 0.0000000000
97056  4.746  -106.218  -20.452 0.0000000000
97057  4.481  -106.067  -19.877 0.0000000000
97058  3.815  -105.791  -19.908 0.0000000000
97059  3.152  -105.498  -19.928 0.0000000000
101331  22.244  -100.462  0.580 0.0000000000
101332  22.610  -100.085  0.834 0.0000000000
101333  22.552  -100.527  0.062 0.0000000000
101334  22.851  -100.574  -0.459 0.0000000000
101335  23.140  -100.603  -0.982 0.0000000000
101336  23.421  -100.616  -1.508 0.0000000000
101337  23.076  -101.028  -1.759 0.0000000000
101338  23.006  -101.444  -2.539 0.0000000000
101339  22.930  -101.850  -3.322 0.0000000000
101340  21.550  -103.683  -5.691 0.0000000000
101341  21.967  -103.352  -5.425 0.0000000000
101342  21.851  -103.716  -6.222 0.0000000000
101343  22.144  -103.731  -6.754 0.0000000000
101344  22.428  -103.727  -7.286 0.0000000000
101345  22.701  -103.704  -7.819 0.0000000000
101346  22.299  -104.068  -8.084 0.0000000000
101347  22.158  -104.396  -8.882 0.0000000000
101348  22.004  -104.710  -9.679 0.0000000000
101349  21.837  -105.009  -10.475 0.0000000000
101350  21.565  -105.038  -9.943 0.0000000000
101351  21.110  -105.343  -10.207 0.0000000000
101352  20.639  -105.628  -10.468 0.0000000000
101353  18.701  -105.946  -9.380 0.0000000000
101354  19.026  -106.027  -9.914 0.0000000000
101355  18.498  -106.218  -10.164 0.0000000000
101356  18.282  -106.473  -10.946 0.0000000000
101357  18.053  -106.711  -11.724 0.0000000000
101358  17.810  -106.930  -12.499 0.0000000000
101359  17.495  -106.859  -11.962 0.0000000000
101360  16.925  -106.984  -12.193 0.0000000000
101361  16.344  -107.087  -12.418 0.0000000000
112491  26.266  -96.246  -1.887 0.0000000000
112493  26.402  -96.094  -2.434 0.0000000000
112494  26.527  -95.931  -2.980 0.0000000000
112497  26.617  -96.174  -4.260 0.0000000000
112500  24.443  -100.495  -3.639 0.0000000000
112501  24.730  -100.016  -3.399 0.0000000000
112502  24.672  -100.424  -4.175 0.0000000000
112503  24.889  -100.336  -4.711 0.0000000000
112504  25.094  -100.233  -5.246 0.0000000000
112567  15.858  -104.617  -5.107 0.0000000000
112568  16.232  -104.848  -5.639 0.0000000000
112569  15.680  -104.940  -5.876 0.0000000000
112570  15.492  -105.248  -6.644 0.0000000000
112571  15.293  -105.541  -7.411 0.0000000000
112572  13.071  -106.114  -9.548 0.0000000000
112573  13.676  -106.124  -9.353 0.0000000000
112574  13.431  -106.346  -10.099 0.0000000000
112575  13.786  -106.559  -10.650 0.0000000000
112576  14.136  -106.754  -11.200 0.0000000000
112577  14.481  -106.929  -11.749 0.0000000000
112578  13.871  -106.942  -11.945 0.0000000000
112579  13.594  -107.112  -12.687 0.0000000000
112580  13.305  -107.263  -13.424 0.0000000000
112584  8.740  -105.923  -11.943 0.0000000000
112585  9.085  -106.195  -12.514 0.0000000000
112586  8.761  -106.906  -15.739 0.0000000000
112587  9.105  -106.852  -15.050 0.0000000000
112588  9.425  -107.055  -15.621 0.0000000000
112589  10.086  -107.186  -15.494 0.0000000000
112590  10.744  -107.296  -15.356 0.0000000000
112591  11.398  -107.387  -15.209 0.0000000000
112592  11.061  -107.459  -15.920 0.0000000000
112593  11.372  -107.601  -16.481 0.0000000000
112594  11.675  -107.723  -17.040 0.0000000000
112595  11.972  -107.824  -17.596 0.0000000000
112596  11.313  -107.754  -17.745 0.0000000000
112597  10.939  -107.764  -18.443 0.0000000000
112598  10.554  -107.753  -19.134 0.0000000000
112599  7.716  -107.214  -20.784 0.0000000000
112600  8.396  -107.384  -20.698 0.0000000000
112601  7.976  -107.287  -21.344 0.0000000000
112602  8.229  -107.339  -21.901 0.0000000000
112603  8.475  -107.369  -22.453 0.0000000000
112604  8.713  -107.377  -23.001 0.0000000000
112605  8.031  -107.225  -23.084 0.0000000000
112612  3.064  -105.571  -22.795 0.0000000000
112614  2.627  -105.357  -23.349 0.0000000000
117854  20.988  -101.898  -0.973 0.0000000000
117855  21.319  -102.001  -1.491 0.0000000000
117856  21.642  -102.085  -2.010 0.0000000000
117857  21.956  -102.152  -2.532 0.0000000000
117858  21.554  -102.487  -2.794 0.0000000000
117859  21.458  -102.878  -3.580 0.0000000000
117860  21.353  -103.260  -4.370 0.0000000000
117861  20.595  -103.476  -4.111 0.0000000000
117862  20.921  -103.563  -4.636 0.0000000000
117863  21.240  -103.631  -5.162 0.0000000000
117864  21.117  -103.993  -5.957 0.0000000000
117865  20.984  -104.344  -6.754 0.0000000000
117866  20.842  -104.683  -7.551 0.0000000000
117867  20.688  -105.008  -8.348 0.0000000000
117868  20.376  -104.959  -7.815 0.0000000000
117869  19.895  -105.214  -8.078 0.0000000000
117870  19.400  -105.446  -8.337 0.0000000000
117871  19.235  -105.032  -7.013 0.0000000000
117872  19.069  -105.352  -7.804 0.0000000000
117873  18.891  -105.657  -8.593 0.0000000000
117874  18.368  -105.846  -8.845 0.0000000000
117875  17.832  -106.012  -9.092 0.0000000000
117876  17.284  -106.157  -9.334 0.0000000000
126533  26.130  -95.938  -0.597 0.0000000000
126534  25.782  -96.622  -0.243 0.0000000000
126535  25.955  -96.510  -0.790 0.0000000000
126536  26.116  -96.384  -1.339 0.0000000000
126537  26.097  -96.823  -2.084 0.0000000000
126538  26.071  -97.254  -2.832 0.0000000000
126539  26.040  -97.676  -3.583 0.0000000000
126540  24.139  -102.052  -6.773 0.0000000000
126541  24.454  -101.593  -6.518 0.0000000000
126542  24.364  -101.962  -7.304 0.0000000000
126543  24.576  -101.855  -7.834 0.0000000000
126593  13.973  -105.091  -6.549 0.0000000000
126594  13.388  -105.100  -6.759 0.0000000000
126595  13.172  -105.372  -7.508 0.0000000000
126596  12.945  -105.627  -8.254 0.0000000000
126597  11.971  -105.310  -7.890 0.0000000000
126598  12.341  -105.596  -8.444 0.0000000000
126599  12.708  -105.864  -8.997 0.0000000000
126600  12.461  -106.084  -9.735 0.0000000000
126601  12.203  -106.285  -10.469 0.0000000000
126602  11.934  -106.468  -11.200 0.0000000000
126604  7.461  -105.955  -13.436 0.0000000000
126605  7.133  -106.025  -14.114 0.0000000000
126606  7.458  -106.279  -14.693 0.0000000000
126607  7.779  -106.517  -15.271 0.0000000000
126608  6.762  -106.346  -16.035 0.0000000000
126609  7.429  -106.551  -15.946 0.0000000000
126610  8.095  -106.737  -15.847 0.0000000000
126611  8.407  -106.939  -16.422 0.0000000000
126612  8.714  -107.121  -16.995 0.0000000000
126613  9.015  -107.283  -17.565 0.0000000000
126614  9.310  -107.423  -18.133 0.0000000000
126615  8.637  -107.274  -18.242 0.0000000000
126616  8.250  -107.243  -18.910 0.0000000000
126617  7.853  -107.192  -19.570 0.0000000000
126618  6.897  -106.867  -19.081 0.0000000000
126619  7.176  -107.004  -19.652 0.0000000000
126620  7.449  -107.119  -20.220 0.0000000000
126621  7.036  -107.025  -20.860 0.0000000000
126622  6.615  -106.909  -21.488 0.0000000000
126623  6.186  -106.771  -22.105 0.0000000000
126624  5.750  -106.611  -22.711 0.0000000000
126625  5.508  -106.545  -22.152 0.0000000000
126626  4.833  -106.301  -22.188 0.0000000000
126627  4.161  -106.041  -22.213 0.0000000000
126628  4.335  -106.087  -21.056 0.0000000000
126629  3.918  -105.936  -21.648 0.0000000000
126630  3.494  -105.764  -22.227 0.0000000000
126631  2.831  -105.471  -22.232 0.0000000000
135845  22.962  -99.690  1.083 0.0000000000
135846  23.299  -99.278  1.328 0.0000000000
135847  23.621  -98.849  1.568 0.0000000000
135848  23.891  -98.860  1.041 0.0000000000
135849  24.151  -98.855  0.512 0.0000000000
135850  24.401  -98.834  -0.020 0.0000000000
135851  24.641  -98.795  -0.555 0.0000000000
135852  24.360  -99.275  -0.785 0.0000000000
135853  24.314  -99.709  -1.554 0.0000000000
135854  24.261  -100.134  -2.327 0.0000000000
135855  23.691  -100.611  -2.037 0.0000000000
135856  23.952  -100.589  -2.569 0.0000000000
135857  24.203  -100.550  -3.103 0.0000000000
135858  24.139  -100.958  -3.883 0.0000000000
135859  24.068  -101.357  -4.666 0.0000000000
135860  23.990  -101.746  -5.452 0.0000000000
135861  22.261  -102.201  -3.055 0.0000000000
135862  22.558  -102.232  -3.581 0.0000000000
135863  22.846  -102.246  -4.109 0.0000000000
135864  22.368  -103.002  -5.162 0.0000000000
135865  22.755  -102.632  -4.900 0.0000000000
135866  23.125  -102.242  -4.641 0.0000000000
135867  23.395  -102.221  -5.174 0.0000000000
135868  23.654  -102.182  -5.707 0.0000000000
135869  23.903  -102.126  -6.240 0.0000000000
135870  23.806  -102.494  -7.031 0.0000000000
135871  23.700  -102.850  -7.823 0.0000000000
135873  22.964  -103.663  -8.350 0.0000000000
135889  20.522  -105.318  -9.143 0.0000000000
135890  20.343  -105.612  -9.936 0.0000000000
135891  20.151  -105.890  -10.727 0.0000000000
135892  19.342  -106.088  -10.449 0.0000000000
135893  19.648  -106.129  -10.982 0.0000000000
135894  19.944  -106.150  -11.515 0.0000000000
135901  17.554  -107.129  -13.271 0.0000000000
135902  17.285  -107.309  -14.038 0.0000000000
135903  17.002  -107.468  -14.801 0.0000000000
135905  15.811  -107.651  -15.230 0.0000000000
135906  15.200  -107.709  -15.433 0.0000000000
142542  18.366  -102.973  -1.772 0.0000000000
142543  18.245  -103.359  -2.552 0.0000000000
142544  18.115  -103.734  -3.332 0.0000000000
142545  17.976  -104.097  -4.113 0.0000000000
142546  17.607  -103.901  -3.590 0.0000000000
142547  17.090  -104.048  -3.844 0.0000000000
142548  16.563  -104.175  -4.093 0.0000000000
142550  16.185  -103.934  -3.568 0.0000000000
142551  16.026  -104.282  -4.338 0.0000000000
142552  15.481  -104.368  -4.576 0.0000000000
142553  14.926  -104.435  -4.808 0.0000000000
142554  14.363  -104.482  -5.034 0.0000000000
158443  24.870  -98.741  -1.093 0.0000000000
158444  25.088  -98.671  -1.632 0.0000000000
158445  25.295  -98.585  -2.173 0.0000000000
158446  25.000  -99.520  -3.165 0.0000000000
158447  25.254  -99.009  -2.937 0.0000000000
158448  25.490  -98.483  -2.714 0.0000000000
158449  25.673  -98.366  -3.256 0.0000000000
158450  25.844  -98.236  -3.796 0.0000000000
158451  26.003  -98.091  -4.336 0.0000000000
158452  24.750  -101.116  -6.267 0.0000000000
158453  25.028  -100.623  -6.021 0.0000000000
158454  25.287  -100.114  -5.781 0.0000000000
158456  25.469  -99.980  -6.314 0.0000000000
158457  25.529  -99.589  -5.545 0.0000000000
158458  25.754  -99.050  -5.316 0.0000000000
158459  25.961  -98.498  -5.092 0.0000000000
158460  26.150  -97.933  -4.875 0.0000000000
158461  26.285  -97.763  -5.413 0.0000000000
158578  17.828  -104.450  -4.895 0.0000000000
158579  17.670  -104.790  -5.676 0.0000000000
158580  17.503  -105.118  -6.458 0.0000000000
158581  16.601  -105.061  -6.171 0.0000000000
158582  16.966  -105.255  -6.705 0.0000000000
158583  17.326  -105.431  -7.239 0.0000000000
158584  17.137  -105.730  -8.019 0.0000000000
158585  16.937  -106.013  -8.796 0.0000000000
158586  16.725  -106.279  -9.571 0.0000000000
158587  14.347  -105.351  -7.092 0.0000000000
158588  14.717  -105.594  -7.634 0.0000000000
158589  15.084  -105.818  -8.176 0.0000000000
158590  14.273  -106.112  -9.150 0.0000000000
158591  14.864  -106.079  -8.938 0.0000000000
158592  15.446  -106.024  -8.718 0.0000000000
158593  15.803  -106.211  -9.260 0.0000000000
158594  16.155  -106.379  -9.802 0.0000000000
158595  16.500  -106.528  -10.343 0.0000000000
158596  16.263  -106.760  -11.111 0.0000000000
158597  16.014  -106.972  -11.875 0.0000000000
158598  15.753  -107.166  -12.635 0.0000000000
158599  14.820  -107.086  -12.297 0.0000000000
158600  15.153  -107.223  -12.845 0.0000000000
158601  15.479  -107.341  -13.391 0.0000000000
158602  15.193  -107.495  -14.142 0.0000000000
158603  14.893  -107.630  -14.888 0.0000000000
158604  14.580  -107.744  -15.628 0.0000000000
158609  9.960  -105.762  -10.395 0.0000000000
158610  10.593  -105.871  -10.244 0.0000000000
158611  10.950  -106.143  -10.806 0.0000000000
158612  11.304  -106.397  -11.366 0.0000000000
158613  11.654  -106.634  -11.926 0.0000000000
158614  8.118  -106.137  -13.328 0.0000000000
158615  8.773  -106.303  -13.211 0.0000000000
158616  9.425  -106.450  -13.084 0.0000000000
158617  9.439  -106.780  -14.354 0.0000000000
158618  9.762  -106.689  -13.654 0.0000000000
158619  10.075  -106.580  -12.948 0.0000000000
158620  10.721  -106.690  -12.803 0.0000000000
158621  11.363  -106.781  -12.648 0.0000000000
158622  11.999  -106.852  -12.485 0.0000000000
158623  12.340  -107.052  -13.043 0.0000000000
158624  12.675  -107.233  -13.601 0.0000000000
158625  13.004  -107.395  -14.158 0.0000000000
158626  12.047  -107.457  -15.053 0.0000000000
158627  12.690  -107.507  -14.887 0.0000000000
158628  13.327  -107.536  -14.713 0.0000000000
158629  13.643  -107.657  -15.266 0.0000000000
158630  13.953  -107.758  -15.816 0.0000000000
158631  14.254  -107.838  -16.364 0.0000000000
158632  13.915  -107.910  -17.093 0.0000000000
158641  9.600  -107.543  -18.697 0.0000000000
158642  9.882  -107.642  -19.259 0.0000000000
158643  10.158  -107.720  -19.817 0.0000000000
158644  9.075  -107.534  -20.600 0.0000000000
158645  9.752  -107.666  -20.491 0.0000000000
158646  10.426  -107.777  -20.372 0.0000000000
158647  10.686  -107.813  -20.923 0.0000000000
158668  5.306  -106.430  -23.304 0.0000000000
