#!ascii label  , from subject fsaverage vox2ras=TkReg
451
136  -0.616  -100.459  -8.451 0.0000000000
568  -5.680  -99.690  -17.722 0.0000000000
1281  -3.096  -100.563  -13.317 0.0000000000
2341  -5.333  -97.224  -8.218 0.0000000000
2342  -7.698  -96.831  -12.857 0.0000000000
2343  -9.975  -95.677  -17.107 0.0000000000
2344  -8.189  -98.004  -21.465 0.0000000000
2606  -8.804  -97.391  -24.693 0.0000000000
3201  -1.835  -100.638  -10.932 0.0000000000
5210  -8.541  -93.489  -5.297 0.0000000000
5211  -6.405  -95.360  -5.582 0.0000000000
5212  -7.551  -95.359  -7.965 0.0000000000
5213  -6.515  -97.132  -10.575 0.0000000000
5214  -8.700  -95.150  -10.293 0.0000000000
5284  -4.719  -100.775  -20.016 0.0000000000
5285  -6.108  -99.827  -21.856 0.0000000000
5286  -6.954  -98.930  -19.693 0.0000000000
6915  -4.386  -100.244  -15.588 0.0000000000
9582  -4.168  -97.085  -5.794 0.0000000000
9583  -3.016  -98.931  -8.390 0.0000000000
9584  -4.223  -98.969  -10.798 0.0000000000
9585  -5.452  -98.775  -13.119 0.0000000000
9586  -6.684  -98.361  -15.336 0.0000000000
9587  -9.826  -94.752  -12.553 0.0000000000
9588  -8.859  -96.336  -15.040 0.0000000000
9589  -7.889  -97.748  -17.423 0.0000000000
9590  -9.044  -96.974  -19.359 0.0000000000
9592  -9.316  -96.989  -22.986 0.0000000000
9673  -5.387  -100.393  -23.944 0.0000000000
9674  -7.476  -98.688  -23.443 0.0000000000
10286  -9.589  -96.659  -24.364 0.0000000000
10287  -9.479  -96.659  -25.152 0.0000000000
10880  -0.607  -101.402  -10.955 0.0000000000
10881  -1.219  -100.581  -9.702 0.0000000000
12891  -8.052  -94.435  -6.639 0.0000000000
12893  -8.127  -95.279  -9.137 0.0000000000
12962  -4.525  -100.611  -17.858 0.0000000000
12963  -4.027  -101.164  -19.020 0.0000000000
12964  -5.191  -100.266  -18.881 0.0000000000
12965  -5.856  -99.867  -19.858 0.0000000000
12966  -6.320  -99.334  -18.730 0.0000000000
15366  -3.738  -100.434  -14.468 0.0000000000
21393  -5.875  -96.305  -6.907 0.0000000000
21394  -5.299  -96.242  -5.698 0.0000000000
21395  -4.747  -97.185  -7.014 0.0000000000
21397  -4.185  -98.099  -8.317 0.0000000000
21398  -3.616  -98.980  -9.604 0.0000000000
21399  -4.781  -98.113  -9.516 0.0000000000
21400  -7.108  -97.007  -11.726 0.0000000000
21401  -5.986  -97.973  -11.856 0.0000000000
21402  -6.590  -97.821  -12.994 0.0000000000
21403  -6.069  -98.595  -14.242 0.0000000000
21404  -7.191  -97.618  -14.108 0.0000000000
21408  -10.446  -94.951  -15.931 0.0000000000
21409  -9.902  -95.276  -14.883 0.0000000000
21410  -9.425  -96.025  -16.088 0.0000000000
21411  -8.373  -97.067  -16.245 0.0000000000
21412  -8.947  -96.728  -17.265 0.0000000000
21413  -8.475  -97.378  -18.411 0.0000000000
21414  -9.505  -96.354  -18.251 0.0000000000
21416  -10.549  -95.530  -20.115 0.0000000000
21418  -10.569  -95.658  -21.945 0.0000000000
21617  -7.172  -98.924  -21.658 0.0000000000
21618  -6.797  -99.278  -22.685 0.0000000000
21619  -7.811  -98.394  -22.466 0.0000000000
21620  -8.428  -97.837  -23.201 0.0000000000
21621  -8.772  -97.501  -22.261 0.0000000000
24194  -1.237  -101.430  -12.181 0.0000000000
24195  -2.461  -100.632  -12.138 0.0000000000
27812  -7.486  -94.442  -5.447 0.0000000000
27813  -6.977  -95.388  -6.780 0.0000000000
27814  -6.455  -96.310  -8.100 0.0000000000
27815  -5.923  -97.205  -9.405 0.0000000000
27816  -7.038  -96.259  -9.277 0.0000000000
27817  -7.622  -96.157  -10.439 0.0000000000
27818  -8.203  -96.007  -11.584 0.0000000000
27824  -10.506  -95.298  -18.096 0.0000000000
27944  -4.269  -101.211  -21.133 0.0000000000
27945  -4.998  -100.711  -22.050 0.0000000000
27946  -5.413  -100.328  -20.963 0.0000000000
27947  -6.517  -99.418  -20.786 0.0000000000
27948  -7.580  -98.484  -20.606 0.0000000000
31496  -3.857  -100.899  -16.794 0.0000000000
31497  -5.034  -99.995  -16.674 0.0000000000
38984  -5.837  -95.274  -4.370 0.0000000000
38990  -2.428  -99.803  -9.668 0.0000000000
38991  -3.041  -99.825  -10.878 0.0000000000
38992  -3.661  -99.787  -12.066 0.0000000000
38993  -5.382  -98.070  -10.696 0.0000000000
38994  -4.836  -98.900  -11.970 0.0000000000
38995  -4.287  -99.690  -13.228 0.0000000000
38996  -4.918  -99.534  -14.363 0.0000000000
38997  -5.550  -99.321  -15.469 0.0000000000
38998  -6.179  -99.054  -16.541 0.0000000000
39000  -9.267  -94.974  -11.433 0.0000000000
39001  -8.777  -95.807  -12.709 0.0000000000
39003  -9.344  -95.562  -13.809 0.0000000000
39004  -8.283  -96.606  -13.962 0.0000000000
39005  -7.787  -97.365  -15.192 0.0000000000
39006  -7.291  -98.077  -16.397 0.0000000000
39007  -6.801  -98.735  -17.576 0.0000000000
39008  -7.414  -98.371  -18.572 0.0000000000
39009  -8.016  -97.966  -19.525 0.0000000000
39010  -8.603  -97.527  -20.430 0.0000000000
39011  -10.042  -95.952  -19.201 0.0000000000
39012  -9.590  -96.544  -20.265 0.0000000000
39013  -9.164  -97.065  -21.285 0.0000000000
39014  -9.686  -96.594  -22.084 0.0000000000
39256  -5.730  -100.153  -22.906 0.0000000000
39257  -6.461  -99.542  -23.695 0.0000000000
39259  -8.143  -98.060  -24.118 0.0000000000
39260  -9.019  -97.259  -23.844 0.0000000000
41006  -9.924  -96.332  -24.212 0.0000000000
41600  -0.608  -100.951  -9.707 0.0000000000
41601  -0.916  -100.528  -9.079 0.0000000000
43682  -5.106  -100.155  -17.792 0.0000000000
43683  -4.858  -100.446  -18.375 0.0000000000
43684  -5.434  -99.986  -18.304 0.0000000000
43685  -5.760  -99.804  -18.806 0.0000000000
43686  -6.001  -99.518  -18.232 0.0000000000
46082  -2.490  -100.984  -13.353 0.0000000000
46085  -3.138  -100.868  -14.513 0.0000000000
46086  -3.416  -100.506  -13.896 0.0000000000
52113  -5.605  -96.768  -7.564 0.0000000000
52114  -5.314  -96.750  -6.963 0.0000000000
52115  -5.039  -97.212  -7.619 0.0000000000
52116  -4.467  -97.646  -7.667 0.0000000000
52117  -4.762  -97.667  -8.270 0.0000000000
52118  -4.483  -98.113  -8.918 0.0000000000
52119  -5.058  -97.672  -8.869 0.0000000000
52120  -7.404  -96.925  -12.294 0.0000000000
52121  -6.849  -97.419  -12.363 0.0000000000
52122  -7.148  -97.331  -12.927 0.0000000000
52123  -6.891  -97.726  -13.554 0.0000000000
52124  -7.445  -97.230  -13.485 0.0000000000
52128  -10.210  -95.320  -16.523 0.0000000000
52129  -9.939  -95.492  -16.010 0.0000000000
52130  -9.702  -95.855  -16.602 0.0000000000
52131  -9.185  -96.383  -16.680 0.0000000000
52132  -9.465  -96.206  -17.186 0.0000000000
52133  -9.228  -96.545  -17.763 0.0000000000
52134  -9.739  -96.022  -17.684 0.0000000000
52337  -7.686  -98.466  -21.560 0.0000000000
52338  -7.494  -98.663  -22.071 0.0000000000
52339  -7.995  -98.211  -21.969 0.0000000000
52340  -8.298  -97.949  -22.361 0.0000000000
52341  -8.485  -97.755  -21.871 0.0000000000
53896  -8.370  -97.778  -24.863 0.0000000000
55682  -1.224  -101.026  -10.947 0.0000000000
55685  -1.852  -101.037  -12.163 0.0000000000
55686  -2.147  -100.642  -11.538 0.0000000000
61710  -8.262  -93.489  -4.699 0.0000000000
61711  -7.736  -93.961  -4.775 0.0000000000
61712  -8.017  -93.970  -5.373 0.0000000000
61713  -7.803  -94.900  -7.304 0.0000000000
61714  -7.518  -94.916  -6.711 0.0000000000
61715  -7.264  -95.380  -7.374 0.0000000000
61716  -6.717  -95.852  -7.442 0.0000000000
61717  -7.006  -95.839  -8.034 0.0000000000
61718  -6.746  -96.291  -8.690 0.0000000000
61719  -7.296  -95.812  -8.623 0.0000000000
61720  -8.414  -95.220  -9.717 0.0000000000
61721  -7.876  -95.721  -9.790 0.0000000000
61722  -8.165  -95.658  -10.368 0.0000000000
61723  -7.913  -96.088  -11.014 0.0000000000
61724  -8.452  -95.582  -10.941 0.0000000000
61930  -4.373  -100.977  -19.524 0.0000000000
61932  -4.137  -101.217  -20.091 0.0000000000
61934  -4.491  -101.002  -20.577 0.0000000000
61935  -4.846  -100.773  -21.049 0.0000000000
61936  -5.066  -100.559  -20.496 0.0000000000
61937  -6.410  -99.402  -19.776 0.0000000000
61938  -6.187  -99.649  -20.329 0.0000000000
61939  -6.732  -99.183  -20.243 0.0000000000
61940  -7.053  -98.954  -20.696 0.0000000000
61941  -7.268  -98.712  -20.156 0.0000000000
69137  -3.792  -100.690  -15.642 0.0000000000
69138  -3.524  -101.020  -16.247 0.0000000000
69139  -4.121  -100.578  -16.194 0.0000000000
69140  -4.450  -100.452  -16.736 0.0000000000
69141  -4.710  -100.126  -16.136 0.0000000000
87220  -6.121  -95.325  -4.977 0.0000000000
87221  -4.737  -96.668  -5.749 0.0000000000
87222  -5.013  -96.188  -5.089 0.0000000000
87228  -3.307  -98.482  -7.746 0.0000000000
87229  -3.012  -98.428  -7.132 0.0000000000
87232  -2.423  -99.331  -8.417 0.0000000000
87233  -2.125  -99.769  -9.054 0.0000000000
87234  -2.723  -99.372  -9.030 0.0000000000
87235  -3.919  -98.981  -10.204 0.0000000000
87236  -3.329  -99.407  -10.243 0.0000000000
87237  -3.635  -99.402  -10.841 0.0000000000
87238  -3.350  -99.814  -11.475 0.0000000000
87239  -3.943  -99.383  -11.434 0.0000000000
87240  -6.219  -97.175  -9.992 0.0000000000
87241  -5.653  -97.642  -10.052 0.0000000000
87242  -5.952  -97.606  -10.637 0.0000000000
87243  -5.719  -98.379  -12.490 0.0000000000
87244  -5.414  -98.442  -11.915 0.0000000000
87245  -5.144  -98.845  -12.548 0.0000000000
87246  -4.562  -99.300  -12.601 0.0000000000
87247  -4.873  -99.238  -13.176 0.0000000000
87248  -4.602  -99.619  -13.799 0.0000000000
87249  -5.185  -99.160  -13.743 0.0000000000
87250  -6.377  -98.484  -14.793 0.0000000000
87251  -5.810  -98.964  -14.858 0.0000000000
87252  -6.121  -98.845  -15.404 0.0000000000
87253  -5.865  -99.194  -16.009 0.0000000000
87254  -6.431  -98.714  -15.941 0.0000000000
87260  -9.547  -94.869  -11.995 0.0000000000
87261  -9.023  -95.395  -12.073 0.0000000000
87262  -9.305  -95.284  -12.631 0.0000000000
87266  -9.384  -95.810  -14.962 0.0000000000
87267  -9.625  -95.424  -14.349 0.0000000000
87268  -9.102  -95.954  -14.428 0.0000000000
87269  -8.817  -96.088  -13.886 0.0000000000
87270  -8.572  -96.477  -14.505 0.0000000000
87271  -8.035  -96.991  -14.580 0.0000000000
87272  -8.327  -96.855  -15.117 0.0000000000
87273  -8.130  -97.414  -16.837 0.0000000000
87274  -7.836  -97.577  -16.322 0.0000000000
87275  -7.592  -97.918  -16.914 0.0000000000
87276  -7.045  -98.414  -16.990 0.0000000000
87277  -7.349  -98.246  -17.500 0.0000000000
87278  -7.109  -98.559  -18.079 0.0000000000
87279  -7.650  -98.067  -18.001 0.0000000000
87280  -8.762  -97.180  -18.891 0.0000000000
87281  -8.243  -97.680  -18.972 0.0000000000
87282  -8.534  -97.474  -19.441 0.0000000000
87283  -8.312  -97.750  -19.984 0.0000000000
87284  -8.820  -97.260  -19.899 0.0000000000
87285  -10.762  -95.100  -18.578 0.0000000000
87286  -10.273  -95.632  -18.653 0.0000000000
87287  -10.530  -95.428  -19.126 0.0000000000
87289  -10.073  -96.042  -20.188 0.0000000000
87290  -9.852  -96.323  -20.701 0.0000000000
87291  -9.373  -96.814  -20.780 0.0000000000
87292  -9.637  -96.587  -21.202 0.0000000000
87293  -9.431  -96.830  -21.691 0.0000000000
87294  -9.890  -96.358  -21.612 0.0000000000
87892  -5.559  -100.272  -21.954 0.0000000000
87893  -5.364  -100.439  -22.486 0.0000000000
87894  -5.915  -100.001  -22.383 0.0000000000
87895  -7.138  -98.988  -23.073 0.0000000000
87896  -6.624  -99.422  -23.191 0.0000000000
87897  -6.976  -99.115  -23.568 0.0000000000
87898  -6.825  -99.218  -24.061 0.0000000000
87899  -7.326  -98.797  -23.926 0.0000000000
87900  -7.675  -98.469  -24.262 0.0000000000
87901  -7.811  -98.379  -23.792 0.0000000000
87902  -8.880  -97.413  -23.088 0.0000000000
87903  -8.727  -97.550  -23.535 0.0000000000
87904  -9.157  -97.141  -23.419 0.0000000000
87905  -9.424  -96.870  -23.722 0.0000000000
87906  -9.570  -96.736  -23.316 0.0000000000
92242  -9.211  -97.016  -24.526 0.0000000000
92243  -9.137  -97.035  -24.938 0.0000000000
92244  -9.526  -96.675  -24.750 0.0000000000
92245  -9.852  -96.310  -24.938 0.0000000000
93314  -0.914  -100.997  -10.330 0.0000000000
93315  -1.526  -100.617  -10.320 0.0000000000
96931  -8.298  -93.965  -5.969 0.0000000000
96932  -8.580  -93.947  -6.563 0.0000000000
96933  -8.336  -94.412  -7.230 0.0000000000
96934  -8.089  -94.872  -7.893 0.0000000000
96935  -7.839  -95.325  -8.553 0.0000000000
96936  -8.375  -94.830  -8.479 0.0000000000
96937  -8.660  -94.777  -9.062 0.0000000000
96938  -8.945  -94.711  -9.641 0.0000000000
97060  -3.935  -101.058  -17.920 0.0000000000
97061  -3.682  -101.337  -18.505 0.0000000000
97062  -4.274  -100.896  -18.441 0.0000000000
97063  -4.613  -100.720  -18.952 0.0000000000
97064  -4.953  -100.530  -19.451 0.0000000000
97065  -5.292  -100.325  -19.939 0.0000000000
97066  -5.524  -100.073  -19.375 0.0000000000
97067  -6.086  -99.609  -19.297 0.0000000000
97068  -6.638  -99.138  -19.217 0.0000000000
101387  -3.464  -100.787  -15.082 0.0000000000
101388  -4.061  -100.346  -15.032 0.0000000000
112235  -6.142  -95.836  -6.246 0.0000000000
112236  -5.855  -95.806  -5.642 0.0000000000
112237  -5.586  -96.281  -6.304 0.0000000000
112238  -5.025  -96.717  -6.358 0.0000000000
112241  -4.174  -97.610  -7.060 0.0000000000
112242  -3.890  -98.069  -7.710 0.0000000000
112243  -3.603  -98.520  -8.357 0.0000000000
112244  -3.315  -98.963  -8.999 0.0000000000
112245  -3.902  -98.543  -8.962 0.0000000000
112246  -4.202  -98.552  -9.563 0.0000000000
112247  -4.503  -98.545  -10.159 0.0000000000
112248  -6.812  -97.076  -11.153 0.0000000000
112249  -6.251  -97.557  -11.217 0.0000000000
112250  -6.550  -97.494  -11.793 0.0000000000
112251  -6.288  -97.904  -12.428 0.0000000000
112252  -6.024  -98.303  -13.058 0.0000000000
112253  -5.761  -98.692  -13.684 0.0000000000
112254  -6.330  -98.213  -13.621 0.0000000000
112255  -6.634  -98.111  -14.176 0.0000000000
112256  -6.937  -97.995  -14.725 0.0000000000
112262  -10.681  -94.573  -15.332 0.0000000000
112263  -10.412  -94.734  -14.805 0.0000000000
112264  -10.176  -95.118  -15.411 0.0000000000
112265  -9.664  -95.655  -15.489 0.0000000000
112266  -9.144  -96.185  -15.568 0.0000000000
112267  -8.616  -96.707  -15.646 0.0000000000
112268  -8.902  -96.550  -16.167 0.0000000000
112269  -8.662  -96.902  -16.759 0.0000000000
112270  -8.422  -97.242  -17.344 0.0000000000
112271  -8.184  -97.568  -17.922 0.0000000000
112272  -8.710  -97.060  -17.842 0.0000000000
112273  -8.994  -96.870  -18.331 0.0000000000
112274  -9.273  -96.672  -18.810 0.0000000000
112276  -10.779  -95.221  -19.590 0.0000000000
112280  -10.342  -95.878  -21.541 0.0000000000
112637  -4.434  -101.131  -23.654 0.0000000000
112638  -5.000  -100.710  -23.542 0.0000000000
112639  -6.646  -99.378  -21.757 0.0000000000
112640  -6.454  -99.558  -22.279 0.0000000000
112641  -6.980  -99.112  -22.174 0.0000000000
112642  -7.311  -98.837  -22.575 0.0000000000
112643  -7.638  -98.554  -22.957 0.0000000000
112644  -7.960  -98.262  -23.320 0.0000000000
112645  -8.123  -98.118  -22.844 0.0000000000
112646  -8.593  -97.683  -22.735 0.0000000000
112647  -9.050  -97.246  -22.633 0.0000000000
115395  -9.077  -97.026  -25.361 0.0000000000
117896  -2.170  -101.018  -12.761 0.0000000000
117897  -2.777  -100.605  -12.731 0.0000000000
126334  -6.949  -94.905  -5.516 0.0000000000
126335  -7.769  -94.445  -6.044 0.0000000000
126336  -7.233  -94.918  -6.115 0.0000000000
126337  -6.691  -95.381  -6.182 0.0000000000
126338  -6.429  -95.851  -6.845 0.0000000000
126339  -6.165  -96.315  -7.505 0.0000000000
126340  -5.897  -96.772  -8.161 0.0000000000
126341  -5.627  -97.222  -8.814 0.0000000000
126342  -6.190  -96.761  -8.754 0.0000000000
126343  -6.484  -96.737  -9.343 0.0000000000
126344  -6.778  -96.699  -9.928 0.0000000000
126345  -7.586  -95.773  -9.208 0.0000000000
126346  -7.330  -96.214  -9.860 0.0000000000
126347  -7.072  -96.649  -10.509 0.0000000000
126348  -7.366  -96.586  -11.085 0.0000000000
126349  -7.659  -96.511  -11.657 0.0000000000
126350  -7.951  -96.423  -12.223 0.0000000000
126360  -10.712  -94.777  -16.445 0.0000000000
126361  -10.477  -95.139  -17.029 0.0000000000
126362  -10.243  -95.491  -17.605 0.0000000000
126363  -10.739  -94.952  -17.528 0.0000000000
126639  -3.432  -101.599  -19.084 0.0000000000
126646  -4.633  -100.968  -21.598 0.0000000000
126647  -5.202  -100.530  -21.509 0.0000000000
126648  -5.761  -100.084  -21.417 0.0000000000
126649  -5.631  -100.107  -20.414 0.0000000000
126650  -5.970  -99.876  -20.876 0.0000000000
126651  -6.309  -99.633  -21.324 0.0000000000
126652  -6.846  -99.176  -21.230 0.0000000000
126653  -7.372  -98.714  -21.136 0.0000000000
126654  -7.887  -98.248  -21.043 0.0000000000
135961  -4.191  -100.762  -17.331 0.0000000000
135962  -4.778  -100.311  -17.269 0.0000000000
135963  -5.357  -99.849  -17.203 0.0000000000
157913  -5.570  -95.761  -5.036 0.0000000000
157914  -5.285  -95.701  -4.426 0.0000000000
157928  -1.523  -100.155  -9.071 0.0000000000
157929  -1.826  -100.198  -9.689 0.0000000000
157930  -2.132  -100.225  -10.301 0.0000000000
157931  -3.025  -99.397  -9.639 0.0000000000
157932  -2.734  -99.822  -10.276 0.0000000000
157933  -2.441  -100.237  -10.909 0.0000000000
157934  -2.751  -100.234  -11.510 0.0000000000
157935  -3.064  -100.215  -12.105 0.0000000000
157936  -3.378  -100.181  -12.693 0.0000000000
157937  -5.355  -97.664  -9.463 0.0000000000
157938  -5.081  -98.099  -10.108 0.0000000000
157939  -4.806  -98.525  -10.749 0.0000000000
157940  -5.683  -98.028  -11.278 0.0000000000
157941  -5.109  -98.490  -11.335 0.0000000000
157942  -4.529  -98.942  -11.387 0.0000000000
157943  -4.252  -99.349  -12.021 0.0000000000
157944  -3.973  -99.746  -12.650 0.0000000000
157945  -3.695  -100.132  -13.275 0.0000000000
157946  -4.013  -100.068  -13.850 0.0000000000
157947  -4.332  -99.989  -14.418 0.0000000000
157948  -4.652  -99.895  -14.978 0.0000000000
157949  -5.497  -99.069  -14.304 0.0000000000
157950  -5.234  -99.434  -14.920 0.0000000000
157951  -4.972  -99.787  -15.530 0.0000000000
157952  -5.291  -99.665  -16.074 0.0000000000
157953  -5.610  -99.529  -16.609 0.0000000000
157954  -5.928  -99.379  -17.135 0.0000000000
157956  -9.468  -94.194  -9.563 0.0000000000
157957  -9.228  -94.634  -10.216 0.0000000000
157959  -9.509  -94.546  -10.787 0.0000000000
157960  -8.985  -95.068  -10.865 0.0000000000
157961  -8.739  -95.494  -11.509 0.0000000000
157962  -8.491  -95.913  -12.149 0.0000000000
157963  -8.241  -96.323  -12.784 0.0000000000
157966  -10.102  -94.625  -13.105 0.0000000000
157967  -10.140  -94.887  -14.271 0.0000000000
157968  -9.864  -95.029  -13.730 0.0000000000
157969  -9.586  -95.162  -13.184 0.0000000000
157970  -9.062  -95.690  -13.262 0.0000000000
157971  -8.530  -96.212  -13.338 0.0000000000
157972  -7.991  -96.725  -13.413 0.0000000000
157973  -7.741  -97.116  -14.036 0.0000000000
157974  -7.490  -97.498  -14.654 0.0000000000
157975  -7.239  -97.868  -15.265 0.0000000000
157976  -8.081  -97.222  -15.722 0.0000000000
157977  -7.539  -97.728  -15.797 0.0000000000
157978  -6.989  -98.225  -15.871 0.0000000000
157979  -6.739  -98.570  -16.470 0.0000000000
157980  -6.491  -98.901  -17.063 0.0000000000
157981  -6.244  -99.217  -17.651 0.0000000000
157982  -6.559  -99.042  -18.156 0.0000000000
157983  -6.871  -98.856  -18.652 0.0000000000
157984  -7.182  -98.659  -19.136 0.0000000000
157985  -7.948  -97.878  -18.492 0.0000000000
157986  -7.717  -98.173  -19.054 0.0000000000
157987  -7.490  -98.451  -19.609 0.0000000000
157988  -7.795  -98.234  -20.069 0.0000000000
157989  -8.096  -98.009  -20.517 0.0000000000
157990  -8.392  -97.776  -20.952 0.0000000000
157991  -10.009  -95.830  -18.173 0.0000000000
157992  -9.776  -96.156  -18.731 0.0000000000
157993  -9.547  -96.467  -19.279 0.0000000000
157994  -10.300  -95.743  -19.663 0.0000000000
157995  -9.814  -96.256  -19.739 0.0000000000
157996  -9.321  -96.762  -19.818 0.0000000000
157997  -9.101  -97.039  -20.346 0.0000000000
157998  -8.887  -97.298  -20.864 0.0000000000
157999  -8.681  -97.537  -21.372 0.0000000000
158000  -8.963  -97.295  -21.778 0.0000000000
158001  -9.234  -97.050  -22.168 0.0000000000
158002  -9.494  -96.806  -22.541 0.0000000000
158003  -10.130  -96.131  -22.009 0.0000000000
158004  -9.928  -96.361  -22.461 0.0000000000
158005  -9.740  -96.564  -22.896 0.0000000000
158722  -4.802  -100.872  -22.587 0.0000000000
158723  -5.178  -100.585  -23.015 0.0000000000
158724  -5.554  -100.284  -23.427 0.0000000000
158725  -6.270  -99.717  -22.796 0.0000000000
158726  -6.096  -99.854  -23.310 0.0000000000
158727  -5.931  -99.969  -23.821 0.0000000000
158733  -8.473  -97.731  -24.419 0.0000000000
158734  -8.278  -97.963  -23.661 0.0000000000
158735  -8.591  -97.656  -23.978 0.0000000000
158736  -8.902  -97.341  -24.267 0.0000000000
158737  -9.305  -96.963  -24.122 0.0000000000
158738  -9.679  -96.600  -23.991 0.0000000000
