#!ascii label  , from subject fsaverage vox2ras=TkReg
701
303  19.816  -96.904  8.484 0.0000000000
304  12.333  -98.966  4.395 0.0000000000
783  13.266  -95.363  10.307 0.0000000000
784  9.347  -95.186  8.550 0.0000000000
785  8.059  -98.484  2.890 0.0000000000
786  5.276  -94.282  7.363 0.0000000000
1697  20.245  -92.882  14.454 0.0000000000
1698  16.955  -94.631  12.388 0.0000000000
1699  16.293  -98.487  6.361 0.0000000000
1703  6.417  -101.135  -2.684 0.0000000000
2703  9.919  -93.365  11.404 0.0000000000
2704  7.980  -93.058  10.663 0.0000000000
2705  7.327  -94.815  7.879 0.0000000000
3788  17.276  -92.643  15.370 0.0000000000
3789  15.523  -93.162  14.310 0.0000000000
3790  12.820  -97.213  7.349 0.0000000000
3791  14.766  -97.030  8.334 0.0000000000
3792  14.359  -98.857  5.337 0.0000000000
3793  15.913  -100.285  3.325 0.0000000000
3794  13.890  -100.572  2.337 0.0000000000
3796  11.768  -100.590  1.453 0.0000000000
3797  5.842  -97.935  2.358 0.0000000000
3798  7.289  -99.908  0.093 0.0000000000
3799  4.979  -99.236  -0.364 0.0000000000
3800  4.027  -100.324  -3.066 0.0000000000
5250  20.028  -94.903  11.494 0.0000000000
6017  13.700  -93.442  13.264 0.0000000000
6018  11.829  -93.500  12.281 0.0000000000
6019  11.328  -95.376  9.369 0.0000000000
6020  10.807  -97.163  6.464 0.0000000000
6021  10.229  -98.834  3.571 0.0000000000
6022  8.738  -96.900  5.711 0.0000000000
6023  6.623  -96.449  5.108 0.0000000000
7800  18.935  -91.872  16.402 0.0000000000
7801  18.660  -93.884  13.447 0.0000000000
7802  18.393  -95.878  10.453 0.0000000000
7803  15.149  -95.123  11.326 0.0000000000
7804  16.632  -96.589  9.383 0.0000000000
7805  18.121  -97.839  7.426 0.0000000000
7813  9.562  -100.364  0.700 0.0000000000
10384  7.335  -91.946  11.729 0.0000000000
10385  7.001  -92.846  10.349 0.0000000000
11468  15.710  -92.168  15.792 0.0000000000
11469  14.818  -92.343  15.263 0.0000000000
11470  12.585  -98.104  5.871 0.0000000000
11471  13.587  -98.060  6.343 0.0000000000
11472  13.357  -98.943  4.854 0.0000000000
11473  14.134  -99.731  3.837 0.0000000000
11474  13.109  -99.795  3.365 0.0000000000
11475  12.840  -100.613  1.880 0.0000000000
11476  12.062  -99.795  2.921 0.0000000000
11477  4.723  -97.589  2.152 0.0000000000
11478  5.421  -98.611  0.994 0.0000000000
11479  4.281  -98.233  0.806 0.0000000000
12930  19.922  -95.908  9.995 0.0000000000
12931  20.699  -95.329  10.499 0.0000000000
12932  20.607  -96.333  8.995 0.0000000000
13868  12.073  -92.539  13.740 0.0000000000
13869  11.139  -92.504  13.273 0.0000000000
13870  9.636  -94.287  9.976 0.0000000000
13871  10.612  -94.391  10.384 0.0000000000
13872  10.342  -95.305  8.943 0.0000000000
13873  11.071  -96.282  7.915 0.0000000000
13874  10.066  -96.195  7.504 0.0000000000
13875  9.779  -97.057  6.070 0.0000000000
13876  9.050  -96.058  7.129 0.0000000000
13877  6.305  -94.568  7.601 0.0000000000
13878  6.983  -95.649  6.491 0.0000000000
13879  5.937  -95.381  6.231 0.0000000000
13880  5.552  -96.158  4.864 0.0000000000
13881  4.885  -95.073  6.010 0.0000000000
17124  18.270  -91.277  17.366 0.0000000000
17125  17.115  -93.641  13.883 0.0000000000
17126  17.969  -93.292  14.411 0.0000000000
17127  17.822  -94.289  12.921 0.0000000000
17128  18.527  -94.883  11.954 0.0000000000
17129  17.675  -95.281  11.423 0.0000000000
17130  13.485  -94.410  11.786 0.0000000000
17131  14.418  -94.309  12.297 0.0000000000
17132  14.215  -95.274  10.808 0.0000000000
17133  15.528  -97.785  7.349 0.0000000000
17134  15.711  -96.843  8.853 0.0000000000
17135  16.466  -97.549  7.874 0.0000000000
17136  17.377  -97.243  8.408 0.0000000000
17137  17.222  -98.199  6.891 0.0000000000
17138  17.976  -98.789  5.900 0.0000000000
17139  17.059  -99.131  5.368 0.0000000000
17140  15.695  -101.137  1.805 0.0000000000
17147  12.224  -102.138  -1.078 0.0000000000
17152  9.151  -98.685  3.212 0.0000000000
17153  9.908  -99.618  2.132 0.0000000000
17154  8.804  -99.445  1.792 0.0000000000
17155  6.866  -100.549  -1.297 0.0000000000
17156  8.034  -100.838  -1.031 0.0000000000
17157  7.607  -101.459  -2.436 0.0000000000
17159  7.152  -102.025  -3.837 0.0000000000
17161  5.943  -101.666  -4.066 0.0000000000
17163  3.518  -100.784  -4.408 0.0000000000
23298  9.249  -92.303  12.431 0.0000000000
23299  8.953  -93.232  11.015 0.0000000000
23300  8.651  -94.139  9.604 0.0000000000
23301  8.342  -95.022  8.195 0.0000000000
23302  7.658  -93.950  9.269 0.0000000000
23303  6.658  -93.722  8.973 0.0000000000
23304  5.652  -93.456  8.718 0.0000000000
25250  17.439  -91.637  16.849 0.0000000000
25251  16.585  -91.933  16.323 0.0000000000
25252  16.410  -92.934  14.841 0.0000000000
25253  16.237  -93.926  13.351 0.0000000000
25254  13.045  -96.299  8.828 0.0000000000
25255  14.011  -96.222  9.320 0.0000000000
25256  13.802  -97.152  7.831 0.0000000000
25257  14.568  -97.955  6.837 0.0000000000
25258  15.338  -98.706  5.841 0.0000000000
25259  16.111  -99.401  4.844 0.0000000000
25260  15.136  -99.600  4.332 0.0000000000
25261  14.915  -100.464  2.821 0.0000000000
25262  14.672  -101.293  1.311 0.0000000000
25264  13.622  -101.378  0.841 0.0000000000
25265  12.546  -101.395  0.399 0.0000000000
25266  11.448  -101.347  -0.011 0.0000000000
25267  6.955  -98.233  2.604 0.0000000000
25268  7.686  -99.218  1.488 0.0000000000
25269  6.557  -98.940  1.221 0.0000000000
25270  6.136  -99.598  -0.155 0.0000000000
25271  5.692  -100.205  -1.527 0.0000000000
25272  5.223  -100.756  -2.894 0.0000000000
25273  4.514  -99.808  -1.718 0.0000000000
25274  3.336  -99.360  -1.868 0.0000000000
27882  20.134  -93.894  12.980 0.0000000000
29399  13.913  -92.461  14.740 0.0000000000
29400  12.997  -92.526  14.230 0.0000000000
29401  12.770  -93.497  12.762 0.0000000000
29402  12.538  -94.455  11.294 0.0000000000
29403  10.878  -93.456  11.827 0.0000000000
29404  11.580  -94.447  10.825 0.0000000000
29405  12.303  -95.396  9.826 0.0000000000
29406  12.065  -96.318  8.358 0.0000000000
29407  11.821  -97.216  6.892 0.0000000000
29408  11.564  -98.088  5.428 0.0000000000
29409  11.290  -98.928  3.966 0.0000000000
29410  10.528  -98.015  5.016 0.0000000000
29411  9.475  -97.888  4.639 0.0000000000
29412  8.409  -97.710  4.298 0.0000000000
29413  8.021  -95.875  6.791 0.0000000000
29414  7.685  -96.697  5.390 0.0000000000
29415  7.330  -97.484  3.994 0.0000000000
29416  6.242  -97.212  3.729 0.0000000000
29417  5.147  -96.895  3.505 0.0000000000
31446  19.706  -97.883  6.962 0.0000000000
31447  20.513  -97.323  7.480 0.0000000000
33788  19.594  -92.406  15.432 0.0000000000
33789  18.118  -92.289  15.892 0.0000000000
33790  18.796  -92.881  14.929 0.0000000000
33791  19.468  -93.415  13.959 0.0000000000
33792  19.347  -94.420  12.475 0.0000000000
33793  19.228  -95.423  10.980 0.0000000000
33794  19.108  -96.421  9.475 0.0000000000
33795  14.618  -93.331  13.782 0.0000000000
33796  15.336  -94.148  12.821 0.0000000000
33797  16.063  -94.909  11.855 0.0000000000
33798  14.959  -96.085  9.830 0.0000000000
33799  15.888  -95.882  10.355 0.0000000000
33800  16.794  -95.614  10.887 0.0000000000
33801  17.527  -96.267  9.918 0.0000000000
33802  18.259  -96.866  8.944 0.0000000000
33803  18.986  -97.407  7.959 0.0000000000
33804  18.860  -98.373  6.434 0.0000000000
33823  10.994  -99.735  2.509 0.0000000000
33824  10.675  -100.506  1.059 0.0000000000
33825  10.329  -101.239  -0.387 0.0000000000
33826  8.433  -100.165  0.378 0.0000000000
33827  9.190  -101.069  -0.727 0.0000000000
33828  9.953  -101.927  -1.829 0.0000000000
39136  21.277  -96.692  7.981 0.0000000000
42189  14.470  -91.914  15.739 0.0000000000
42190  12.461  -98.538  5.133 0.0000000000
42191  12.970  -98.529  5.362 0.0000000000
42192  12.847  -98.962  4.621 0.0000000000
42193  13.235  -99.373  4.109 0.0000000000
42194  12.720  -99.387  3.879 0.0000000000
42195  12.588  -99.803  3.139 0.0000000000
42196  12.200  -99.385  3.657 0.0000000000
42200  3.709  -98.026  0.728 0.0000000000
43650  19.869  -96.408  9.241 0.0000000000
43651  20.266  -96.128  9.497 0.0000000000
43652  20.216  -96.627  8.742 0.0000000000
44590  9.492  -94.739  9.263 0.0000000000
44591  9.986  -94.801  9.458 0.0000000000
44592  9.846  -95.251  8.742 0.0000000000
44593  10.205  -95.753  8.223 0.0000000000
44594  9.704  -95.695  8.026 0.0000000000
44595  9.559  -96.132  7.312 0.0000000000
44596  9.199  -95.626  7.839 0.0000000000
44597  5.791  -94.430  7.477 0.0000000000
44598  6.123  -94.979  6.916 0.0000000000
44599  5.603  -94.836  6.796 0.0000000000
44600  5.412  -95.232  6.115 0.0000000000
44601  5.082  -94.683  6.686 0.0000000000
47845  17.035  -94.137  13.137 0.0000000000
47846  17.469  -93.972  13.403 0.0000000000
47847  17.392  -94.468  12.655 0.0000000000
47848  17.748  -94.786  12.173 0.0000000000
47849  17.315  -94.963  11.906 0.0000000000
47850  13.376  -94.889  11.046 0.0000000000
47851  13.848  -94.848  11.297 0.0000000000
47852  13.743  -95.326  10.555 0.0000000000
47853  15.910  -98.143  6.855 0.0000000000
47854  16.000  -97.676  7.610 0.0000000000
47855  16.380  -98.021  7.118 0.0000000000
47856  16.844  -97.881  7.383 0.0000000000
47857  16.761  -98.352  6.625 0.0000000000
47858  17.142  -98.668  6.130 0.0000000000
47859  16.676  -98.817  5.865 0.0000000000
47872  8.606  -98.590  3.046 0.0000000000
47873  8.981  -99.070  2.501 0.0000000000
47874  8.430  -98.969  2.340 0.0000000000
47875  6.645  -100.849  -1.991 0.0000000000
47876  7.235  -101.009  -1.867 0.0000000000
47877  7.013  -101.304  -2.565 0.0000000000
47878  7.383  -101.749  -3.138 0.0000000000
47879  6.784  -101.586  -3.261 0.0000000000
47880  6.548  -101.853  -3.956 0.0000000000
47881  6.183  -101.408  -3.376 0.0000000000
52232  20.622  -92.591  14.694 0.0000000000
54190  8.138  -92.603  11.361 0.0000000000
54191  8.621  -92.691  11.537 0.0000000000
54192  8.467  -93.150  10.834 0.0000000000
54193  8.803  -93.689  10.309 0.0000000000
54194  8.312  -93.603  10.132 0.0000000000
54195  8.155  -94.050  9.431 0.0000000000
54196  7.820  -93.507  9.966 0.0000000000
54198  6.831  -93.287  9.661 0.0000000000
54199  6.334  -93.163  9.523 0.0000000000
54200  6.156  -93.593  8.841 0.0000000000
54201  5.835  -93.031  9.396 0.0000000000
57443  16.673  -91.430  17.062 0.0000000000
57444  16.241  -91.556  16.797 0.0000000000
57445  15.616  -92.666  15.052 0.0000000000
57446  16.059  -92.558  15.317 0.0000000000
57447  15.969  -93.056  14.575 0.0000000000
57448  16.323  -93.431  14.097 0.0000000000
57449  15.879  -93.551  13.831 0.0000000000
57450  12.934  -96.759  8.089 0.0000000000
57451  13.422  -96.732  8.330 0.0000000000
57452  13.314  -97.190  7.588 0.0000000000
57453  13.972  -98.465  5.840 0.0000000000
57454  14.080  -98.015  6.587 0.0000000000
57455  14.465  -98.409  6.087 0.0000000000
57456  14.953  -98.337  6.339 0.0000000000
57457  14.852  -98.789  5.587 0.0000000000
57458  15.239  -99.156  5.087 0.0000000000
57459  14.747  -99.235  4.835 0.0000000000
57460  14.015  -100.156  3.087 0.0000000000
57461  14.524  -100.104  3.329 0.0000000000
57462  14.405  -100.527  2.576 0.0000000000
57463  14.796  -100.883  2.066 0.0000000000
57464  14.281  -100.940  1.824 0.0000000000
57465  14.150  -101.345  1.073 0.0000000000
57466  13.759  -100.980  1.588 0.0000000000
57467  12.307  -100.609  1.662 0.0000000000
57468  12.697  -101.009  1.139 0.0000000000
57469  12.157  -100.999  0.926 0.0000000000
57470  12.000  -101.379  0.190 0.0000000000
57471  11.611  -100.973  0.720 0.0000000000
57472  6.399  -98.090  2.476 0.0000000000
57473  6.759  -98.592  1.912 0.0000000000
57474  6.197  -98.442  1.788 0.0000000000
57475  5.203  -98.930  0.314 0.0000000000
57476  5.777  -99.109  0.418 0.0000000000
57477  5.558  -99.424  -0.265 0.0000000000
57478  5.917  -99.908  -0.841 0.0000000000
57479  5.334  -99.725  -0.946 0.0000000000
57480  5.103  -100.013  -1.627 0.0000000000
57481  4.749  -99.529  -1.042 0.0000000000
57482  3.238  -98.600  -0.603 0.0000000000
57483  3.580  -99.099  -1.202 0.0000000000
57484  2.995  -98.866  -1.267 0.0000000000
61830  20.081  -94.399  12.239 0.0000000000
61832  20.415  -94.618  11.744 0.0000000000
61833  21.030  -95.519  9.995 0.0000000000
61834  21.073  -95.014  10.743 0.0000000000
61835  21.396  -95.190  10.236 0.0000000000
64645  11.951  -93.021  13.010 0.0000000000
64646  12.419  -93.023  13.250 0.0000000000
64647  12.301  -93.505  12.519 0.0000000000
64648  12.655  -93.978  12.028 0.0000000000
64649  12.181  -93.983  11.787 0.0000000000
64650  10.059  -92.897  12.119 0.0000000000
64651  10.535  -92.945  12.331 0.0000000000
64652  10.400  -93.416  11.611 0.0000000000
64653  10.967  -94.888  9.876 0.0000000000
64654  11.097  -94.425  10.601 0.0000000000
64655  11.454  -94.914  10.097 0.0000000000
64656  11.939  -94.927  10.325 0.0000000000
64657  11.817  -95.392  9.594 0.0000000000
64658  12.185  -95.860  9.092 0.0000000000
64659  11.694  -95.852  8.864 0.0000000000
64660  10.941  -96.726  7.189 0.0000000000
64661  11.444  -96.755  7.403 0.0000000000
64662  11.316  -97.196  6.674 0.0000000000
64663  11.695  -97.655  6.159 0.0000000000
64664  11.184  -97.631  5.945 0.0000000000
64665  11.048  -98.058  5.217 0.0000000000
64666  10.670  -97.593  5.739 0.0000000000
64667  9.261  -96.985  5.886 0.0000000000
64668  9.630  -97.476  5.354 0.0000000000
64669  9.105  -97.399  5.174 0.0000000000
64670  8.944  -97.805  4.464 0.0000000000
64671  8.576  -97.309  5.004 0.0000000000
64672  7.835  -94.924  8.032 0.0000000000
64673  8.183  -95.453  7.493 0.0000000000
64674  7.671  -95.350  7.334 0.0000000000
64675  6.805  -96.053  5.799 0.0000000000
64676  7.332  -96.177  5.940 0.0000000000
64677  7.155  -96.578  5.244 0.0000000000
64678  7.510  -97.095  4.692 0.0000000000
64679  6.974  -96.971  4.550 0.0000000000
64680  6.787  -97.354  3.857 0.0000000000
64681  6.435  -96.835  4.418 0.0000000000
64682  5.014  -95.996  4.758 0.0000000000
64683  5.352  -96.532  4.183 0.0000000000
74410  19.006  -91.364  17.136 0.0000000000
74412  19.333  -91.639  16.652 0.0000000000
74413  19.659  -91.899  16.165 0.0000000000
74414  19.265  -92.146  15.918 0.0000000000
74415  17.357  -92.140  16.110 0.0000000000
74416  17.779  -91.970  16.371 0.0000000000
74417  17.700  -92.473  15.632 0.0000000000
74418  18.315  -93.595  13.930 0.0000000000
74419  18.386  -93.094  14.672 0.0000000000
74420  18.727  -93.383  14.189 0.0000000000
74421  19.133  -93.155  14.445 0.0000000000
74422  19.068  -93.657  13.705 0.0000000000
74423  19.407  -93.918  13.219 0.0000000000
74424  19.004  -94.159  12.962 0.0000000000
74425  18.460  -95.381  11.204 0.0000000000
74426  18.878  -95.160  11.468 0.0000000000
74427  18.815  -95.659  10.718 0.0000000000
74428  19.168  -95.923  10.229 0.0000000000
74429  18.751  -96.157  9.965 0.0000000000
74430  13.807  -92.953  14.002 0.0000000000
74431  14.264  -92.903  14.261 0.0000000000
74432  14.161  -93.393  13.521 0.0000000000
74433  14.782  -94.723  11.812 0.0000000000
74434  14.879  -94.236  12.557 0.0000000000
74435  15.243  -94.637  12.074 0.0000000000
74436  15.699  -94.536  12.338 0.0000000000
74437  15.608  -95.024  11.590 0.0000000000
74438  14.387  -96.633  8.827 0.0000000000
74439  14.487  -96.161  9.573 0.0000000000
74440  14.863  -96.560  9.082 0.0000000000
74441  16.175  -96.724  9.117 0.0000000000
74442  15.800  -96.365  9.604 0.0000000000
74443  16.260  -96.242  9.869 0.0000000000
74444  16.344  -95.757  10.620 0.0000000000
74445  16.714  -96.103  10.135 0.0000000000
74446  17.161  -95.947  10.403 0.0000000000
74447  17.083  -96.437  9.650 0.0000000000
74448  17.749  -97.548  7.918 0.0000000000
74449  17.822  -97.063  8.676 0.0000000000
74450  18.190  -97.355  8.186 0.0000000000
74451  18.623  -97.144  8.453 0.0000000000
74452  18.558  -97.632  7.693 0.0000000000
74453  18.924  -97.893  7.197 0.0000000000
74454  18.491  -98.114  6.931 0.0000000000
74455  17.900  -99.253  5.136 0.0000000000
74460  16.014  -99.847  4.085 0.0000000000
74461  16.497  -99.726  4.344 0.0000000000
74462  16.402  -100.169  3.583 0.0000000000
74497  10.761  -98.888  3.764 0.0000000000
74498  11.145  -99.336  3.237 0.0000000000
74499  10.610  -99.290  3.039 0.0000000000
74500  9.738  -99.996  1.415 0.0000000000
74501  10.290  -100.067  1.595 0.0000000000
74502  10.121  -100.442  0.875 0.0000000000
74503  10.505  -100.877  0.335 0.0000000000
74504  9.945  -100.807  0.156 0.0000000000
74505  7.491  -99.569  0.789 0.0000000000
74506  8.058  -99.696  0.932 0.0000000000
74507  7.862  -100.043  0.231 0.0000000000
74508  8.410  -101.287  -1.591 0.0000000000
74509  8.614  -100.961  -0.884 0.0000000000
74510  8.992  -101.403  -1.439 0.0000000000
74511  9.571  -101.504  -1.278 0.0000000000
74512  9.372  -101.834  -1.994 0.0000000000
74527  4.625  -100.547  -2.985 0.0000000000
74528  4.980  -101.012  -3.576 0.0000000000
74529  4.378  -100.793  -3.662 0.0000000000
87594  20.900  -97.016  7.733 0.0000000000
92419  7.816  -92.049  11.890 0.0000000000
92420  7.654  -92.506  11.195 0.0000000000
92421  7.491  -92.957  10.501 0.0000000000
92422  7.169  -92.399  11.038 0.0000000000
94372  15.266  -92.263  15.527 0.0000000000
94373  15.169  -92.759  14.787 0.0000000000
94374  12.704  -97.662  6.610 0.0000000000
94375  13.202  -97.643  6.846 0.0000000000
94376  13.088  -98.089  6.104 0.0000000000
94377  13.474  -98.505  5.598 0.0000000000
94378  13.861  -98.908  5.093 0.0000000000
94379  14.249  -99.297  4.587 0.0000000000
94380  13.745  -99.343  4.345 0.0000000000
94381  13.625  -99.771  3.598 0.0000000000
94382  13.499  -100.191  2.851 0.0000000000
94383  13.368  -100.601  2.105 0.0000000000
94384  12.977  -100.209  2.622 0.0000000000
94385  12.450  -100.211  2.400 0.0000000000
94386  11.918  -100.197  2.186 0.0000000000
94387  5.283  -97.767  2.250 0.0000000000
94388  5.634  -98.279  1.675 0.0000000000
94389  5.070  -98.104  1.571 0.0000000000
94390  4.851  -98.428  0.895 0.0000000000
94391  4.628  -98.739  0.219 0.0000000000
94392  4.399  -99.036  -0.454 0.0000000000
94393  4.052  -98.535  0.135 0.0000000000
94394  3.476  -98.320  0.061 0.0000000000
97002  19.975  -95.406  10.746 0.0000000000
97003  20.365  -95.123  10.998 0.0000000000
97004  20.316  -95.626  10.250 0.0000000000
97005  20.653  -95.832  9.749 0.0000000000
97006  20.987  -96.021  9.244 0.0000000000
98692  11.607  -92.527  13.503 0.0000000000
98693  11.481  -93.007  12.777 0.0000000000
98694  9.778  -93.829  10.689 0.0000000000
98695  10.263  -93.883  10.893 0.0000000000
98696  10.125  -94.344  10.175 0.0000000000
98697  10.478  -94.850  9.663 0.0000000000
98698  10.836  -95.346  9.152 0.0000000000
98699  11.200  -95.832  8.642 0.0000000000
98700  10.704  -95.799  8.428 0.0000000000
98701  10.570  -96.245  7.705 0.0000000000
98702  10.434  -96.684  6.983 0.0000000000
98703  10.295  -97.116  6.262 0.0000000000
98704  9.925  -96.629  6.786 0.0000000000
98705  9.412  -96.562  6.598 0.0000000000
98706  8.896  -96.483  6.420 0.0000000000
98707  6.817  -94.696  7.735 0.0000000000
98708  7.157  -95.236  7.185 0.0000000000
98709  6.641  -95.113  7.045 0.0000000000
98710  6.461  -95.520  6.356 0.0000000000
98711  6.277  -95.919  5.668 0.0000000000
98712  6.088  -96.309  4.981 0.0000000000
98713  5.747  -95.774  5.547 0.0000000000
98714  5.216  -95.619  5.436 0.0000000000
104552  18.603  -91.582  16.885 0.0000000000
104553  17.196  -93.143  14.628 0.0000000000
104554  17.623  -92.975  14.891 0.0000000000
104555  17.546  -93.474  14.148 0.0000000000
104556  17.895  -93.791  13.667 0.0000000000
104557  18.245  -94.094  13.185 0.0000000000
104558  18.593  -94.384  12.701 0.0000000000
104559  18.175  -94.593  12.438 0.0000000000
104560  18.104  -95.090  11.689 0.0000000000
104561  18.034  -95.586  10.938 0.0000000000
104562  13.593  -93.927  12.525 0.0000000000
104563  14.057  -93.882  12.780 0.0000000000
104564  13.953  -94.367  12.039 0.0000000000
104565  14.317  -94.793  11.553 0.0000000000
104566  14.684  -95.206  11.066 0.0000000000
104567  15.147  -97.414  7.841 0.0000000000
104568  15.241  -96.945  8.592 0.0000000000
104569  15.620  -97.317  8.101 0.0000000000
104570  16.088  -97.202  8.364 0.0000000000
104571  16.550  -97.071  8.629 0.0000000000
104572  17.005  -96.923  8.896 0.0000000000
104573  16.925  -97.404  8.140 0.0000000000
104574  17.300  -97.723  7.650 0.0000000000
104575  17.675  -98.028  7.158 0.0000000000
104576  18.049  -98.317  6.664 0.0000000000
104577  17.599  -98.502  6.397 0.0000000000
104578  17.521  -98.969  5.634 0.0000000000
104579  17.440  -99.429  4.870 0.0000000000
104580  15.807  -100.715  2.565 0.0000000000
104581  16.302  -100.604  2.821 0.0000000000
104582  16.196  -101.031  2.059 0.0000000000
104602  9.692  -98.766  3.387 0.0000000000
104603  10.071  -99.230  2.851 0.0000000000
104604  9.528  -99.157  2.671 0.0000000000
104605  9.358  -99.538  1.958 0.0000000000
104606  9.182  -99.910  1.245 0.0000000000
104607  7.081  -100.235  -0.603 0.0000000000
104608  7.660  -100.378  -0.469 0.0000000000
104609  7.451  -100.700  -1.169 0.0000000000
104610  7.824  -101.155  -1.734 0.0000000000
104611  8.198  -101.599  -2.298 0.0000000000
104620  3.430  -100.089  -3.136 0.0000000000
104621  3.775  -100.561  -3.737 0.0000000000
115802  9.581  -92.838  11.916 0.0000000000
115804  9.102  -92.770  11.722 0.0000000000
115805  9.437  -93.304  11.205 0.0000000000
115806  9.291  -93.764  10.495 0.0000000000
115807  9.144  -94.218  9.785 0.0000000000
115808  8.996  -94.667  9.076 0.0000000000
115809  8.845  -95.109  8.368 0.0000000000
115810  8.497  -94.584  8.899 0.0000000000
115811  7.997  -94.490  8.731 0.0000000000
115812  7.494  -94.386  8.573 0.0000000000
115813  7.326  -93.402  9.808 0.0000000000
115814  7.159  -93.841  9.116 0.0000000000
115815  6.989  -94.272  8.425 0.0000000000
115816  6.483  -94.149  8.287 0.0000000000
115817  5.975  -94.016  8.159 0.0000000000
115818  5.466  -93.873  8.040 0.0000000000
120356  17.521  -91.131  17.586 0.0000000000
120357  17.099  -91.288  17.325 0.0000000000
120358  17.014  -91.792  16.587 0.0000000000
120359  16.930  -92.295  15.847 0.0000000000
120360  16.150  -92.058  16.058 0.0000000000
120361  16.497  -92.434  15.583 0.0000000000
120362  16.846  -92.796  15.106 0.0000000000
120363  16.762  -93.295  14.363 0.0000000000
120364  16.679  -93.791  13.618 0.0000000000
120365  16.595  -94.285  12.870 0.0000000000
120366  13.156  -95.833  9.568 0.0000000000
120367  13.637  -95.799  9.814 0.0000000000
120368  13.530  -96.268  9.072 0.0000000000
120369  13.907  -96.690  8.576 0.0000000000
120370  14.287  -97.099  8.080 0.0000000000
120371  13.696  -97.609  7.087 0.0000000000
120372  14.184  -97.560  7.334 0.0000000000
120373  14.668  -97.495  7.585 0.0000000000
120374  15.051  -97.878  7.091 0.0000000000
120375  15.434  -98.249  6.595 0.0000000000
120376  15.819  -98.605  6.100 0.0000000000
120377  16.203  -98.947  5.603 0.0000000000
120378  15.724  -99.061  5.343 0.0000000000
120379  15.626  -99.509  4.586 0.0000000000
120380  15.524  -99.950  3.829 0.0000000000
120381  14.638  -99.674  4.082 0.0000000000
120382  15.028  -100.036  3.576 0.0000000000
120383  15.417  -100.383  3.071 0.0000000000
120384  15.305  -100.808  2.313 0.0000000000
120385  15.187  -101.224  1.556 0.0000000000
120386  15.062  -101.631  0.798 0.0000000000
120388  14.541  -101.694  0.557 0.0000000000
120389  14.013  -101.740  0.322 0.0000000000
120390  13.478  -101.767  0.094 0.0000000000
120391  13.231  -101.003  1.360 0.0000000000
120392  13.087  -101.395  0.616 0.0000000000
120393  12.936  -101.778  -0.127 0.0000000000
120394  12.389  -101.772  -0.340 0.0000000000
120395  11.836  -101.749  -0.545 0.0000000000
120396  11.277  -101.712  -0.741 0.0000000000
120397  7.508  -98.364  2.742 0.0000000000
120398  7.875  -98.856  2.188 0.0000000000
120399  7.318  -98.730  2.045 0.0000000000
120400  7.123  -99.085  1.350 0.0000000000
120401  6.921  -99.429  0.656 0.0000000000
120402  5.990  -98.782  1.102 0.0000000000
120403  6.350  -99.275  0.532 0.0000000000
120404  6.713  -99.760  -0.036 0.0000000000
120405  6.500  -100.078  -0.727 0.0000000000
120406  6.280  -100.383  -1.417 0.0000000000
120407  6.053  -100.675  -2.106 0.0000000000
120408  5.821  -100.953  -2.794 0.0000000000
120409  5.461  -100.487  -2.211 0.0000000000
120410  4.867  -100.287  -2.307 0.0000000000
120411  4.273  -100.073  -2.392 0.0000000000
120412  4.164  -99.320  -1.127 0.0000000000
120413  3.925  -99.590  -1.798 0.0000000000
120414  3.680  -99.846  -2.468 0.0000000000
126498  20.189  -93.389  13.719 0.0000000000
126499  20.568  -93.099  13.961 0.0000000000
126503  20.745  -94.824  11.245 0.0000000000
130267  13.456  -92.500  14.483 0.0000000000
130268  13.347  -92.989  13.747 0.0000000000
130269  12.536  -92.538  13.982 0.0000000000
130270  12.884  -93.013  13.496 0.0000000000
130271  13.236  -93.476  13.010 0.0000000000
130272  13.125  -93.959  12.274 0.0000000000
130273  13.013  -94.439  11.537 0.0000000000
130274  12.900  -94.915  10.800 0.0000000000
130275  10.669  -92.469  13.051 0.0000000000
130276  11.009  -92.981  12.550 0.0000000000
130277  11.355  -93.484  12.051 0.0000000000
130278  10.746  -93.925  11.105 0.0000000000
130279  11.227  -93.957  11.325 0.0000000000
130280  11.705  -93.976  11.553 0.0000000000
130281  12.061  -94.457  11.056 0.0000000000
130282  12.421  -94.928  10.560 0.0000000000
130283  12.786  -95.386  10.064 0.0000000000
130284  12.672  -95.853  9.327 0.0000000000
130285  12.557  -96.315  8.590 0.0000000000
130286  12.441  -96.771  7.854 0.0000000000
130287  11.570  -96.307  8.133 0.0000000000
130288  11.944  -96.770  7.625 0.0000000000
130289  12.323  -97.222  7.117 0.0000000000
130290  12.202  -97.666  6.381 0.0000000000
130291  12.077  -98.103  5.646 0.0000000000
130292  11.947  -98.533  4.911 0.0000000000
130293  11.814  -98.954  4.176 0.0000000000
130294  11.429  -98.512  4.696 0.0000000000
130295  10.907  -98.477  4.490 0.0000000000
130296  10.381  -98.428  4.293 0.0000000000
130297  10.152  -97.541  5.542 0.0000000000
130298  10.004  -97.958  4.823 0.0000000000
130299  9.850  -98.366  4.104 0.0000000000
130300  9.316  -98.290  3.925 0.0000000000
130301  8.778  -98.202  3.754 0.0000000000
130302  8.236  -98.101  3.593 0.0000000000
130303  8.693  -95.545  7.661 0.0000000000
130304  8.537  -95.972  6.955 0.0000000000
130305  8.377  -96.392  6.250 0.0000000000
130306  7.504  -95.768  6.636 0.0000000000
130307  7.856  -96.290  6.090 0.0000000000
130308  8.213  -96.804  5.546 0.0000000000
130309  8.045  -97.208  4.843 0.0000000000
130310  7.871  -97.603  4.141 0.0000000000
130311  7.692  -97.988  3.441 0.0000000000
130312  7.145  -97.863  3.298 0.0000000000
130313  6.596  -97.727  3.166 0.0000000000
130314  6.045  -97.579  3.043 0.0000000000
130315  5.895  -96.689  4.295 0.0000000000
130316  5.696  -97.059  3.612 0.0000000000
130317  5.492  -97.419  2.930 0.0000000000
130318  4.938  -97.248  2.828 0.0000000000
135822  19.761  -97.397  7.725 0.0000000000
135823  20.166  -97.122  7.984 0.0000000000
135824  20.114  -97.612  7.223 0.0000000000
142472  19.921  -92.651  14.945 0.0000000000
142473  17.857  -91.465  17.109 0.0000000000
142474  18.194  -91.784  16.630 0.0000000000
142475  18.530  -92.088  16.149 0.0000000000
142476  18.043  -92.791  15.153 0.0000000000
142477  18.457  -92.592  15.411 0.0000000000
142478  18.865  -92.377  15.667 0.0000000000
142479  19.198  -92.651  15.183 0.0000000000
142480  19.530  -92.911  14.697 0.0000000000
142481  19.861  -93.157  14.209 0.0000000000
142482  19.802  -93.661  13.471 0.0000000000
142483  19.745  -94.165  12.730 0.0000000000
142484  19.689  -94.668  11.986 0.0000000000
142485  18.941  -94.659  12.216 0.0000000000
142486  19.287  -94.922  11.729 0.0000000000
142487  19.632  -95.171  11.239 0.0000000000
142488  19.576  -95.673  10.490 0.0000000000
142489  19.520  -96.173  9.737 0.0000000000
142490  19.463  -96.671  8.982 0.0000000000
142491  14.367  -92.409  15.000 0.0000000000
142492  14.718  -92.838  14.523 0.0000000000
142493  15.073  -93.254  14.045 0.0000000000
142494  14.518  -93.821  13.040 0.0000000000
142495  14.976  -93.747  13.302 0.0000000000
142496  15.430  -93.657  13.566 0.0000000000
142497  15.789  -94.045  13.086 0.0000000000
142498  16.150  -94.418  12.604 0.0000000000
142499  16.512  -94.778  12.121 0.0000000000
142500  14.113  -95.750  10.064 0.0000000000
142501  14.586  -95.686  10.319 0.0000000000
142502  15.054  -95.606  10.578 0.0000000000
142503  15.334  -96.470  9.341 0.0000000000
142504  15.427  -95.992  10.091 0.0000000000
142505  15.518  -95.509  10.840 0.0000000000
142506  15.976  -95.397  11.105 0.0000000000
142507  16.428  -95.268  11.371 0.0000000000
142508  16.875  -95.124  11.638 0.0000000000
142509  17.238  -95.456  11.155 0.0000000000
142510  17.601  -95.775  10.671 0.0000000000
142511  17.964  -96.081  10.186 0.0000000000
142512  17.453  -96.757  9.164 0.0000000000
142513  17.893  -96.574  9.432 0.0000000000
142514  18.326  -96.374  9.700 0.0000000000
142515  18.687  -96.652  9.211 0.0000000000
142516  19.047  -96.916  8.719 0.0000000000
142517  19.405  -97.165  8.223 0.0000000000
142518  19.347  -97.654  7.462 0.0000000000
142519  19.288  -98.137  6.699 0.0000000000
142521  18.422  -98.590  6.167 0.0000000000
142522  18.793  -98.846  5.668 0.0000000000
142527  16.588  -99.275  5.105 0.0000000000
142528  16.973  -99.586  4.606 0.0000000000
142530  16.788  -100.475  3.081 0.0000000000
142573  11.675  -99.368  3.443 0.0000000000
142574  11.530  -99.773  2.711 0.0000000000
142575  11.380  -100.168  1.980 0.0000000000
142576  10.453  -99.683  2.316 0.0000000000
142577  10.838  -100.125  1.783 0.0000000000
142578  11.224  -100.555  1.251 0.0000000000
142579  11.061  -100.933  0.523 0.0000000000
142580  10.891  -101.301  -0.203 0.0000000000
142581  10.714  -101.658  -0.929 0.0000000000
142582  8.247  -99.338  1.635 0.0000000000
142583  8.622  -99.810  1.084 0.0000000000
142584  9.000  -100.272  0.535 0.0000000000
142585  8.237  -100.507  -0.327 0.0000000000
142586  8.810  -100.622  -0.175 0.0000000000
142587  9.380  -100.722  -0.014 0.0000000000
142588  9.761  -101.161  -0.562 0.0000000000
142589  10.145  -101.589  -1.108 0.0000000000
142609  5.582  -101.217  -3.481 0.0000000000
142610  5.337  -101.466  -4.166 0.0000000000
157772  5.335  -92.890  9.279 0.0000000000
157773  5.147  -93.310  8.605 0.0000000000
157774  4.955  -93.723  7.931 0.0000000000
157783  4.759  -94.126  7.259 0.0000000000
158344  20.938  -92.793  14.197 0.0000000000
158362  20.560  -96.830  8.239 0.0000000000
158363  20.944  -96.521  8.490 0.0000000000
158364  21.317  -96.195  8.736 0.0000000000
158367  21.679  -95.852  8.976 0.0000000000
