#!ascii label  , from subject fsaverage vox2ras=TkReg
232
189  20.487  -68.317  49.769 0.0000000000
669  18.324  -66.192  52.860 0.0000000000
672  18.465  -62.633  56.607 0.0000000000
673  20.922  -64.326  54.177 0.0000000000
2592  17.359  -63.587  55.713 0.0000000000
2593  18.493  -64.462  54.799 0.0000000000
3449  21.535  -69.311  47.977 0.0000000000
3460  20.768  -66.351  52.034 0.0000000000
3462  21.854  -67.250  50.326 0.0000000000
5813  19.404  -67.270  51.407 0.0000000000
5818  19.641  -61.457  57.428 0.0000000000
5820  19.719  -63.476  55.540 0.0000000000
5821  19.638  -65.410  53.543 0.0000000000
8940  17.154  -61.841  57.312 0.0000000000
10270  16.708  -65.298  53.754 0.0000000000
10272  16.866  -63.964  55.274 0.0000000000
10273  17.370  -64.375  54.909 0.0000000000
11129  21.017  -68.822  48.891 0.0000000000
11140  20.643  -67.341  50.917 0.0000000000
11141  21.317  -66.807  51.203 0.0000000000
11142  21.182  -67.820  50.060 0.0000000000
11143  21.709  -68.286  49.164 0.0000000000
13529  18.861  -66.733  52.159 0.0000000000
13531  18.172  -67.034  51.820 0.0000000000
13538  19.700  -62.478  56.496 0.0000000000
13539  19.098  -63.050  56.115 0.0000000000
13540  18.432  -65.337  53.850 0.0000000000
13541  19.065  -64.934  54.206 0.0000000000
13542  18.983  -65.842  53.203 0.0000000000
13543  19.539  -66.348  52.493 0.0000000000
16142  21.544  -63.688  54.457 0.0000000000
23093  17.800  -65.653  53.499 0.0000000000
23094  17.657  -66.453  52.519 0.0000000000
23095  17.164  -65.873  53.164 0.0000000000
23096  16.514  -65.991  52.850 0.0000000000
23098  17.898  -63.140  56.164 0.0000000000
23099  18.504  -63.563  55.715 0.0000000000
23100  17.925  -64.008  55.307 0.0000000000
23101  17.893  -64.842  54.424 0.0000000000
24660  20.861  -65.346  53.121 0.0000000000
24666  22.373  -67.677  49.410 0.0000000000
24667  22.220  -68.735  48.232 0.0000000000
28925  19.948  -67.799  50.609 0.0000000000
28930  17.472  -67.250  51.478 0.0000000000
28938  20.301  -61.851  56.851 0.0000000000
28940  20.328  -63.904  54.892 0.0000000000
28941  19.104  -64.004  55.175 0.0000000000
28942  19.698  -64.453  54.557 0.0000000000
28943  20.285  -64.903  53.870 0.0000000000
28944  20.207  -65.884  52.816 0.0000000000
28945  20.094  -66.849  51.729 0.0000000000
32541  21.535  -61.542  56.484 0.0000000000
37063  18.382  -61.669  57.482 0.0000000000
37065  17.697  -61.274  57.844 0.0000000000
37067  17.281  -62.744  56.511 0.0000000000
37068  16.783  -63.214  55.995 0.0000000000
41849  20.753  -68.571  49.334 0.0000000000
41850  20.661  -69.062  48.744 0.0000000000
41851  20.397  -68.801  49.184 0.0000000000
41860  20.569  -67.830  50.347 0.0000000000
41861  20.914  -67.582  50.494 0.0000000000
41862  20.837  -68.078  49.918 0.0000000000
41863  21.103  -68.323  49.479 0.0000000000
44249  18.591  -66.463  52.517 0.0000000000
44250  18.518  -66.895  51.990 0.0000000000
44257  18.756  -62.358  56.822 0.0000000000
44258  19.079  -62.563  56.576 0.0000000000
44259  18.783  -62.840  56.372 0.0000000000
44260  18.384  -65.766  53.361 0.0000000000
44261  18.707  -65.589  53.535 0.0000000000
44262  18.654  -66.028  53.031 0.0000000000
44263  18.927  -66.290  52.687 0.0000000000
46860  20.939  -63.811  54.693 0.0000000000
46861  21.248  -63.491  54.837 0.0000000000
53849  17.547  -65.388  53.794 0.0000000000
53850  17.483  -65.776  53.329 0.0000000000
53851  17.240  -65.500  53.626 0.0000000000
53853  16.617  -65.642  53.314 0.0000000000
53854  16.297  -65.671  53.169 0.0000000000
53855  16.181  -66.012  52.699 0.0000000000
53857  17.624  -63.372  55.939 0.0000000000
53858  17.919  -63.579  55.738 0.0000000000
53859  17.642  -63.793  55.524 0.0000000000
53862  17.596  -64.998  54.243 0.0000000000
53863  17.854  -65.250  53.968 0.0000000000
56429  21.789  -69.549  47.508 0.0000000000
56431  21.438  -69.820  47.374 0.0000000000
56434  20.342  -70.523  46.928 0.0000000000
56461  21.144  -65.564  52.726 0.0000000000
56463  21.587  -67.030  50.770 0.0000000000
56464  21.646  -66.513  51.336 0.0000000000
56467  22.179  -66.938  50.449 0.0000000000
56468  22.439  -67.144  49.990 0.0000000000
56469  22.116  -67.466  49.873 0.0000000000
56470  21.626  -68.800  48.574 0.0000000000
56471  21.967  -68.513  48.702 0.0000000000
56472  21.881  -69.032  48.109 0.0000000000
56473  22.133  -69.260  47.635 0.0000000000
63629  19.676  -67.536  51.013 0.0000000000
63630  19.594  -67.999  50.448 0.0000000000
63632  18.345  -67.751  50.901 0.0000000000
63633  18.608  -68.047  50.512 0.0000000000
63637  17.319  -66.550  52.351 0.0000000000
63638  17.569  -66.852  52.006 0.0000000000
63652  19.938  -61.133  57.614 0.0000000000
63653  20.271  -61.326  57.324 0.0000000000
63654  19.974  -61.654  57.149 0.0000000000
63655  19.715  -62.979  56.022 0.0000000000
63657  20.027  -63.189  55.716 0.0000000000
63658  20.335  -63.397  55.391 0.0000000000
63659  20.025  -63.690  55.225 0.0000000000
63660  18.505  -64.016  55.261 0.0000000000
63661  18.804  -63.782  55.456 0.0000000000
63662  18.797  -64.242  54.988 0.0000000000
63663  19.352  -65.172  53.883 0.0000000000
63664  19.382  -64.703  54.383 0.0000000000
63665  19.673  -64.934  54.054 0.0000000000
63666  19.993  -64.678  54.222 0.0000000000
63667  19.963  -65.165  53.708 0.0000000000
63668  20.250  -65.396  53.347 0.0000000000
63669  19.923  -65.648  53.187 0.0000000000
63670  19.476  -66.811  51.955 0.0000000000
63671  19.817  -66.600  52.118 0.0000000000
63672  19.751  -67.070  51.570 0.0000000000
63673  20.025  -67.326  51.173 0.0000000000
71460  20.922  -61.709  56.690 0.0000000000
71461  21.219  -61.359  56.836 0.0000000000
71490  22.945  -67.544  49.044 0.0000000000
81227  16.266  -63.285  55.795 0.0000000000
82434  17.489  -62.033  57.172 0.0000000000
82435  17.546  -62.492  56.762 0.0000000000
82436  17.223  -62.300  56.911 0.0000000000
82438  16.718  -62.805  56.368 0.0000000000
82439  16.484  -63.047  56.086 0.0000000000
82440  16.556  -63.436  55.732 0.0000000000
92214  17.006  -65.228  53.906 0.0000000000
92217  16.207  -65.030  53.907 0.0000000000
92218  17.105  -63.786  55.490 0.0000000000
92219  17.374  -63.987  55.314 0.0000000000
92220  17.116  -64.160  55.110 0.0000000000
93761  21.278  -69.069  48.438 0.0000000000
93762  21.182  -69.572  47.839 0.0000000000
93763  20.923  -69.319  48.296 0.0000000000
93780  20.709  -66.847  51.479 0.0000000000
93781  21.044  -66.580  51.624 0.0000000000
93782  20.983  -67.083  51.063 0.0000000000
93783  21.254  -67.315  50.635 0.0000000000
93784  21.521  -67.544  50.196 0.0000000000
93785  21.785  -67.770  49.748 0.0000000000
93786  21.447  -68.055  49.617 0.0000000000
93787  21.366  -68.563  49.031 0.0000000000
98081  19.132  -67.003  51.789 0.0000000000
98082  19.054  -67.451  51.241 0.0000000000
98083  18.785  -67.174  51.621 0.0000000000
98085  18.083  -67.453  51.280 0.0000000000
98096  19.675  -61.970  56.965 0.0000000000
98097  19.377  -62.273  56.774 0.0000000000
98098  19.399  -62.771  56.309 0.0000000000
98099  19.410  -63.262  55.838 0.0000000000
98100  18.469  -64.902  54.329 0.0000000000
98101  18.779  -64.697  54.512 0.0000000000
98102  18.748  -65.145  54.029 0.0000000000
98103  19.029  -65.390  53.710 0.0000000000
98104  19.311  -65.636  53.374 0.0000000000
98105  19.593  -65.882  53.023 0.0000000000
98106  19.261  -66.096  52.856 0.0000000000
98107  19.201  -66.551  52.327 0.0000000000
115325  18.060  -65.922  53.188 0.0000000000
115326  17.991  -66.334  52.689 0.0000000000
115327  17.734  -66.054  53.016 0.0000000000
115328  17.407  -66.163  52.848 0.0000000000
115329  17.076  -66.248  52.683 0.0000000000
115331  16.842  -65.945  53.004 0.0000000000
115336  18.179  -62.894  56.388 0.0000000000
115337  18.490  -63.102  56.164 0.0000000000
115338  18.202  -63.349  55.952 0.0000000000
115339  18.212  -63.795  55.511 0.0000000000
115340  18.209  -64.232  55.065 0.0000000000
115341  17.644  -64.203  55.106 0.0000000000
115342  17.917  -64.429  54.870 0.0000000000
115343  18.192  -64.663  54.611 0.0000000000
115344  18.161  -65.087  54.147 0.0000000000
115345  18.116  -65.506  53.674 0.0000000000
118943  20.969  -70.573  46.619 0.0000000000
118980  20.895  -64.838  53.653 0.0000000000
118982  21.182  -65.051  53.265 0.0000000000
118985  21.374  -66.295  51.764 0.0000000000
118995  22.045  -67.991  49.290 0.0000000000
118996  22.300  -68.207  48.824 0.0000000000
118997  22.551  -68.419  48.349 0.0000000000
118999  22.380  -69.482  47.153 0.0000000000
128981  20.218  -68.059  50.194 0.0000000000
128986  18.968  -67.897  50.682 0.0000000000
128992  17.912  -66.744  52.176 0.0000000000
128993  17.824  -67.153  51.649 0.0000000000
128994  17.727  -67.561  51.108 0.0000000000
129012  20.568  -60.986  57.490 0.0000000000
129013  20.600  -61.518  57.016 0.0000000000
129014  20.623  -62.046  56.534 0.0000000000
129015  20.001  -62.171  56.677 0.0000000000
129016  20.322  -62.371  56.371 0.0000000000
129020  20.627  -64.116  54.542 0.0000000000
129021  18.799  -63.314  55.917 0.0000000000
129022  19.106  -63.530  55.649 0.0000000000
129023  19.411  -63.748  55.360 0.0000000000
129024  19.090  -64.471  54.695 0.0000000000
129025  19.402  -64.228  54.875 0.0000000000
129026  19.714  -63.967  55.052 0.0000000000
129027  20.014  -64.187  54.727 0.0000000000
129028  20.311  -64.405  54.385 0.0000000000
129029  20.605  -64.623  54.027 0.0000000000
129030  20.574  -65.125  53.503 0.0000000000
129031  20.536  -65.624  52.972 0.0000000000
129032  20.488  -66.119  52.432 0.0000000000
129033  19.874  -66.126  52.657 0.0000000000
129034  20.155  -66.369  52.277 0.0000000000
129035  20.433  -66.609  51.884 0.0000000000
129036  20.369  -67.096  51.329 0.0000000000
129037  20.298  -67.579  50.765 0.0000000000
138863  21.827  -61.174  56.611 0.0000000000
150713  16.424  -63.981  55.153 0.0000000000
150715  16.168  -63.877  55.173 0.0000000000
150719  15.439  -63.275  55.471 0.0000000000
152147  20.188  -60.263  58.252 0.0000000000
152149  19.598  -60.939  57.885 0.0000000000
152162  18.042  -61.471  57.675 0.0000000000
152165  17.864  -62.690  56.587 0.0000000000
152166  17.591  -62.938  56.351 0.0000000000
152167  17.327  -63.173  56.112 0.0000000000
152169  17.026  -62.984  56.255 0.0000000000
152170  17.074  -63.394  55.871 0.0000000000
152171  16.834  -63.602  55.630 0.0000000000
