#!ascii label  , from subject fsaverage vox2ras=TkReg
442
306  3.600  -97.196  1.988 0.0000000000
566  -5.204  -92.547  1.976 0.0000000000
1704  1.642  -99.306  -3.291 0.0000000000
2336  1.112  -92.782  6.814 0.0000000000
2337  -0.880  -95.185  1.726 0.0000000000
2338  -3.034  -96.695  -3.316 0.0000000000
2340  -7.424  -93.404  -2.895 0.0000000000
3801  2.658  -98.363  -0.663 0.0000000000
5200  -4.111  -91.761  4.421 0.0000000000
5201  -2.008  -92.993  4.280 0.0000000000
5202  -3.070  -93.941  1.795 0.0000000000
5203  -1.937  -96.060  -0.804 0.0000000000
5204  -4.159  -94.655  -0.685 0.0000000000
6024  4.475  -95.824  4.662 0.0000000000
7817  2.985  -101.183  -5.742 0.0000000000
7818  0.548  -100.013  -5.896 0.0000000000
9567  3.202  -93.603  7.007 0.0000000000
9568  2.306  -95.033  4.385 0.0000000000
9569  -0.977  -91.828  6.773 0.0000000000
9570  0.137  -94.086  4.262 0.0000000000
9571  1.352  -96.274  1.783 0.0000000000
9572  0.344  -97.299  -0.802 0.0000000000
9573  -0.722  -98.092  -3.369 0.0000000000
9574  -1.843  -98.642  -5.907 0.0000000000
9580  -6.309  -93.093  -0.465 0.0000000000
9581  -5.272  -95.128  -3.149 0.0000000000
10877  0.611  -101.149  -8.432 0.0000000000
11480  3.818  -98.824  -0.534 0.0000000000
11481  3.138  -97.807  0.660 0.0000000000
12880  -4.655  -92.184  3.199 0.0000000000
12881  -3.602  -92.857  3.104 0.0000000000
12882  -4.144  -93.263  1.873 0.0000000000
12883  -3.612  -94.329  0.554 0.0000000000
12884  -4.692  -93.608  0.642 0.0000000000
17162  2.833  -99.840  -3.198 0.0000000000
17164  2.308  -100.263  -4.521 0.0000000000
17165  1.762  -100.624  -5.837 0.0000000000
17166  1.104  -99.691  -4.598 0.0000000000
21355  1.578  -92.058  8.098 0.0000000000
21356  2.603  -92.456  8.192 0.0000000000
21357  2.158  -93.210  6.891 0.0000000000
21358  2.763  -94.340  5.693 0.0000000000
21359  1.697  -93.917  5.595 0.0000000000
21362  -2.011  -91.301  6.804 0.0000000000
21363  -1.456  -94.097  3.000 0.0000000000
21364  -0.940  -93.557  4.254 0.0000000000
21365  -0.366  -94.662  2.993 0.0000000000
21366  0.732  -95.189  3.020 0.0000000000
21367  0.232  -95.749  1.738 0.0000000000
21368  0.855  -96.815  0.488 0.0000000000
21369  -0.279  -96.254  0.458 0.0000000000
21370  -2.481  -96.408  -2.063 0.0000000000
21371  -1.338  -97.088  -2.091 0.0000000000
21372  -1.886  -97.416  -3.358 0.0000000000
21373  -1.276  -98.399  -4.643 0.0000000000
21374  -2.445  -97.682  -4.616 0.0000000000
21386  -8.463  -92.491  -2.742 0.0000000000
21388  -7.909  -92.402  -1.536 0.0000000000
21390  -6.866  -93.277  -1.682 0.0000000000
21391  -5.800  -94.118  -1.811 0.0000000000
21392  -6.360  -94.284  -3.031 0.0000000000
21396  -3.596  -98.024  -7.099 0.0000000000
25275  2.159  -98.863  -1.979 0.0000000000
27791  0.552  -91.628  8.043 0.0000000000
27792  -3.571  -91.281  5.643 0.0000000000
27793  -2.535  -91.875  5.569 0.0000000000
27794  -3.065  -92.394  4.336 0.0000000000
27795  -2.535  -93.495  3.037 0.0000000000
27796  -1.981  -94.582  1.745 0.0000000000
27797  -1.403  -95.652  0.459 0.0000000000
27798  -2.515  -95.010  0.492 0.0000000000
27799  -3.057  -95.378  -0.759 0.0000000000
27800  -3.606  -95.685  -2.005 0.0000000000
27809  -9.016  -92.525  -3.942 0.0000000000
27810  -7.982  -93.474  -4.100 0.0000000000
27811  -6.922  -94.392  -4.244 0.0000000000
29418  4.046  -96.534  3.322 0.0000000000
33835  4.731  -101.252  -4.256 0.0000000000
33839  1.195  -100.920  -7.142 0.0000000000
33840  -0.026  -100.270  -7.181 0.0000000000
38942  3.826  -94.726  5.831 0.0000000000
38943  3.392  -95.449  4.503 0.0000000000
38944  2.941  -96.128  3.182 0.0000000000
38946  -0.473  -91.167  8.025 0.0000000000
38947  0.065  -92.322  6.775 0.0000000000
38948  -1.489  -92.437  5.524 0.0000000000
38949  -0.433  -92.965  5.512 0.0000000000
38950  0.631  -93.459  5.535 0.0000000000
38951  1.220  -94.578  4.305 0.0000000000
38952  1.835  -95.679  3.082 0.0000000000
38953  2.475  -96.757  1.866 0.0000000000
38954  1.995  -97.333  0.554 0.0000000000
38955  1.499  -97.854  -0.751 0.0000000000
38956  0.986  -98.317  -2.052 0.0000000000
38957  -0.803  -96.700  -0.819 0.0000000000
38958  -0.181  -97.725  -2.088 0.0000000000
38959  0.456  -98.723  -3.348 0.0000000000
38960  -0.092  -99.069  -4.638 0.0000000000
38961  -0.655  -99.352  -5.918 0.0000000000
38962  -1.233  -99.570  -7.186 0.0000000000
38980  -5.755  -92.850  0.755 0.0000000000
38981  -5.243  -93.893  -0.586 0.0000000000
38982  -4.712  -94.922  -1.920 0.0000000000
38983  -4.163  -95.932  -3.245 0.0000000000
38985  -4.728  -96.118  -4.477 0.0000000000
38986  -3.597  -96.921  -4.560 0.0000000000
38987  -3.015  -97.885  -5.864 0.0000000000
38988  -2.424  -98.820  -7.157 0.0000000000
38989  -1.825  -99.719  -8.436 0.0000000000
41597  -0.005  -100.810  -8.446 0.0000000000
41598  0.312  -101.237  -9.070 0.0000000000
41599  -0.304  -100.889  -9.079 0.0000000000
42197  4.162  -97.398  2.065 0.0000000000
42198  4.504  -97.917  1.478 0.0000000000
42199  3.938  -97.719  1.395 0.0000000000
42201  3.371  -97.508  1.323 0.0000000000
43600  -4.929  -92.373  2.588 0.0000000000
43601  -4.402  -92.725  2.535 0.0000000000
43602  -4.676  -92.910  1.922 0.0000000000
43603  -4.417  -93.443  1.257 0.0000000000
43604  -4.950  -93.079  1.308 0.0000000000
47882  2.237  -99.579  -3.249 0.0000000000
47883  2.573  -100.059  -3.860 0.0000000000
47884  1.973  -99.789  -3.907 0.0000000000
47885  1.705  -99.983  -4.564 0.0000000000
47886  1.375  -99.506  -3.945 0.0000000000
52075  1.347  -92.426  7.456 0.0000000000
52076  1.865  -92.636  7.493 0.0000000000
52077  1.635  -93.000  6.848 0.0000000000
52078  1.930  -93.569  6.242 0.0000000000
52079  1.401  -93.352  6.203 0.0000000000
52082  -2.524  -91.026  6.831 0.0000000000
52083  -1.171  -94.643  2.362 0.0000000000
52084  -0.912  -94.384  2.993 0.0000000000
52085  -0.622  -94.930  2.360 0.0000000000
52086  -0.070  -95.208  2.365 0.0000000000
52087  -0.325  -95.472  1.728 0.0000000000
52088  -0.022  -96.009  1.098 0.0000000000
52089  -0.582  -95.722  1.091 0.0000000000
52090  -2.756  -96.559  -2.690 0.0000000000
52091  -2.186  -96.914  -2.712 0.0000000000
52092  -2.462  -97.061  -3.340 0.0000000000
52093  -2.164  -97.557  -3.988 0.0000000000
52094  -2.742  -97.192  -3.967 0.0000000000
52106  -7.947  -92.951  -2.820 0.0000000000
52107  -8.186  -92.453  -2.140 0.0000000000
52108  -7.669  -92.904  -2.216 0.0000000000
52109  -7.391  -92.843  -1.611 0.0000000000
52110  -7.145  -93.348  -2.289 0.0000000000
52111  -6.615  -93.782  -2.358 0.0000000000
52112  -6.895  -93.848  -2.965 0.0000000000
57485  2.747  -99.118  -1.929 0.0000000000
57486  2.411  -98.620  -1.322 0.0000000000
61678  0.790  -91.264  8.678 0.0000000000
61679  0.282  -91.045  8.661 0.0000000000
61681  -3.321  -91.839  4.988 0.0000000000
61682  -3.589  -92.082  4.375 0.0000000000
61683  -3.339  -93.401  2.449 0.0000000000
61684  -3.070  -93.181  3.067 0.0000000000
61685  -2.802  -93.726  2.416 0.0000000000
61686  -2.261  -94.041  2.390 0.0000000000
61687  -2.528  -94.267  1.766 0.0000000000
61688  -2.247  -94.804  1.118 0.0000000000
61689  -2.796  -94.478  1.143 0.0000000000
61690  -3.884  -94.500  -0.066 0.0000000000
61691  -3.337  -94.855  -0.103 0.0000000000
61692  -3.610  -95.022  -0.725 0.0000000000
61693  -3.330  -95.539  -1.382 0.0000000000
61694  -3.885  -95.173  -1.346 0.0000000000
61706  -9.058  -93.001  -5.217 0.0000000000
61708  -8.780  -93.009  -4.621 0.0000000000
61709  -8.502  -93.004  -4.022 0.0000000000
64684  4.808  -96.364  4.082 0.0000000000
64685  4.597  -96.720  3.408 0.0000000000
64686  4.263  -96.185  3.991 0.0000000000
74530  3.254  -100.991  -5.076 0.0000000000
74537  1.154  -100.325  -5.871 0.0000000000
74538  1.481  -100.780  -6.491 0.0000000000
74539  0.871  -100.472  -6.520 0.0000000000
74540  0.583  -100.602  -7.166 0.0000000000
74541  0.263  -100.150  -6.540 0.0000000000
87108  2.899  -93.032  7.599 0.0000000000
87109  3.114  -92.644  8.254 0.0000000000
87110  3.415  -93.218  7.666 0.0000000000
87112  3.722  -93.786  7.081 0.0000000000
87113  4.036  -94.348  6.497 0.0000000000
87114  3.511  -94.167  6.418 0.0000000000
87115  2.537  -94.692  5.039 0.0000000000
87116  3.074  -94.898  5.097 0.0000000000
87117  2.849  -95.246  4.439 0.0000000000
87118  3.168  -95.794  3.842 0.0000000000
87119  2.620  -95.583  3.783 0.0000000000
87123  -1.238  -91.253  7.406 0.0000000000
87124  -0.984  -90.925  8.029 0.0000000000
87125  -0.724  -91.504  7.399 0.0000000000
87126  -0.208  -91.747  7.399 0.0000000000
87127  -0.457  -92.079  6.770 0.0000000000
87128  -2.275  -92.436  4.923 0.0000000000
87129  -2.013  -92.160  5.542 0.0000000000
87130  -1.748  -92.722  4.902 0.0000000000
87131  -0.402  -93.826  4.254 0.0000000000
87132  -0.685  -93.268  4.883 0.0000000000
87133  -0.151  -93.527  4.886 0.0000000000
87134  0.098  -93.216  5.519 0.0000000000
87135  0.385  -93.778  4.898 0.0000000000
87136  0.922  -94.020  4.919 0.0000000000
87137  0.678  -94.336  4.279 0.0000000000
87138  1.039  -95.735  2.401 0.0000000000
87139  1.283  -95.439  3.046 0.0000000000
87140  1.595  -95.983  2.432 0.0000000000
87141  2.152  -96.221  2.473 0.0000000000
87142  1.913  -96.521  1.819 0.0000000000
87143  2.237  -97.052  1.209 0.0000000000
87144  1.671  -96.807  1.167 0.0000000000
87145  0.602  -97.064  -0.157 0.0000000000
87146  1.175  -97.338  -0.133 0.0000000000
87147  0.921  -97.582  -0.781 0.0000000000
87148  1.245  -98.093  -1.402 0.0000000000
87149  0.663  -97.812  -1.428 0.0000000000
87150  -1.669  -95.863  -0.173 0.0000000000
87151  -1.106  -96.179  -0.181 0.0000000000
87152  -1.372  -96.385  -0.816 0.0000000000
87153  -1.032  -97.593  -2.732 0.0000000000
87154  -0.761  -97.412  -2.094 0.0000000000
87155  -0.450  -97.916  -2.730 0.0000000000
87156  0.135  -98.227  -2.719 0.0000000000
87157  -0.134  -98.413  -3.363 0.0000000000
87158  0.184  -98.903  -3.994 0.0000000000
87159  -0.408  -98.584  -4.005 0.0000000000
87160  -1.558  -98.529  -5.276 0.0000000000
87161  -0.966  -98.880  -5.282 0.0000000000
87162  -1.251  -99.003  -5.916 0.0000000000
87163  -0.942  -99.469  -6.554 0.0000000000
87164  -1.539  -99.110  -6.548 0.0000000000
87206  -6.835  -92.679  -0.397 0.0000000000
87208  -6.557  -92.576  0.211 0.0000000000
87209  -6.280  -92.457  0.819 0.0000000000
87210  -6.032  -92.979  0.145 0.0000000000
87211  -5.502  -93.373  0.084 0.0000000000
87212  -5.779  -93.498  -0.528 0.0000000000
87213  -5.538  -94.625  -2.481 0.0000000000
87214  -5.258  -94.525  -1.868 0.0000000000
87215  -4.992  -95.032  -2.535 0.0000000000
87216  -4.440  -95.429  -2.583 0.0000000000
87217  -4.720  -95.535  -3.200 0.0000000000
87218  -6.666  -94.879  -4.914 0.0000000000
87219  -6.383  -94.838  -4.310 0.0000000000
87223  -4.450  -96.604  -5.137 0.0000000000
87224  -4.165  -96.525  -4.522 0.0000000000
87225  -3.882  -97.011  -5.178 0.0000000000
87226  -3.308  -97.407  -5.214 0.0000000000
87227  -3.594  -97.490  -5.833 0.0000000000
87230  -2.718  -98.884  -7.776 0.0000000000
87231  -2.125  -99.274  -7.798 0.0000000000
94395  2.900  -98.092  -0.002 0.0000000000
96912  -4.383  -91.980  3.810 0.0000000000
96913  -3.859  -92.311  3.762 0.0000000000
96914  -4.130  -92.525  3.148 0.0000000000
96915  -3.872  -93.067  2.488 0.0000000000
96916  -3.609  -93.607  1.830 0.0000000000
96917  -3.340  -94.142  1.174 0.0000000000
96918  -3.881  -93.798  1.212 0.0000000000
96919  -4.154  -93.973  0.595 0.0000000000
96920  -4.428  -94.134  -0.022 0.0000000000
98715  4.682  -95.454  5.335 0.0000000000
104622  3.174  -100.317  -3.804 0.0000000000
104623  2.912  -100.530  -4.469 0.0000000000
104624  2.645  -100.728  -5.133 0.0000000000
104625  2.372  -100.910  -5.794 0.0000000000
104626  2.038  -100.451  -5.181 0.0000000000
104627  1.432  -100.162  -5.219 0.0000000000
104628  0.828  -99.860  -5.248 0.0000000000
112167  1.806  -91.679  8.742 0.0000000000
112169  2.091  -92.261  8.140 0.0000000000
112170  2.382  -92.838  7.541 0.0000000000
112171  2.680  -93.411  6.944 0.0000000000
112172  2.984  -93.977  6.350 0.0000000000
112173  2.457  -93.778  6.291 0.0000000000
112174  2.230  -94.133  5.639 0.0000000000
112175  1.999  -94.478  4.989 0.0000000000
112179  -1.751  -90.995  7.422 0.0000000000
112180  -1.495  -91.569  6.784 0.0000000000
112181  -1.735  -93.547  3.639 0.0000000000
112182  -1.475  -93.280  4.263 0.0000000000
112183  -1.197  -93.834  3.627 0.0000000000
112184  -0.656  -94.112  3.623 0.0000000000
112185  -0.113  -94.380  3.627 0.0000000000
112186  0.431  -94.640  3.640 0.0000000000
112187  0.182  -94.930  3.002 0.0000000000
112188  0.484  -95.476  2.379 0.0000000000
112189  0.791  -96.017  1.756 0.0000000000
112190  1.105  -96.552  1.135 0.0000000000
112191  0.541  -96.285  1.112 0.0000000000
112192  0.287  -96.540  0.469 0.0000000000
112193  0.030  -96.780  -0.173 0.0000000000
112194  -2.208  -96.241  -1.434 0.0000000000
112195  -1.640  -96.576  -1.449 0.0000000000
112196  -1.912  -96.753  -2.081 0.0000000000
112197  -1.611  -97.259  -2.726 0.0000000000
112198  -1.306  -97.759  -3.368 0.0000000000
112199  -0.997  -98.253  -4.007 0.0000000000
112200  -1.582  -97.911  -4.002 0.0000000000
112201  -1.863  -98.046  -4.634 0.0000000000
112202  -2.146  -98.166  -5.263 0.0000000000
112224  -8.696  -91.994  -2.060 0.0000000000
112225  -8.420  -91.952  -1.457 0.0000000000
112226  -8.144  -91.896  -0.854 0.0000000000
112228  -7.632  -92.336  -0.931 0.0000000000
112229  -7.113  -92.768  -1.004 0.0000000000
112230  -6.588  -93.192  -1.074 0.0000000000
112231  -6.057  -93.607  -1.139 0.0000000000
112232  -6.336  -93.702  -1.749 0.0000000000
112233  -6.079  -94.209  -2.422 0.0000000000
112234  -5.819  -94.711  -3.093 0.0000000000
112239  -4.457  -97.143  -6.406 0.0000000000
112240  -3.883  -97.558  -6.448 0.0000000000
120415  3.087  -99.607  -2.534 0.0000000000
120416  2.494  -99.356  -2.589 0.0000000000
120417  1.903  -99.092  -2.636 0.0000000000
126285  1.298  -91.475  8.705 0.0000000000
126286  1.065  -91.847  8.066 0.0000000000
126287  0.828  -92.208  7.428 0.0000000000
126289  -2.789  -91.311  6.216 0.0000000000
126290  -3.054  -91.582  5.602 0.0000000000
126291  -2.799  -92.142  4.952 0.0000000000
126292  -2.538  -92.698  4.304 0.0000000000
126293  -3.333  -92.633  3.720 0.0000000000
126294  -2.803  -92.947  3.686 0.0000000000
126295  -2.271  -93.251  3.659 0.0000000000
126296  -1.997  -93.801  3.015 0.0000000000
126297  -1.718  -94.347  2.372 0.0000000000
126298  -1.432  -94.889  1.732 0.0000000000
126299  -1.140  -95.426  1.092 0.0000000000
126300  -1.695  -95.120  1.101 0.0000000000
126301  -1.961  -95.336  0.472 0.0000000000
126302  -2.229  -95.537  -0.157 0.0000000000
126303  -3.065  -94.674  0.519 0.0000000000
126304  -2.785  -95.201  -0.134 0.0000000000
126305  -2.499  -95.724  -0.785 0.0000000000
126306  -2.771  -95.895  -1.412 0.0000000000
126307  -3.046  -96.052  -2.037 0.0000000000
126308  -3.322  -96.193  -2.661 0.0000000000
126326  -9.522  -92.038  -3.860 0.0000000000
126327  -9.247  -92.037  -3.261 0.0000000000
126328  -8.739  -92.515  -3.343 0.0000000000
126329  -8.225  -92.984  -3.422 0.0000000000
126330  -7.703  -93.446  -3.498 0.0000000000
126331  -7.175  -93.900  -3.571 0.0000000000
126332  -7.456  -93.937  -4.174 0.0000000000
126333  -7.204  -94.424  -4.847 0.0000000000
130319  4.382  -97.065  2.736 0.0000000000
130320  3.825  -96.871  2.654 0.0000000000
142612  4.124  -101.025  -4.337 0.0000000000
142621  2.094  -101.076  -6.453 0.0000000000
142622  1.811  -101.226  -7.108 0.0000000000
142623  1.522  -101.358  -7.760 0.0000000000
142624  0.905  -101.043  -7.789 0.0000000000
142625  0.291  -100.715  -7.808 0.0000000000
142626  -0.319  -100.373  -7.818 0.0000000000
157785  4.356  -94.904  5.915 0.0000000000
157786  4.147  -95.279  5.246 0.0000000000
157787  3.295  -94.538  5.757 0.0000000000
157788  3.611  -95.093  5.166 0.0000000000
157789  3.934  -95.642  4.578 0.0000000000
157790  3.716  -95.995  3.912 0.0000000000
157791  3.494  -96.336  3.247 0.0000000000
157792  3.268  -96.666  2.584 0.0000000000
157797  -0.732  -90.584  8.653 0.0000000000
157799  0.039  -91.402  8.030 0.0000000000
157800  0.310  -91.981  7.409 0.0000000000
157801  0.588  -92.556  6.790 0.0000000000
157802  -2.272  -91.595  6.186 0.0000000000
157803  -1.753  -91.871  6.163 0.0000000000
157804  -1.232  -92.139  6.148 0.0000000000
157805  -1.218  -92.999  4.888 0.0000000000
157806  -0.962  -92.705  5.514 0.0000000000
157807  -0.708  -92.399  6.141 0.0000000000
157808  -0.182  -92.650  6.143 0.0000000000
157809  0.345  -92.893  6.154 0.0000000000
157810  0.873  -93.127  6.174 0.0000000000
157811  1.164  -93.692  5.560 0.0000000000
157812  1.460  -94.254  4.949 0.0000000000
157813  1.763  -94.810  4.340 0.0000000000
157814  0.977  -94.890  3.662 0.0000000000
157815  1.525  -95.131  3.693 0.0000000000
157816  2.072  -95.362  3.733 0.0000000000
157817  2.388  -95.909  3.127 0.0000000000
157818  2.710  -96.449  2.523 0.0000000000
157819  3.038  -96.982  1.922 0.0000000000
157820  2.804  -97.286  1.261 0.0000000000
157821  2.566  -97.576  0.602 0.0000000000
157822  2.324  -97.852  -0.056 0.0000000000
157823  1.425  -97.080  0.517 0.0000000000
157824  1.749  -97.601  -0.099 0.0000000000
157825  2.078  -98.114  -0.712 0.0000000000
157826  1.827  -98.362  -1.367 0.0000000000
157827  1.572  -98.596  -2.020 0.0000000000
157828  1.312  -98.815  -2.673 0.0000000000
157829  -0.843  -95.958  0.455 0.0000000000
157830  -0.539  -96.484  -0.181 0.0000000000
157831  -0.230  -97.005  -0.815 0.0000000000
157832  -1.069  -96.901  -1.456 0.0000000000
157833  -0.494  -97.216  -1.455 0.0000000000
157834  0.083  -97.519  -1.446 0.0000000000
157835  0.401  -98.027  -2.074 0.0000000000
157836  0.723  -98.527  -2.700 0.0000000000
157837  1.048  -99.020  -3.324 0.0000000000
157838  0.779  -99.211  -3.974 0.0000000000
157839  0.505  -99.386  -4.622 0.0000000000
157840  0.227  -99.545  -5.268 0.0000000000
157841  -0.685  -98.740  -4.644 0.0000000000
157842  -0.371  -99.219  -5.279 0.0000000000
157843  -0.055  -99.689  -5.911 0.0000000000
157844  -0.341  -99.816  -6.551 0.0000000000
157845  -0.631  -99.926  -7.188 0.0000000000
157846  -0.925  -100.019  -7.820 0.0000000000
157900  -5.479  -92.706  1.365 0.0000000000
157901  -5.226  -93.234  0.696 0.0000000000
157902  -4.967  -93.758  0.028 0.0000000000
157903  -4.703  -94.279  -0.638 0.0000000000
157904  -5.521  -94.013  -1.199 0.0000000000
157905  -4.980  -94.410  -1.254 0.0000000000
157906  -4.435  -94.796  -1.303 0.0000000000
157907  -4.162  -95.309  -1.965 0.0000000000
157908  -3.884  -95.816  -2.626 0.0000000000
157909  -3.601  -96.319  -3.284 0.0000000000
157910  -6.641  -94.345  -3.639 0.0000000000
157911  -6.100  -94.782  -3.702 0.0000000000
157912  -5.554  -95.208  -3.761 0.0000000000
157915  -5.002  -95.625  -3.814 0.0000000000
157916  -4.445  -96.033  -3.862 0.0000000000
157917  -3.882  -96.429  -3.904 0.0000000000
157918  -3.314  -96.816  -3.939 0.0000000000
157919  -3.023  -97.307  -4.592 0.0000000000
157920  -2.729  -97.792  -5.242 0.0000000000
157921  -2.432  -98.269  -5.889 0.0000000000
157922  -3.305  -97.963  -6.484 0.0000000000
157923  -2.721  -98.357  -6.512 0.0000000000
157924  -2.132  -98.739  -6.534 0.0000000000
157925  -1.831  -99.201  -7.175 0.0000000000
157926  -1.528  -99.653  -7.813 0.0000000000
157927  -1.223  -100.095  -8.448 0.0000000000
