#!ascii label  , from subject fsaverage vox2ras=TkReg
508
446  0.806  -89.559  -39.156 0.0000000000
618  -5.455  -83.551  -40.320 0.0000000000
982  4.327  -90.922  -37.325 0.0000000000
1999  6.846  -84.630  -40.158 0.0000000000
2000  3.460  -82.773  -41.685 0.0000000000
2489  -2.545  -87.081  -40.109 0.0000000000
2490  0.342  -79.873  -42.396 0.0000000000
2498  -2.341  -75.986  -42.491 0.0000000000
4384  2.568  -90.380  -38.348 0.0000000000
4385  5.581  -87.887  -38.791 0.0000000000
4386  3.844  -87.211  -39.738 0.0000000000
4387  5.138  -83.830  -41.027 0.0000000000
4388  2.119  -86.270  -40.466 0.0000000000
5578  -4.068  -85.439  -40.294 0.0000000000
5579  -1.114  -83.574  -41.292 0.0000000000
5580  -2.576  -81.839  -41.431 0.0000000000
5600  -3.474  -73.711  -42.392 0.0000000000
6376  1.311  -93.317  -36.845 0.0000000000
7103  -6.982  -72.671  -40.953 0.0000000000
8581  6.450  -80.254  -42.231 0.0000000000
8582  4.822  -79.085  -42.827 0.0000000000
10023  -0.912  -88.460  -39.740 0.0000000000
10024  0.457  -85.057  -40.980 0.0000000000
10025  1.854  -81.452  -42.136 0.0000000000
10026  3.271  -77.659  -43.226 0.0000000000
10047  -6.686  -81.424  -40.223 0.0000000000
10048  -6.110  -75.257  -41.153 0.0000000000
10049  -5.087  -77.657  -41.323 0.0000000000
10050  -3.906  -79.861  -41.428 0.0000000000
10051  -1.062  -78.047  -42.504 0.0000000000
10052  1.813  -75.988  -43.458 0.0000000000
12064  1.684  -90.005  -38.780 0.0000000000
12065  3.205  -88.823  -39.057 0.0000000000
12066  2.329  -88.416  -39.468 0.0000000000
12067  2.977  -86.774  -40.129 0.0000000000
12068  1.460  -87.940  -39.825 0.0000000000
13258  -4.780  -84.525  -40.325 0.0000000000
13259  -3.326  -83.665  -40.873 0.0000000000
13260  -4.023  -82.728  -40.895 0.0000000000
14465  0.694  -94.692  -36.045 0.0000000000
14466  -0.211  -94.415  -36.533 0.0000000000
14467  0.412  -93.008  -37.314 0.0000000000
18912  6.212  -86.286  -39.487 0.0000000000
18913  7.068  -86.558  -38.952 0.0000000000
18919  4.292  -83.334  -41.382 0.0000000000
18920  5.793  -82.065  -41.639 0.0000000000
18921  4.959  -81.540  -41.978 0.0000000000
18922  5.629  -79.701  -42.554 0.0000000000
18923  4.139  -80.952  -42.265 0.0000000000
22493  -1.741  -87.805  -39.949 0.0000000000
22494  -0.231  -86.785  -40.372 0.0000000000
22495  -1.044  -86.102  -40.566 0.0000000000
22496  -0.389  -81.748  -41.852 0.0000000000
22497  0.369  -82.545  -41.732 0.0000000000
22498  1.085  -80.694  -42.287 0.0000000000
22499  2.561  -79.578  -42.688 0.0000000000
22500  1.806  -78.796  -42.829 0.0000000000
22553  -7.239  -80.279  -40.141 0.0000000000
22554  -5.733  -71.991  -41.611 0.0000000000
22555  -6.564  -73.986  -41.055 0.0000000000
22556  -5.285  -73.275  -41.699 0.0000000000
22557  -2.927  -74.873  -42.450 0.0000000000
22558  -4.282  -75.706  -41.859 0.0000000000
22559  -3.723  -76.851  -41.920 0.0000000000
22560  -4.516  -78.785  -41.386 0.0000000000
22561  -3.125  -77.945  -41.963 0.0000000000
22562  -2.490  -78.984  -41.982 0.0000000000
22563  -1.719  -77.045  -42.510 0.0000000000
22565  1.122  -75.061  -43.521 0.0000000000
26322  3.451  -90.686  -37.864 0.0000000000
26323  4.952  -89.433  -38.071 0.0000000000
26324  4.081  -89.162  -38.591 0.0000000000
26325  4.714  -87.583  -39.291 0.0000000000
26326  5.350  -85.948  -39.967 0.0000000000
26327  5.991  -84.262  -40.619 0.0000000000
26328  4.488  -85.547  -40.394 0.0000000000
26329  3.631  -85.080  -40.766 0.0000000000
26330  2.785  -84.547  -41.085 0.0000000000
28472  -3.322  -86.291  -40.223 0.0000000000
28473  -1.833  -85.352  -40.712 0.0000000000
28474  -2.595  -84.539  -40.814 0.0000000000
28475  -1.860  -82.738  -41.381 0.0000000000
28476  -1.120  -80.887  -41.931 0.0000000000
28510  -3.985  -72.503  -42.322 0.0000000000
28512  -2.128  -72.853  -42.978 0.0000000000
28513  -1.555  -73.983  -43.016 0.0000000000
28514  -0.946  -75.061  -43.035 0.0000000000
30236  2.825  -92.151  -37.109 0.0000000000
30237  1.936  -91.879  -37.612 0.0000000000
30238  1.045  -91.537  -38.062 0.0000000000
30239  0.156  -91.122  -38.458 0.0000000000
35994  6.441  -88.126  -38.236 0.0000000000
35995  7.914  -86.765  -38.363 0.0000000000
36003  6.636  -82.526  -41.249 0.0000000000
36004  7.283  -80.744  -41.857 0.0000000000
36008  5.506  -77.172  -43.373 0.0000000000
40305  -0.062  -89.044  -39.476 0.0000000000
40306  0.605  -87.397  -40.125 0.0000000000
40307  1.278  -85.698  -40.749 0.0000000000
40308  1.958  -83.947  -41.352 0.0000000000
40309  -0.341  -84.347  -41.160 0.0000000000
40310  1.152  -83.279  -41.567 0.0000000000
40311  2.646  -82.146  -41.936 0.0000000000
40312  3.339  -80.297  -42.501 0.0000000000
40313  4.035  -78.403  -43.050 0.0000000000
40314  4.733  -76.465  -43.586 0.0000000000
40377  -6.091  -82.516  -40.284 0.0000000000
40379  -7.393  -75.939  -40.497 0.0000000000
40380  -6.932  -77.195  -40.602 0.0000000000
40381  -4.802  -74.513  -41.784 0.0000000000
40382  -5.618  -76.480  -41.244 0.0000000000
40383  -6.431  -78.403  -40.698 0.0000000000
40384  -5.889  -79.564  -40.780 0.0000000000
40385  -5.306  -80.675  -40.843 0.0000000000
40386  -4.683  -81.731  -40.883 0.0000000000
40387  -3.258  -80.879  -41.445 0.0000000000
40388  -1.820  -79.966  -41.972 0.0000000000
40389  -0.375  -78.990  -42.467 0.0000000000
40390  -0.302  -76.084  -43.030 0.0000000000
40391  0.373  -77.048  -42.997 0.0000000000
40392  1.076  -77.953  -42.930 0.0000000000
40393  2.530  -76.854  -43.360 0.0000000000
40394  3.983  -75.697  -43.755 0.0000000000
42784  1.244  -89.791  -38.975 0.0000000000
42785  2.006  -89.217  -39.128 0.0000000000
42786  1.568  -88.995  -39.318 0.0000000000
42787  1.893  -88.186  -39.653 0.0000000000
42788  1.132  -88.756  -39.494 0.0000000000
43976  -5.837  -84.440  -40.031 0.0000000000
43978  -5.122  -84.046  -40.327 0.0000000000
43979  -4.402  -83.633  -40.612 0.0000000000
43980  -4.741  -83.148  -40.612 0.0000000000
45185  -0.519  -95.094  -36.130 0.0000000000
49632  6.528  -85.464  -39.826 0.0000000000
49633  6.956  -85.617  -39.570 0.0000000000
49634  7.272  -84.791  -39.908 0.0000000000
49636  7.589  -83.952  -40.240 0.0000000000
49638  7.164  -83.784  -40.485 0.0000000000
49639  3.874  -83.062  -41.540 0.0000000000
49640  4.625  -82.443  -41.682 0.0000000000
49641  4.210  -82.164  -41.836 0.0000000000
49642  4.547  -81.254  -42.128 0.0000000000
49643  3.799  -81.868  -41.977 0.0000000000
53209  -3.293  -87.544  -39.863 0.0000000000
53211  -2.897  -87.926  -39.797 0.0000000000
53212  -2.495  -88.290  -39.720 0.0000000000
53213  -2.146  -87.451  -40.035 0.0000000000
53214  -1.394  -86.960  -40.261 0.0000000000
53215  -1.795  -86.599  -40.343 0.0000000000
53216  -0.024  -80.816  -42.126 0.0000000000
53217  0.348  -81.229  -42.074 0.0000000000
53218  0.710  -80.291  -42.347 0.0000000000
53219  1.445  -79.751  -42.560 0.0000000000
53220  1.074  -79.342  -42.617 0.0000000000
53271  -8.157  -80.011  -39.759 0.0000000000
53273  -7.500  -79.688  -40.094 0.0000000000
53275  -5.513  -72.639  -41.655 0.0000000000
53276  -4.873  -72.268  -41.973 0.0000000000
53277  -2.639  -75.436  -42.472 0.0000000000
53278  -3.325  -75.868  -42.185 0.0000000000
53279  -3.034  -76.426  -42.209 0.0000000000
53280  -3.429  -77.405  -41.944 0.0000000000
53281  -2.734  -76.971  -42.227 0.0000000000
53282  -2.424  -77.503  -42.240 0.0000000000
53283  -2.035  -76.522  -42.503 0.0000000000
59229  3.010  -90.542  -38.113 0.0000000000
59230  3.766  -89.931  -38.231 0.0000000000
59231  3.326  -89.779  -38.475 0.0000000000
59232  3.524  -88.024  -39.400 0.0000000000
59233  3.961  -88.210  -39.179 0.0000000000
59234  4.279  -87.405  -39.521 0.0000000000
59235  5.031  -86.772  -39.632 0.0000000000
59236  4.598  -86.587  -39.857 0.0000000000
59237  4.919  -85.756  -40.187 0.0000000000
59238  4.165  -86.386  -40.069 0.0000000000
59239  2.546  -86.530  -40.304 0.0000000000
59240  3.303  -85.933  -40.450 0.0000000000
59241  2.875  -85.683  -40.621 0.0000000000
59242  3.206  -84.822  -40.932 0.0000000000
59243  2.451  -85.415  -40.778 0.0000000000
62809  -4.799  -85.862  -40.018 0.0000000000
62811  -4.434  -86.306  -39.995 0.0000000000
62813  -3.699  -85.872  -40.264 0.0000000000
62814  -2.960  -85.421  -40.521 0.0000000000
62815  -3.333  -84.997  -40.559 0.0000000000
62816  -2.952  -82.758  -41.155 0.0000000000
62817  -2.594  -83.209  -41.132 0.0000000000
62818  -2.222  -82.296  -41.411 0.0000000000
62819  -1.491  -81.819  -41.658 0.0000000000
62820  -1.848  -81.371  -41.685 0.0000000000
62880  -1.846  -73.424  -42.999 0.0000000000
66432  1.001  -94.013  -36.449 0.0000000000
66433  1.451  -94.133  -36.189 0.0000000000
66434  1.759  -93.445  -36.590 0.0000000000
66435  2.515  -92.861  -36.719 0.0000000000
66436  2.069  -92.742  -36.983 0.0000000000
66437  2.381  -92.024  -37.367 0.0000000000
66438  1.623  -92.606  -37.233 0.0000000000
66439  -0.037  -92.826  -37.528 0.0000000000
66440  0.727  -92.280  -37.692 0.0000000000
66441  0.280  -92.090  -37.901 0.0000000000
66442  0.600  -91.339  -38.267 0.0000000000
66443  -0.166  -91.882  -38.097 0.0000000000
79772  5.266  -88.667  -38.434 0.0000000000
79773  5.698  -88.786  -38.159 0.0000000000
79774  6.012  -88.015  -38.521 0.0000000000
79775  7.805  -85.874  -39.018 0.0000000000
79776  7.492  -86.670  -38.664 0.0000000000
79794  5.564  -84.054  -40.830 0.0000000000
79795  6.313  -83.400  -40.937 0.0000000000
79796  5.888  -83.184  -41.143 0.0000000000
79797  6.121  -81.165  -41.938 0.0000000000
79798  6.539  -81.410  -41.753 0.0000000000
79799  6.866  -80.507  -42.050 0.0000000000
79800  7.606  -79.837  -42.154 0.0000000000
79803  6.780  -79.331  -42.520 0.0000000000
79804  5.223  -79.401  -42.697 0.0000000000
79805  5.964  -78.765  -42.835 0.0000000000
79806  5.562  -78.457  -42.975 0.0000000000
79807  5.900  -77.503  -43.249 0.0000000000
79808  5.164  -78.134  -43.101 0.0000000000
90514  -1.671  -88.966  -39.529 0.0000000000
90516  -1.250  -89.277  -39.414 0.0000000000
90517  -0.824  -89.571  -39.284 0.0000000000
90518  -0.489  -88.761  -39.615 0.0000000000
90519  0.271  -88.227  -39.804 0.0000000000
90520  -0.153  -87.937  -39.938 0.0000000000
90521  0.112  -85.927  -40.679 0.0000000000
90522  0.524  -86.249  -40.566 0.0000000000
90523  0.865  -85.386  -40.871 0.0000000000
90524  1.617  -84.829  -41.053 0.0000000000
90525  1.208  -84.510  -41.171 0.0000000000
90526  -1.475  -84.469  -41.005 0.0000000000
90527  -1.087  -84.858  -40.941 0.0000000000
90528  -0.731  -83.969  -41.232 0.0000000000
90529  1.111  -82.007  -41.939 0.0000000000
90530  0.758  -82.920  -41.656 0.0000000000
90531  1.502  -82.372  -41.854 0.0000000000
90532  1.899  -82.720  -41.756 0.0000000000
90533  2.247  -81.807  -42.042 0.0000000000
90534  2.992  -81.227  -42.221 0.0000000000
90535  2.596  -80.882  -42.323 0.0000000000
90536  2.916  -78.624  -42.958 0.0000000000
90537  3.298  -78.998  -42.874 0.0000000000
90538  3.650  -78.039  -43.144 0.0000000000
90539  4.384  -77.439  -43.319 0.0000000000
90540  4.003  -77.069  -43.411 0.0000000000
90694  -7.366  -81.774  -39.900 0.0000000000
90695  -7.763  -82.676  -39.612 0.0000000000
90696  -7.081  -82.335  -39.939 0.0000000000
90697  -6.786  -82.883  -39.971 0.0000000000
90698  -6.393  -81.977  -40.256 0.0000000000
90699  -7.596  -72.986  -40.616 0.0000000000
90700  -8.014  -73.966  -40.329 0.0000000000
90701  -7.399  -73.658  -40.670 0.0000000000
90702  -6.341  -74.627  -41.104 0.0000000000
90703  -6.979  -74.968  -40.776 0.0000000000
90704  -6.755  -75.606  -40.828 0.0000000000
90705  -7.168  -76.573  -40.551 0.0000000000
90706  -6.521  -76.232  -40.878 0.0000000000
90707  -3.734  -73.113  -42.358 0.0000000000
90708  -4.393  -73.513  -42.053 0.0000000000
90709  -4.140  -74.119  -42.091 0.0000000000
90710  -4.685  -76.687  -41.592 0.0000000000
90711  -4.953  -76.100  -41.555 0.0000000000
90712  -5.358  -77.074  -41.285 0.0000000000
90713  -6.025  -77.447  -40.972 0.0000000000
90714  -5.762  -78.037  -41.014 0.0000000000
90715  -6.165  -78.989  -40.741 0.0000000000
90716  -5.489  -78.616  -41.053 0.0000000000
90717  -4.216  -79.330  -41.410 0.0000000000
90718  -4.912  -79.736  -41.116 0.0000000000
90719  -4.608  -80.276  -41.140 0.0000000000
90720  -5.000  -81.210  -40.866 0.0000000000
90721  -4.295  -80.802  -41.158 0.0000000000
90722  -3.973  -81.313  -41.168 0.0000000000
90723  -3.586  -80.377  -41.440 0.0000000000
90724  -1.777  -78.523  -42.247 0.0000000000
90725  -2.159  -79.482  -41.981 0.0000000000
90726  -1.442  -79.012  -42.239 0.0000000000
90727  -1.098  -79.486  -42.224 0.0000000000
90728  -0.722  -78.526  -42.490 0.0000000000
90729  -0.244  -74.576  -43.297 0.0000000000
90730  -0.628  -75.580  -43.036 0.0000000000
90731  0.078  -75.085  -43.292 0.0000000000
90732  1.464  -75.532  -43.493 0.0000000000
90733  0.747  -76.060  -43.259 0.0000000000
90734  1.092  -76.525  -43.231 0.0000000000
90735  0.721  -77.508  -42.968 0.0000000000
90736  1.444  -76.976  -43.195 0.0000000000
90737  1.803  -77.411  -43.150 0.0000000000
90738  2.169  -76.428  -43.413 0.0000000000
95442  2.126  -90.201  -38.571 0.0000000000
95443  2.886  -89.609  -38.706 0.0000000000
95444  2.446  -89.422  -38.924 0.0000000000
95445  2.766  -88.628  -39.269 0.0000000000
95446  3.087  -87.821  -39.608 0.0000000000
95447  3.410  -87.001  -39.940 0.0000000000
95448  2.652  -87.601  -39.802 0.0000000000
95449  2.219  -87.365  -39.982 0.0000000000
95450  1.789  -87.111  -40.148 0.0000000000
97592  -4.428  -84.990  -40.314 0.0000000000
97593  -3.698  -84.558  -40.586 0.0000000000
97594  -4.055  -84.103  -40.604 0.0000000000
97595  -3.679  -83.204  -40.888 0.0000000000
97596  -3.301  -82.292  -41.168 0.0000000000
99763  0.389  -95.355  -35.631 0.0000000000
99764  -0.065  -95.234  -35.887 0.0000000000
99765  0.241  -94.563  -36.296 0.0000000000
99766  0.550  -93.875  -36.695 0.0000000000
99767  0.862  -93.172  -37.086 0.0000000000
99768  0.099  -93.720  -36.928 0.0000000000
107768  5.896  -87.094  -39.142 0.0000000000
107769  6.326  -87.229  -38.876 0.0000000000
107770  6.641  -86.430  -39.226 0.0000000000
107771  7.382  -85.753  -39.301 0.0000000000
107780  7.802  -82.055  -41.122 0.0000000000
107781  4.713  -83.590  -41.211 0.0000000000
107782  5.465  -82.953  -41.336 0.0000000000
107783  5.043  -82.706  -41.515 0.0000000000
107784  5.374  -81.811  -41.815 0.0000000000
107785  5.706  -80.904  -42.109 0.0000000000
107786  6.038  -79.985  -42.399 0.0000000000
107787  5.294  -80.626  -42.268 0.0000000000
107788  4.885  -80.333  -42.415 0.0000000000
107789  4.480  -80.024  -42.548 0.0000000000
114214  -2.086  -88.637  -39.631 0.0000000000
114215  -1.329  -88.142  -39.851 0.0000000000
114216  -0.572  -87.629  -40.059 0.0000000000
114217  -0.986  -87.303  -40.166 0.0000000000
114218  -0.641  -86.452  -40.476 0.0000000000
114219  -0.294  -85.587  -40.779 0.0000000000
114220  -0.752  -82.667  -41.574 0.0000000000
114221  -0.373  -83.068  -41.517 0.0000000000
114222  -0.013  -82.154  -41.798 0.0000000000
114223  0.726  -81.626  -42.012 0.0000000000
114224  1.466  -81.081  -42.217 0.0000000000
114225  2.207  -80.521  -42.413 0.0000000000
114226  1.823  -80.144  -42.492 0.0000000000
114227  2.180  -79.195  -42.764 0.0000000000
114228  2.539  -78.235  -43.032 0.0000000000
114323  -6.968  -80.858  -40.184 0.0000000000
114324  -6.361  -72.339  -41.285 0.0000000000
114325  -6.777  -73.334  -41.004 0.0000000000
114326  -6.148  -72.994  -41.333 0.0000000000
114327  -5.927  -73.638  -41.380 0.0000000000
114328  -5.697  -74.271  -41.426 0.0000000000
114329  -3.205  -74.298  -42.423 0.0000000000
114330  -3.878  -74.714  -42.126 0.0000000000
114331  -3.606  -75.297  -42.157 0.0000000000
114332  -4.007  -76.285  -41.892 0.0000000000
114333  -4.408  -77.261  -41.625 0.0000000000
114334  -4.807  -78.227  -41.357 0.0000000000
114335  -4.120  -77.823  -41.654 0.0000000000
114336  -3.823  -78.373  -41.678 0.0000000000
114337  -3.516  -78.908  -41.697 0.0000000000
114338  -3.199  -79.430  -41.709 0.0000000000
114339  -2.812  -78.472  -41.975 0.0000000000
114340  -2.105  -78.020  -42.247 0.0000000000
114341  -1.395  -77.553  -42.511 0.0000000000
114345  1.836  -74.527  -43.754 0.0000000000
114346  2.182  -74.988  -43.719 0.0000000000
114347  2.534  -75.435  -43.676 0.0000000000
122856  3.890  -90.812  -37.601 0.0000000000
122857  4.639  -90.185  -37.701 0.0000000000
122858  4.203  -90.066  -37.973 0.0000000000
122859  4.518  -89.306  -38.338 0.0000000000
122860  4.833  -88.532  -38.696 0.0000000000
122861  3.643  -89.001  -38.830 0.0000000000
122862  4.397  -88.379  -38.944 0.0000000000
122863  5.148  -87.743  -39.048 0.0000000000
122864  5.464  -86.941  -39.394 0.0000000000
122865  5.781  -86.125  -39.734 0.0000000000
122866  6.099  -85.296  -40.068 0.0000000000
122867  6.419  -84.454  -40.396 0.0000000000
122868  5.670  -85.111  -40.296 0.0000000000
122869  5.241  -84.911  -40.511 0.0000000000
122870  4.812  -84.695  -40.713 0.0000000000
122871  3.733  -86.168  -40.266 0.0000000000
122872  4.058  -85.321  -40.587 0.0000000000
122873  4.385  -84.462  -40.902 0.0000000000
122874  3.960  -84.214  -41.077 0.0000000000
122875  3.539  -83.948  -41.238 0.0000000000
122876  3.122  -83.667  -41.387 0.0000000000
127873  -3.681  -87.147  -39.918 0.0000000000
127874  -2.937  -86.693  -40.171 0.0000000000
127875  -2.190  -86.222  -40.414 0.0000000000
127876  -2.579  -85.830  -40.473 0.0000000000
127877  -2.218  -84.953  -40.768 0.0000000000
127878  -1.855  -84.065  -41.058 0.0000000000
127879  -2.965  -84.110  -40.848 0.0000000000
127880  -2.229  -83.645  -41.100 0.0000000000
127881  -1.491  -83.164  -41.342 0.0000000000
127882  -1.125  -82.251  -41.621 0.0000000000
127883  -0.758  -81.325  -41.896 0.0000000000
127884  -0.390  -80.388  -42.168 0.0000000000
127960  -4.227  -71.883  -42.285 0.0000000000
127962  -3.327  -72.096  -42.627 0.0000000000
127963  -3.069  -72.699  -42.659 0.0000000000
127966  -2.803  -73.289  -42.688 0.0000000000
127967  -2.527  -73.868  -42.714 0.0000000000
127968  -2.243  -74.436  -42.736 0.0000000000
127969  -1.949  -74.990  -42.753 0.0000000000
127970  -1.645  -75.531  -42.766 0.0000000000
127971  -1.255  -74.529  -43.028 0.0000000000
127972  -0.559  -74.053  -43.296 0.0000000000
132531  1.145  -94.804  -35.779 0.0000000000
132535  3.267  -92.261  -36.836 0.0000000000
132536  3.578  -91.544  -37.223 0.0000000000
132537  3.137  -91.426  -37.490 0.0000000000
132538  2.695  -91.290  -37.744 0.0000000000
132539  2.252  -91.137  -37.984 0.0000000000
132540  1.175  -92.452  -37.469 0.0000000000
132541  1.490  -91.717  -37.844 0.0000000000
132542  1.808  -90.967  -38.211 0.0000000000
132543  1.364  -90.778  -38.425 0.0000000000
132544  0.921  -90.572  -38.625 0.0000000000
132545  0.480  -90.348  -38.811 0.0000000000
137076  -6.164  -83.936  -40.018 0.0000000000
148962  5.385  -89.543  -37.791 0.0000000000
148963  6.128  -88.888  -37.870 0.0000000000
148964  6.867  -88.220  -37.939 0.0000000000
148965  6.754  -87.349  -38.597 0.0000000000
148966  7.180  -87.452  -38.304 0.0000000000
148989  6.739  -83.599  -40.718 0.0000000000
148990  7.060  -82.733  -41.034 0.0000000000
148991  7.380  -81.856  -41.345 0.0000000000
148992  6.214  -82.303  -41.450 0.0000000000
148993  6.959  -81.641  -41.555 0.0000000000
148994  7.701  -80.967  -41.651 0.0000000000
161843  -0.285  -90.888  -38.635 0.0000000000
161844  0.042  -90.106  -38.983 0.0000000000
161869  -1.157  -90.367  -38.946 0.0000000000
161870  -0.393  -89.847  -39.141 0.0000000000
161871  0.370  -89.310  -39.323 0.0000000000
161872  0.700  -88.500  -39.656 0.0000000000
161873  1.030  -87.677  -39.982 0.0000000000
161874  1.362  -86.841  -40.301 0.0000000000
161875  0.184  -87.100  -40.255 0.0000000000
161876  0.940  -86.554  -40.440 0.0000000000
161877  1.696  -85.992  -40.614 0.0000000000
161878  2.032  -85.131  -40.922 0.0000000000
161879  2.369  -84.256  -41.225 0.0000000000
161880  2.709  -83.368  -41.523 0.0000000000
161881  -1.442  -85.735  -40.645 0.0000000000
161882  -0.694  -85.231  -40.866 0.0000000000
161883  0.055  -84.710  -41.076 0.0000000000
161884  0.013  -83.452  -41.449 0.0000000000
161885  0.406  -83.821  -41.368 0.0000000000
161886  0.804  -84.174  -41.276 0.0000000000
161887  1.553  -83.621  -41.466 0.0000000000
161888  2.301  -83.052  -41.646 0.0000000000
161889  3.050  -82.468  -41.817 0.0000000000
161890  3.393  -81.556  -42.105 0.0000000000
161891  3.737  -80.633  -42.389 0.0000000000
161892  4.081  -79.698  -42.669 0.0000000000
161893  2.947  -79.946  -42.600 0.0000000000
161894  3.687  -79.356  -42.777 0.0000000000
161895  4.426  -78.752  -42.944 0.0000000000
161896  4.771  -77.795  -43.216 0.0000000000
161897  5.117  -76.826  -43.485 0.0000000000
162087  -5.778  -83.041  -40.306 0.0000000000
162091  -7.194  -74.319  -40.723 0.0000000000
162095  -7.579  -77.528  -40.271 0.0000000000
162096  -7.342  -78.146  -40.324 0.0000000000
162097  -4.637  -72.896  -42.013 0.0000000000
162098  -5.048  -73.899  -41.742 0.0000000000
162099  -5.459  -74.892  -41.471 0.0000000000
162100  -4.547  -75.115  -41.823 0.0000000000
162101  -5.210  -75.502  -41.514 0.0000000000
162102  -5.869  -75.874  -41.199 0.0000000000
162103  -6.278  -76.845  -40.926 0.0000000000
162104  -6.686  -77.804  -40.652 0.0000000000
162105  -7.094  -78.752  -40.374 0.0000000000
162106  -6.836  -79.347  -40.421 0.0000000000
162107  -6.567  -79.930  -40.464 0.0000000000
162108  -6.288  -80.500  -40.503 0.0000000000
162109  -5.205  -79.182  -41.087 0.0000000000
162110  -5.602  -80.126  -40.814 0.0000000000
162111  -5.999  -81.058  -40.537 0.0000000000
162112  -5.699  -81.602  -40.566 0.0000000000
162113  -5.390  -82.132  -40.588 0.0000000000
162114  -5.070  -82.647  -40.604 0.0000000000
162115  -4.358  -82.237  -40.893 0.0000000000
162116  -3.641  -81.810  -41.172 0.0000000000
162117  -2.921  -81.367  -41.442 0.0000000000
162118  -2.874  -79.938  -41.714 0.0000000000
162119  -2.540  -80.430  -41.713 0.0000000000
162120  -2.198  -80.908  -41.703 0.0000000000
162121  -1.474  -80.434  -41.956 0.0000000000
162122  -0.748  -79.945  -42.200 0.0000000000
162123  -0.020  -79.439  -42.436 0.0000000000
162124  -1.333  -76.059  -42.773 0.0000000000
162125  -1.012  -76.572  -42.774 0.0000000000
162126  -0.682  -77.071  -42.768 0.0000000000
162127  0.409  -75.580  -43.279 0.0000000000
162128  0.032  -76.573  -43.017 0.0000000000
162129  -0.346  -77.555  -42.754 0.0000000000
162130  -0.001  -78.025  -42.733 0.0000000000
162131  0.350  -78.479  -42.703 0.0000000000
162132  0.709  -78.918  -42.664 0.0000000000
162133  1.438  -78.382  -42.884 0.0000000000
162134  2.168  -77.830  -43.096 0.0000000000
162135  2.898  -77.264  -43.298 0.0000000000
162136  2.893  -75.866  -43.624 0.0000000000
162137  3.257  -76.282  -43.562 0.0000000000
162138  3.627  -76.683  -43.492 0.0000000000
162139  4.355  -76.089  -43.676 0.0000000000
