#!ascii label  , from subject fsaverage vox2ras=TkReg
160
102  -1.821  -49.410  53.453 0.0000000000
1237  1.086  -47.824  50.772 0.0000000000
1239  0.171  -52.227  49.513 0.0000000000
1679  -2.913  -53.929  51.663 0.0000000000
1680  -6.284  -55.639  53.589 0.0000000000
3757  -6.807  -51.864  56.985 0.0000000000
3758  -5.688  -53.344  54.839 0.0000000000
3759  -7.448  -54.185  55.802 0.0000000000
7757  -2.376  -51.665  52.655 0.0000000000
7759  -4.566  -54.783  52.662 0.0000000000
8786  0.202  -46.423  52.606 0.0000000000
11438  -7.130  -53.025  56.418 0.0000000000
11439  -8.028  -53.439  56.890 0.0000000000
15232  1.757  -47.442  50.088 0.0000000000
15235  0.395  -51.114  49.900 0.0000000000
15239  0.684  -52.918  48.555 0.0000000000
17033  -3.703  -51.363  54.274 0.0000000000
17034  -4.533  -51.778  54.844 0.0000000000
17035  -5.990  -54.493  54.237 0.0000000000
17036  -5.128  -54.068  53.753 0.0000000000
17037  -5.417  -55.211  53.136 0.0000000000
17039  -5.698  -56.350  52.472 0.0000000000
21240  -2.647  -52.796  52.183 0.0000000000
21242  -2.114  -53.502  51.141 0.0000000000
24118  -0.096  -50.417  50.855 0.0000000000
24119  -0.335  -51.532  50.483 0.0000000000
25196  -5.381  -52.194  55.393 0.0000000000
25197  -6.247  -52.609  55.918 0.0000000000
25198  -6.560  -53.765  55.333 0.0000000000
25199  -6.867  -54.918  54.700 0.0000000000
27721  -2.367  -54.632  50.604 0.0000000000
33672  -2.892  -50.949  53.685 0.0000000000
33674  -3.456  -53.219  52.724 0.0000000000
33675  -4.833  -52.923  54.322 0.0000000000
33676  -4.284  -53.643  53.248 0.0000000000
33677  -3.731  -54.355  52.171 0.0000000000
36606  0.641  -47.127  51.684 0.0000000000
36636  -2.310  -48.690  54.450 0.0000000000
38802  -1.086  -51.952  51.060 0.0000000000
38803  -0.571  -52.651  50.063 0.0000000000
38805  -0.804  -53.773  49.594 0.0000000000
38806  -0.051  -53.345  49.077 0.0000000000
45952  1.424  -47.632  50.430 0.0000000000
45955  0.283  -51.670  49.713 0.0000000000
45959  0.427  -52.573  49.033 0.0000000000
47755  -6.138  -55.067  53.919 0.0000000000
47756  -5.704  -54.853  53.687 0.0000000000
47757  -5.849  -55.425  53.365 0.0000000000
47758  -5.559  -55.781  52.810 0.0000000000
47759  -5.991  -55.996  53.032 0.0000000000
51960  -2.781  -53.362  51.930 0.0000000000
51961  -2.381  -53.150  51.662 0.0000000000
51962  -2.511  -53.715  51.404 0.0000000000
51963  -0.986  -56.366  47.980 0.0000000000
51965  -0.599  -56.149  47.763 0.0000000000
55557  -0.463  -50.624  51.161 0.0000000000
55558  -0.216  -50.974  50.675 0.0000000000
55559  -0.586  -51.182  50.973 0.0000000000
57354  -6.527  -52.238  56.453 0.0000000000
57355  -7.290  -53.605  56.116 0.0000000000
57356  -6.845  -53.396  55.877 0.0000000000
57357  -7.002  -53.975  55.571 0.0000000000
57358  -6.714  -54.342  55.022 0.0000000000
57359  -7.158  -54.553  55.252 0.0000000000
74138  -2.748  -50.382  53.895 0.0000000000
74139  -3.149  -50.588  54.200 0.0000000000
74140  -3.850  -51.933  54.035 0.0000000000
74141  -3.440  -51.724  53.751 0.0000000000
74143  -3.317  -52.651  52.982 0.0000000000
74144  -3.726  -52.862  53.254 0.0000000000
74145  -5.535  -52.769  55.122 0.0000000000
74146  -5.107  -52.560  54.859 0.0000000000
74147  -5.259  -53.134  54.584 0.0000000000
74149  -4.704  -53.855  53.503 0.0000000000
74150  -4.426  -54.213  52.961 0.0000000000
74151  -4.008  -54.000  52.710 0.0000000000
74152  -4.147  -54.569  52.419 0.0000000000
74157  -4.683  -56.839  51.134 0.0000000000
81284  0.683  -45.701  52.323 0.0000000000
81285  0.552  -46.237  52.239 0.0000000000
81288  0.292  -47.318  52.038 0.0000000000
81289  0.069  -46.965  52.504 0.0000000000
86763  -1.595  -52.725  51.116 0.0000000000
86765  -1.209  -52.514  50.839 0.0000000000
86766  -0.829  -52.302  50.560 0.0000000000
86767  -0.949  -52.863  50.336 0.0000000000
86769  -1.969  -54.417  50.355 0.0000000000
86770  -1.697  -54.766  49.833 0.0000000000
86771  -0.651  -54.682  48.833 0.0000000000
86772  -0.920  -54.335  49.340 0.0000000000
86773  -0.538  -54.120  49.091 0.0000000000
86774  -0.425  -53.559  49.336 0.0000000000
86775  -0.161  -53.905  48.840 0.0000000000
94316  -6.969  -52.445  56.708 0.0000000000
94317  -7.415  -52.651  56.955 0.0000000000
94318  -7.577  -53.232  56.658 0.0000000000
94319  -7.738  -53.813  56.348 0.0000000000
104386  -3.814  -50.429  55.018 0.0000000000
104387  -3.554  -50.794  54.501 0.0000000000
104388  -3.965  -51.000  54.796 0.0000000000
104390  -4.265  -52.142  54.315 0.0000000000
104391  -5.840  -53.919  54.544 0.0000000000
104392  -5.409  -53.707  54.297 0.0000000000
104393  -5.557  -54.281  53.998 0.0000000000
104394  -5.274  -54.640  53.450 0.0000000000
104395  -4.990  -54.997  52.901 0.0000000000
104397  -5.130  -55.566  52.583 0.0000000000
104399  -5.403  -56.703  51.910 0.0000000000
111960  -2.512  -52.230  52.425 0.0000000000
111961  -2.117  -52.020  52.141 0.0000000000
111962  -2.249  -52.585  51.907 0.0000000000
111963  -1.985  -52.937  51.390 0.0000000000
111967  -1.150  -55.459  48.794 0.0000000000
111971  -0.109  -55.372  47.824 0.0000000000
111972  0.164  -55.717  47.323 0.0000000000
117717  0.149  -50.766  50.376 0.0000000000
120232  -5.812  -52.401  55.659 0.0000000000
120233  -5.968  -52.978  55.380 0.0000000000
120234  -6.687  -52.817  56.172 0.0000000000
120235  -6.404  -53.187  55.632 0.0000000000
120236  -6.122  -53.554  55.089 0.0000000000
120237  -6.275  -54.130  54.786 0.0000000000
120238  -6.426  -54.706  54.471 0.0000000000
120239  -6.576  -55.280  54.146 0.0000000000
126121  -2.641  -54.281  51.133 0.0000000000
126123  -2.492  -55.196  50.317 0.0000000000
142132  -2.209  -49.613  53.775 0.0000000000
142136  -2.634  -51.308  53.170 0.0000000000
142137  -3.295  -51.156  53.982 0.0000000000
142138  -3.035  -51.516  53.463 0.0000000000
142139  -2.774  -51.874  52.944 0.0000000000
142140  -2.912  -52.441  52.706 0.0000000000
142141  -3.049  -53.008  52.456 0.0000000000
142142  -3.185  -53.575  52.194 0.0000000000
142143  -4.955  -51.986  55.121 0.0000000000
142144  -4.684  -52.351  54.589 0.0000000000
142145  -4.412  -52.713  54.056 0.0000000000
142146  -4.982  -53.496  54.044 0.0000000000
142147  -4.559  -53.284  53.785 0.0000000000
142148  -4.140  -53.073  53.522 0.0000000000
142149  -3.868  -53.431  52.988 0.0000000000
142150  -3.594  -53.787  52.454 0.0000000000
142151  -3.320  -54.142  51.919 0.0000000000
142168  -7.017  -55.493  54.367 0.0000000000
142169  -6.723  -55.853  53.809 0.0000000000
150776  1.539  -47.098  50.529 0.0000000000
150782  1.024  -45.521  51.947 0.0000000000
150783  1.233  -45.872  51.501 0.0000000000
150786  0.863  -47.477  51.227 0.0000000000
150787  0.516  -47.669  51.575 0.0000000000
150877  -2.456  -49.252  54.278 0.0000000000
150897  -6.644  -51.285  57.249 0.0000000000
157369  -0.197  -52.439  49.789 0.0000000000
157370  -2.241  -54.067  50.879 0.0000000000
157374  -1.188  -53.988  49.849 0.0000000000
157375  -1.069  -53.425  50.099 0.0000000000
157376  -0.688  -53.212  49.835 0.0000000000
157377  -0.312  -52.999  49.569 0.0000000000
157378  0.060  -52.786  49.302 0.0000000000
157379  0.319  -53.131  48.817 0.0000000000
