#!ascii label  , from subject fsaverage vox2ras=TkReg
101
380  5.833  30.875  49.077 0.0000000000
1847  4.502  25.388  51.756 0.0000000000
3391  -1.521  22.228  56.599 0.0000000000
6129  -6.041  32.494  55.660 0.0000000000
6178  4.034  30.799  50.229 0.0000000000
7212  -1.924  27.500  55.001 0.0000000000
7243  -0.164  27.712  53.851 0.0000000000
8165  1.610  27.885  52.724 0.0000000000
8166  3.396  28.023  51.593 0.0000000000
11733  5.236  32.223  48.968 0.0000000000
15931  -1.364  26.214  55.126 0.0000000000
15932  -1.693  24.831  55.823 0.0000000000
15934  -0.652  22.328  56.008 0.0000000000
17934  0.721  27.803  53.286 0.0000000000
17935  1.280  26.498  53.406 0.0000000000
17939  4.293  28.079  51.018 0.0000000000
24491  -5.491  22.865  58.945 0.0000000000
29776  4.934  30.842  49.660 0.0000000000
32276  -1.046  27.611  54.422 0.0000000000
32277  -0.486  26.318  54.548 0.0000000000
32279  -1.164  23.575  55.922 0.0000000000
32280  -0.291  23.673  55.336 0.0000000000
34799  0.147  29.117  53.149 0.0000000000
34807  5.519  29.501  49.758 0.0000000000
42453  5.536  31.548  49.026 0.0000000000
42454  5.686  32.236  48.679 0.0000000000
42455  5.986  31.561  48.732 0.0000000000
42457  6.282  30.888  48.778 0.0000000000
46651  -1.964  25.463  55.770 0.0000000000
65189  -6.615  31.650  56.371 0.0000000000
65190  -6.480  32.409  55.981 0.0000000000
65448  3.736  31.472  50.163 0.0000000000
65450  4.186  31.495  49.884 0.0000000000
65451  4.636  31.515  49.601 0.0000000000
65452  4.484  30.822  49.946 0.0000000000
70625  -2.362  27.440  55.295 0.0000000000
70627  -2.210  28.148  54.935 0.0000000000
70628  -2.060  28.859  54.573 0.0000000000
70629  -1.771  28.206  54.643 0.0000000000
70831  -1.331  28.262  54.354 0.0000000000
70832  -1.485  27.557  54.711 0.0000000000
70833  -1.089  25.575  55.184 0.0000000000
70835  -0.651  25.626  54.894 0.0000000000
70840  -1.342  22.899  56.261 0.0000000000
70842  -0.470  22.998  55.673 0.0000000000
70844  0.147  23.719  55.045 0.0000000000
76838  -0.449  28.365  53.783 0.0000000000
76840  -0.007  28.413  53.501 0.0000000000
76841  1.165  27.845  53.005 0.0000000000
76842  0.880  28.502  52.939 0.0000000000
76843  1.325  28.543  52.660 0.0000000000
76845  1.771  28.583  52.380 0.0000000000
76853  3.111  28.686  51.538 0.0000000000
76854  3.272  29.381  51.197 0.0000000000
76855  3.559  28.716  51.255 0.0000000000
76856  4.742  28.104  50.726 0.0000000000
76859  5.069  29.482  50.052 0.0000000000
99020  -5.737  31.823  55.730 0.0000000000
102403  -1.642  26.855  55.066 0.0000000000
102405  -1.527  25.520  55.476 0.0000000000
102406  -1.257  24.886  55.530 0.0000000000
102407  -1.271  21.613  56.638 0.0000000000
102408  -1.088  22.279  56.303 0.0000000000
106007  0.117  27.061  53.915 0.0000000000
106009  0.560  27.106  53.632 0.0000000000
106011  1.447  27.190  53.066 0.0000000000
116176  1.789  30.650  51.616 0.0000000000
118687  -2.297  24.086  56.465 0.0000000000
118693  -1.704  21.562  56.934 0.0000000000
130957  -7.054  31.557  56.696 0.0000000000
130963  -5.299  31.902  55.415 0.0000000000
131289  5.086  31.533  49.315 0.0000000000
131290  5.384  30.860  49.370 0.0000000000
138092  -1.179  28.969  53.996 0.0000000000
138093  -0.891  28.315  54.068 0.0000000000
138094  -0.605  27.663  54.136 0.0000000000
138095  -1.203  26.911  54.775 0.0000000000
138097  -0.324  27.013  54.200 0.0000000000
138100  0.498  25.080  54.371 0.0000000000
138102  -1.427  24.201  55.874 0.0000000000
138104  -0.906  22.950  55.966 0.0000000000
138105  -0.728  23.625  55.629 0.0000000000
138106  -0.553  24.305  55.289 0.0000000000
138107  -0.115  24.352  54.999 0.0000000000
138108  0.324  24.398  54.709 0.0000000000
138109  0.764  24.440  54.420 0.0000000000
145424  0.436  28.459  53.220 0.0000000000
145425  0.591  29.161  52.870 0.0000000000
145426  0.744  29.866  52.518 0.0000000000
145432  1.891  27.229  52.783 0.0000000000
145435  2.056  27.923  52.442 0.0000000000
145436  2.217  28.619  52.100 0.0000000000
145437  2.376  29.317  51.757 0.0000000000
145442  4.008  28.744  50.969 0.0000000000
145443  4.170  29.436  50.630 0.0000000000
145444  4.328  30.129  50.289 0.0000000000
145445  4.778  30.151  50.003 0.0000000000
145446  5.228  30.171  49.713 0.0000000000
145447  5.678  30.188  49.419 0.0000000000
145468  5.473  27.462  50.466 0.0000000000
145470  5.922  27.484  50.162 0.0000000000
