#!ascii label  , from subject fsaverage vox2ras=TkReg
18
19412  2.451  -44.310  50.488 0.0000000000
36599  3.440  -44.663  48.932 0.0000000000
50128  2.202  -43.098  51.360 0.0000000000
50132  2.260  -43.962  50.908 0.0000000000
50133  2.135  -44.477  50.869 0.0000000000
50134  1.941  -44.127  51.296 0.0000000000
81268  2.950  -44.489  49.699 0.0000000000
81275  1.891  -45.516  50.762 0.0000000000
81281  1.286  -44.464  52.073 0.0000000000
81282  0.951  -44.637  52.461 0.0000000000
108668  2.643  -44.655  50.071 0.0000000000
108670  2.330  -44.823  50.445 0.0000000000
108671  2.012  -44.995  50.820 0.0000000000
108672  1.688  -45.168  51.196 0.0000000000
108674  0.609  -44.812  52.849 0.0000000000
150778  1.616  -44.294  51.684 0.0000000000
150779  1.487  -44.818  51.633 0.0000000000
150780  1.359  -45.344  51.572 0.0000000000
