#!ascii label  , from subject fsaverage vox2ras=TkReg
835
135  -10.130  -85.278  22.683 0.0000000000
297  -17.515  -86.406  23.979 0.0000000000
306  2.212  -86.894  11.111 0.0000000000
565  -2.667  -81.984  21.458 0.0000000000
776  -19.288  -82.821  28.949 0.0000000000
1248  -12.258  -82.155  28.284 0.0000000000
1252  -6.376  -83.783  21.943 0.0000000000
1253  -4.177  -86.661  16.420 0.0000000000
1254  -8.128  -88.359  17.028 0.0000000000
1686  -15.866  -82.917  28.837 0.0000000000
1687  -13.895  -86.250  23.450 0.0000000000
2335  0.977  -80.040  21.372 0.0000000000
2336  -0.268  -84.631  16.186 0.0000000000
2337  -1.900  -89.270  11.113 0.0000000000
3168  -11.171  -83.716  25.504 0.0000000000
3169  -10.439  -81.535  27.929 0.0000000000
3170  -9.325  -83.061  25.125 0.0000000000
3171  -7.485  -82.300  24.756 0.0000000000
3172  -8.250  -84.580  22.296 0.0000000000
3173  -7.199  -86.086  19.472 0.0000000000
3174  -9.124  -86.830  19.847 0.0000000000
3768  -18.377  -84.614  26.515 0.0000000000
3769  -17.613  -82.991  28.963 0.0000000000
3770  -16.652  -84.723  26.411 0.0000000000
3771  -14.855  -84.587  26.184 0.0000000000
3772  -15.739  -86.450  23.765 0.0000000000
3773  -14.871  -88.160  21.049 0.0000000000
3797  4.215  -85.601  11.271 0.0000000000
5193  -3.852  -80.582  24.175 0.0000000000
5195  -2.062  -79.665  24.012 0.0000000000
5197  -0.836  -81.023  21.362 0.0000000000
5198  0.400  -82.323  18.771 0.0000000000
5199  -1.477  -83.341  18.792 0.0000000000
5200  -5.078  -88.981  13.954 0.0000000000
5201  -3.050  -88.014  13.743 0.0000000000
5202  -3.983  -90.320  11.271 0.0000000000
6007  -19.196  -86.094  24.063 0.0000000000
6008  -18.433  -87.946  21.553 0.0000000000
6024  2.936  -84.642  13.736 0.0000000000
6861  -5.659  -81.465  24.430 0.0000000000
6862  -4.513  -82.910  21.658 0.0000000000
6863  -3.371  -84.322  18.925 0.0000000000
6864  -5.280  -85.243  19.158 0.0000000000
6865  -6.148  -87.561  16.686 0.0000000000
7775  -14.073  -82.628  28.600 0.0000000000
7776  -13.019  -84.238  25.869 0.0000000000
7777  -12.015  -85.846  23.077 0.0000000000
7778  -11.053  -87.447  20.257 0.0000000000
7779  -12.977  -87.902  20.670 0.0000000000
9564  1.474  -77.779  23.967 0.0000000000
9566  2.261  -81.275  18.858 0.0000000000
9567  1.659  -83.539  16.233 0.0000000000
9568  0.965  -85.826  13.630 0.0000000000
9569  -2.216  -85.678  16.249 0.0000000000
9570  -1.035  -86.956  13.631 0.0000000000
10848  -10.645  -84.497  24.097 0.0000000000
10849  -10.248  -83.404  25.314 0.0000000000
10850  -9.714  -84.174  23.904 0.0000000000
10851  -8.784  -83.821  23.712 0.0000000000
10852  -9.190  -84.943  22.487 0.0000000000
10853  -8.673  -85.709  21.069 0.0000000000
10854  -9.624  -86.056  21.265 0.0000000000
11448  -17.940  -85.510  25.259 0.0000000000
11449  -17.525  -84.700  26.480 0.0000000000
11450  -17.076  -85.581  25.195 0.0000000000
11451  -16.190  -85.588  25.099 0.0000000000
11452  -16.638  -86.460  23.887 0.0000000000
11453  -16.212  -87.335  22.558 0.0000000000
11454  -17.102  -87.299  22.677 0.0000000000
11477  3.220  -86.256  11.178 0.0000000000
12873  -3.259  -81.287  22.812 0.0000000000
12874  -2.955  -80.126  24.081 0.0000000000
12875  -2.353  -80.821  22.733 0.0000000000
12876  -1.450  -80.350  22.680 0.0000000000
12877  -1.750  -81.506  21.397 0.0000000000
12878  -1.144  -82.179  20.075 0.0000000000
12879  -2.073  -82.669  20.118 0.0000000000
12881  -4.533  -89.662  12.607 0.0000000000
13851  -19.596  -85.166  25.281 0.0000000000
15273  -6.928  -83.043  23.348 0.0000000000
15274  -6.570  -81.890  24.586 0.0000000000
15275  -6.004  -82.624  23.186 0.0000000000
15276  -5.085  -82.191  23.040 0.0000000000
15277  -5.443  -83.354  21.791 0.0000000000
15278  -4.884  -84.078  20.405 0.0000000000
15279  -5.828  -84.517  20.545 0.0000000000
15280  -7.650  -87.228  18.245 0.0000000000
15281  -6.675  -86.829  18.073 0.0000000000
15282  -7.137  -87.974  16.848 0.0000000000
15283  -6.620  -88.707  15.464 0.0000000000
17066  -16.747  -82.983  28.916 0.0000000000
17067  -17.261  -82.130  30.182 0.0000000000
17068  -16.392  -82.079  30.130 0.0000000000
17072  -14.974  -82.798  28.731 0.0000000000
17073  -14.369  -85.420  24.825 0.0000000000
17074  -13.940  -84.437  26.035 0.0000000000
17075  -13.442  -85.255  24.659 0.0000000000
17076  -12.511  -85.042  24.479 0.0000000000
17077  -12.957  -86.070  23.268 0.0000000000
17078  -12.483  -86.885  21.870 0.0000000000
17079  -13.432  -87.077  22.064 0.0000000000
21348  0.344  -79.394  22.650 0.0000000000
21349  0.595  -78.258  23.943 0.0000000000
21350  1.235  -78.908  22.673 0.0000000000
21353  2.529  -80.150  20.172 0.0000000000
21354  1.616  -80.669  20.109 0.0000000000
21355  0.078  -83.474  17.475 0.0000000000
21356  1.026  -82.943  17.496 0.0000000000
21357  0.698  -84.090  16.196 0.0000000000
21358  1.324  -84.681  14.927 0.0000000000
21359  0.345  -85.243  14.902 0.0000000000
21360  -3.762  -85.492  17.668 0.0000000000
21361  -2.796  -85.008  17.579 0.0000000000
21362  -3.195  -86.179  16.321 0.0000000000
21363  -2.477  -88.656  12.423 0.0000000000
21364  -2.041  -87.496  13.673 0.0000000000
21365  -1.454  -88.116  12.368 0.0000000000
21366  -0.435  -87.554  12.340 0.0000000000
21367  -0.864  -88.707  11.072 0.0000000000
21369  -1.319  -89.853  9.811 0.0000000000
24134  -11.708  -82.935  26.899 0.0000000000
24135  -11.348  -81.861  28.109 0.0000000000
24136  -10.793  -82.632  26.716 0.0000000000
24137  -9.877  -82.298  26.531 0.0000000000
24138  -8.962  -81.937  26.345 0.0000000000
24139  -8.050  -81.554  26.163 0.0000000000
24140  -8.404  -82.691  24.937 0.0000000000
24141  -7.855  -83.443  23.525 0.0000000000
24142  -7.312  -84.192  22.113 0.0000000000
24143  -6.774  -84.937  20.705 0.0000000000
24144  -7.723  -85.336  20.881 0.0000000000
24145  -8.161  -86.472  19.654 0.0000000000
24146  -8.627  -87.599  18.433 0.0000000000
25214  -18.827  -83.717  27.746 0.0000000000
25215  -18.462  -82.938  28.975 0.0000000000
25216  -17.987  -83.819  27.741 0.0000000000
25217  -17.126  -83.857  27.700 0.0000000000
25218  -16.247  -83.833  27.626 0.0000000000
25219  -15.354  -83.753  27.522 0.0000000000
25220  -15.761  -84.684  26.311 0.0000000000
25221  -15.286  -85.533  24.974 0.0000000000
25222  -14.823  -86.378  23.618 0.0000000000
25223  -14.372  -87.219  22.247 0.0000000000
25224  -15.301  -87.307  22.413 0.0000000000
27785  -1.172  -79.200  23.966 0.0000000000
27786  -0.551  -79.874  22.653 0.0000000000
27787  0.073  -80.535  21.354 0.0000000000
27788  0.700  -81.179  20.070 0.0000000000
27789  -0.220  -81.682  20.059 0.0000000000
27790  -0.536  -82.835  18.768 0.0000000000
27791  -0.876  -83.995  17.482 0.0000000000
27792  -4.615  -87.825  15.183 0.0000000000
27793  -3.617  -87.348  15.074 0.0000000000
27794  -4.062  -88.510  13.837 0.0000000000
27795  -3.503  -89.172  12.504 0.0000000000
27796  -2.939  -89.808  11.180 0.0000000000
29371  -20.087  -82.635  28.881 0.0000000000
29374  -19.642  -83.549  27.712 0.0000000000
29375  -19.206  -84.460  26.513 0.0000000000
29376  -18.781  -85.372  25.288 0.0000000000
29377  -18.368  -86.284  24.039 0.0000000000
29378  -17.969  -87.195  22.766 0.0000000000
29417  3.576  -85.141  12.501 0.0000000000
29418  2.587  -85.767  12.420 0.0000000000
31367  -7.142  -81.152  25.988 0.0000000000
31370  -4.753  -81.029  24.293 0.0000000000
31371  -4.170  -81.744  22.915 0.0000000000
31372  -3.588  -82.453  21.546 0.0000000000
31373  -3.006  -83.151  20.188 0.0000000000
31374  -3.943  -83.622  20.285 0.0000000000
31375  -4.324  -84.791  19.030 0.0000000000
31376  -4.730  -85.958  17.782 0.0000000000
31377  -6.239  -85.676  19.306 0.0000000000
31378  -5.702  -86.404  17.918 0.0000000000
31379  -5.161  -87.122  16.543 0.0000000000
31380  -5.616  -88.279  15.313 0.0000000000
31381  -6.097  -89.425  14.092 0.0000000000
33713  -18.115  -82.124  30.201 0.0000000000
33720  -13.723  -81.618  29.806 0.0000000000
33721  -13.167  -82.412  28.449 0.0000000000
33722  -14.450  -83.618  27.393 0.0000000000
33723  -13.539  -83.434  27.243 0.0000000000
33724  -12.624  -83.204  27.077 0.0000000000
33725  -12.095  -83.996  25.690 0.0000000000
33726  -11.578  -84.788  24.290 0.0000000000
33727  -11.072  -85.580  22.880 0.0000000000
33728  -10.577  -86.370  21.466 0.0000000000
33729  -11.530  -86.648  21.669 0.0000000000
33732  -13.930  -88.058  20.866 0.0000000000
33738  -17.580  -88.102  21.469 0.0000000000
38930  -0.041  -77.593  25.227 0.0000000000
38931  0.830  -77.127  25.228 0.0000000000
38937  3.185  -80.735  18.939 0.0000000000
38938  2.911  -81.854  17.617 0.0000000000
38939  1.332  -81.803  18.801 0.0000000000
38940  1.971  -82.404  17.543 0.0000000000
38941  2.615  -82.978  16.296 0.0000000000
38943  1.954  -85.241  13.670 0.0000000000
38944  1.587  -86.378  12.366 0.0000000000
38945  -2.422  -83.837  18.845 0.0000000000
38946  -1.834  -84.508  17.517 0.0000000000
38947  -1.240  -85.161  16.204 0.0000000000
38948  -2.621  -86.849  14.990 0.0000000000
38949  -1.629  -86.330  14.933 0.0000000000
38950  -0.639  -85.793  14.904 0.0000000000
38951  -0.032  -86.398  13.617 0.0000000000
38952  0.580  -86.974  12.340 0.0000000000
38963  -10.089  -87.157  20.049 0.0000000000
38964  -9.604  -87.940  18.633 0.0000000000
38965  -9.119  -88.714  17.223 0.0000000000
41568  -10.386  -84.888  23.391 0.0000000000
41569  -10.179  -84.340  24.001 0.0000000000
41570  -9.918  -84.727  23.293 0.0000000000
41571  -9.451  -84.559  23.196 0.0000000000
41572  -9.660  -85.114  22.585 0.0000000000
41573  -9.403  -85.501  21.876 0.0000000000
41574  -9.876  -85.667  21.974 0.0000000000
42168  -17.726  -85.958  24.622 0.0000000000
42169  -17.511  -85.554  25.231 0.0000000000
42170  -17.294  -85.998  24.587 0.0000000000
42171  -16.855  -86.021  24.544 0.0000000000
42172  -17.080  -86.441  23.937 0.0000000000
42173  -16.868  -86.884  23.281 0.0000000000
42174  -17.308  -86.853  23.331 0.0000000000
42197  2.717  -86.577  11.141 0.0000000000
42198  3.032  -86.813  10.518 0.0000000000
42199  2.524  -87.137  10.485 0.0000000000
43593  -2.963  -81.637  22.133 0.0000000000
43594  -2.806  -81.055  22.769 0.0000000000
43595  -2.507  -81.402  22.095 0.0000000000
43596  -2.051  -81.165  22.063 0.0000000000
43597  -2.208  -81.746  21.424 0.0000000000
43598  -1.908  -82.087  20.756 0.0000000000
43599  -2.370  -82.328  20.786 0.0000000000
44601  3.415  -82.962  15.721 0.0000000000
45983  -12.538  -81.764  28.972 0.0000000000
45993  -6.651  -83.413  22.645 0.0000000000
45994  -6.466  -82.836  23.265 0.0000000000
45995  -6.187  -83.204  22.564 0.0000000000
45996  -5.723  -82.990  22.487 0.0000000000
45997  -5.909  -83.571  21.865 0.0000000000
45998  -5.632  -83.936  21.167 0.0000000000
45999  -6.102  -84.151  21.243 0.0000000000
46000  -7.886  -87.795  17.635 0.0000000000
46001  -7.394  -87.602  17.545 0.0000000000
46002  -7.633  -88.170  16.935 0.0000000000
46003  -7.378  -88.542  16.239 0.0000000000
47785  -19.117  -82.442  29.566 0.0000000000
47786  -16.308  -82.957  28.880 0.0000000000
47787  -16.566  -82.535  29.523 0.0000000000
47788  -16.127  -82.498  29.486 0.0000000000
47790  -15.685  -82.449  29.442 0.0000000000
47791  -15.240  -82.386  29.391 0.0000000000
47792  -15.421  -82.864  28.787 0.0000000000
47793  -14.130  -85.835  24.140 0.0000000000
47794  -13.906  -85.343  24.744 0.0000000000
47795  -13.665  -85.755  24.054 0.0000000000
47796  -13.198  -85.663  23.965 0.0000000000
47797  -13.427  -86.166  23.361 0.0000000000
47798  -13.191  -86.577  22.665 0.0000000000
47799  -13.662  -86.664  22.758 0.0000000000
52068  0.660  -79.719  22.009 0.0000000000
52069  0.790  -79.152  22.658 0.0000000000
52071  1.556  -79.226  22.042 0.0000000000
52073  1.750  -80.103  20.762 0.0000000000
52074  1.296  -80.357  20.739 0.0000000000
52075  -0.092  -84.051  16.830 0.0000000000
52076  0.387  -83.785  16.834 0.0000000000
52077  0.215  -84.362  16.187 0.0000000000
52078  0.525  -84.666  15.548 0.0000000000
52079  0.038  -84.940  15.542 0.0000000000
52080  -3.966  -86.077  17.043 0.0000000000
52081  -3.479  -85.838  16.993 0.0000000000
52082  -3.685  -86.423  16.368 0.0000000000
52083  -2.189  -88.967  11.767 0.0000000000
52084  -1.965  -88.389  12.392 0.0000000000
52085  -1.674  -88.694  11.740 0.0000000000
52086  -1.160  -88.416  11.719 0.0000000000
52087  -1.382  -88.992  11.089 0.0000000000
52089  -1.610  -89.566  10.461 0.0000000000
55583  -11.438  -83.326  26.203 0.0000000000
55584  -11.250  -82.788  26.808 0.0000000000
55585  -10.979  -83.176  26.110 0.0000000000
55586  -9.787  -83.236  25.219 0.0000000000
55587  -10.059  -82.852  25.923 0.0000000000
55588  -9.600  -82.680  25.829 0.0000000000
55589  -9.419  -82.121  26.438 0.0000000000
55590  -9.141  -82.500  25.735 0.0000000000
55591  -8.682  -82.314  25.642 0.0000000000
55592  -8.865  -82.879  25.030 0.0000000000
55593  -8.516  -84.201  23.004 0.0000000000
55594  -8.319  -83.635  23.618 0.0000000000
55595  -8.049  -84.012  22.910 0.0000000000
55596  -7.583  -83.818  22.819 0.0000000000
55597  -7.781  -84.389  22.203 0.0000000000
55598  -7.514  -84.765  21.496 0.0000000000
55599  -7.986  -84.958  21.588 0.0000000000
55600  -8.895  -86.271  20.457 0.0000000000
55601  -8.416  -86.091  20.361 0.0000000000
55602  -8.642  -86.655  19.749 0.0000000000
55603  -8.390  -87.037  19.042 0.0000000000
55604  -8.876  -87.216  19.139 0.0000000000
57383  -18.600  -84.165  27.134 0.0000000000
57384  -18.409  -83.777  27.748 0.0000000000
57385  -18.180  -84.221  27.128 0.0000000000
57386  -17.091  -84.719  26.450 0.0000000000
57387  -17.323  -84.283  27.090 0.0000000000
57388  -16.887  -84.290  27.059 0.0000000000
57389  -16.689  -83.852  27.667 0.0000000000
57390  -16.447  -84.282  27.019 0.0000000000
57391  -16.002  -84.259  26.971 0.0000000000
57392  -16.208  -84.711  26.365 0.0000000000
57393  -15.963  -86.019  24.434 0.0000000000
57394  -15.740  -85.568  25.040 0.0000000000
57395  -15.510  -85.995  24.369 0.0000000000
57396  -15.053  -85.956  24.298 0.0000000000
57397  -15.283  -86.421  23.694 0.0000000000
57398  -15.059  -86.846  23.015 0.0000000000
57399  -15.519  -86.879  23.091 0.0000000000
57400  -16.454  -87.765  21.955 0.0000000000
57401  -16.003  -87.771  21.887 0.0000000000
57402  -16.251  -88.204  21.286 0.0000000000
57472  4.708  -85.268  11.327 0.0000000000
61658  -4.149  -80.226  24.860 0.0000000000
61660  -3.702  -80.002  24.807 0.0000000000
61661  -2.508  -79.896  24.044 0.0000000000
61662  -2.811  -79.547  24.717 0.0000000000
61663  -2.367  -79.318  24.681 0.0000000000
61665  -1.924  -79.088  24.651 0.0000000000
61666  -1.482  -78.858  24.626 0.0000000000
61667  -1.616  -79.433  23.986 0.0000000000
61668  -1.143  -80.688  22.019 0.0000000000
61669  -1.000  -80.112  22.663 0.0000000000
61670  -0.691  -80.448  22.007 0.0000000000
61671  -0.239  -80.206  22.001 0.0000000000
61672  -0.381  -80.779  21.354 0.0000000000
61673  -0.071  -81.107  20.706 0.0000000000
61674  -0.528  -81.354  20.708 0.0000000000
61675  -1.307  -82.759  19.433 0.0000000000
61676  -0.841  -82.509  19.419 0.0000000000
61677  -1.006  -83.089  18.777 0.0000000000
61678  -0.703  -83.414  18.124 0.0000000000
61679  -1.177  -83.670  18.135 0.0000000000
61680  -4.843  -88.404  14.567 0.0000000000
61681  -4.340  -88.170  14.508 0.0000000000
61682  -4.570  -88.749  13.893 0.0000000000
61683  -4.259  -89.994  11.938 0.0000000000
61684  -4.018  -89.420  12.553 0.0000000000
61685  -3.740  -89.747  11.886 0.0000000000
61686  -3.222  -89.494  11.841 0.0000000000
61687  -3.460  -90.068  11.223 0.0000000000
61689  -3.706  -90.639  10.606 0.0000000000
64590  -19.823  -83.898  27.092 0.0000000000
64591  -19.423  -84.004  27.116 0.0000000000
64592  -19.610  -84.358  26.498 0.0000000000
64593  -19.394  -85.630  24.675 0.0000000000
64594  -19.192  -85.278  25.289 0.0000000000
64595  -18.987  -85.738  24.675 0.0000000000
64596  -18.573  -85.828  24.666 0.0000000000
64597  -18.786  -86.197  24.055 0.0000000000
64598  -18.587  -86.657  23.429 0.0000000000
64682  3.422  -84.337  13.780 0.0000000000
64683  3.744  -84.585  13.165 0.0000000000
64684  3.256  -84.896  13.118 0.0000000000
64685  3.083  -85.456  12.457 0.0000000000
64686  2.764  -85.204  13.078 0.0000000000
68836  -10.893  -81.701  28.020 0.0000000000
68837  -11.177  -81.318  28.715 0.0000000000
68858  -7.766  -81.927  25.460 0.0000000000
68859  -7.595  -81.355  26.074 0.0000000000
68860  -7.310  -81.726  25.372 0.0000000000
68861  -6.114  -81.679  24.506 0.0000000000
68862  -6.401  -81.313  25.205 0.0000000000
68863  -5.948  -81.101  25.127 0.0000000000
68865  -5.497  -80.886  25.053 0.0000000000
68866  -5.046  -80.669  24.984 0.0000000000
68867  -5.206  -81.248  24.359 0.0000000000
68868  -4.799  -82.551  22.348 0.0000000000
68869  -4.627  -81.969  22.975 0.0000000000
68870  -4.338  -82.327  22.286 0.0000000000
68871  -3.879  -82.100  22.229 0.0000000000
68872  -4.050  -82.683  21.599 0.0000000000
68873  -3.762  -83.037  20.915 0.0000000000
68874  -4.228  -83.267  20.970 0.0000000000
68875  -5.079  -84.661  19.780 0.0000000000
68876  -4.604  -84.436  19.716 0.0000000000
68877  -4.802  -85.019  19.091 0.0000000000
68878  -4.524  -85.375  18.405 0.0000000000
68879  -5.006  -85.602  18.468 0.0000000000
68880  -6.983  -85.513  20.088 0.0000000000
68881  -6.506  -85.308  20.004 0.0000000000
68882  -6.718  -85.884  19.387 0.0000000000
68883  -6.412  -87.196  17.378 0.0000000000
68884  -6.188  -86.619  17.993 0.0000000000
68885  -5.922  -86.983  17.301 0.0000000000
68886  -5.432  -86.765  17.229 0.0000000000
68887  -5.654  -87.344  16.612 0.0000000000
68888  -5.386  -87.702  15.927 0.0000000000
68889  -5.883  -87.922  15.998 0.0000000000
68890  -6.866  -89.276  14.857 0.0000000000
68891  -6.359  -89.068  14.776 0.0000000000
74236  -18.040  -82.972  28.974 0.0000000000
74237  -18.286  -82.535  29.589 0.0000000000
74238  -17.862  -82.558  29.585 0.0000000000
74253  -14.345  -82.224  29.271 0.0000000000
74255  -13.894  -82.125  29.203 0.0000000000
74257  -13.620  -82.526  28.527 0.0000000000
74258  -15.103  -84.170  26.856 0.0000000000
74259  -14.903  -83.692  27.460 0.0000000000
74260  -14.649  -84.105  26.789 0.0000000000
74261  -13.480  -84.343  25.954 0.0000000000
74262  -13.736  -83.938  26.639 0.0000000000
74263  -13.277  -83.836  26.558 0.0000000000
74264  -13.082  -83.324  27.162 0.0000000000
74265  -12.818  -83.723  26.473 0.0000000000
74266  -12.358  -83.600  26.385 0.0000000000
74267  -12.557  -84.122  25.781 0.0000000000
74268  -12.262  -85.444  23.779 0.0000000000
74269  -12.044  -84.920  24.385 0.0000000000
74270  -11.793  -85.319  23.683 0.0000000000
74271  -11.324  -85.184  23.586 0.0000000000
74272  -11.544  -85.718  22.979 0.0000000000
74273  -11.297  -86.116  22.274 0.0000000000
74274  -11.771  -86.247  22.373 0.0000000000
74275  -12.727  -87.396  21.269 0.0000000000
74276  -12.249  -87.291  21.168 0.0000000000
74280  -14.619  -87.693  21.647 0.0000000000
74281  -14.150  -87.639  21.558 0.0000000000
74295  -18.199  -87.575  22.159 0.0000000000
74296  -17.773  -87.649  22.120 0.0000000000
74297  -18.010  -88.033  21.515 0.0000000000
87083  -0.601  -78.394  24.594 0.0000000000
87084  -0.478  -77.824  25.234 0.0000000000
87085  -0.162  -78.162  24.586 0.0000000000
87089  1.265  -76.891  25.237 0.0000000000
87090  1.588  -77.216  24.610 0.0000000000
87091  2.024  -76.976  24.631 0.0000000000
87095  2.895  -78.470  22.135 0.0000000000
87100  2.398  -80.712  19.515 0.0000000000
87101  2.856  -80.446  19.554 0.0000000000
87102  2.724  -81.006  18.895 0.0000000000
87105  0.553  -81.750  19.420 0.0000000000
87106  1.015  -81.494  19.434 0.0000000000
87107  0.867  -82.064  18.783 0.0000000000
87108  1.342  -83.245  16.863 0.0000000000
87109  1.499  -82.675  17.516 0.0000000000
87110  1.818  -82.971  16.887 0.0000000000
87111  2.292  -82.695  16.918 0.0000000000
87112  2.138  -83.260  16.261 0.0000000000
87115  1.147  -85.253  14.277 0.0000000000
87116  1.639  -84.965  14.297 0.0000000000
87117  1.460  -85.535  13.646 0.0000000000
87118  1.774  -85.809  13.017 0.0000000000
87119  1.276  -86.106  12.997 0.0000000000
87120  -3.185  -83.736  19.556 0.0000000000
87121  -2.714  -83.496  19.515 0.0000000000
87122  -2.896  -84.081  18.881 0.0000000000
87123  -2.507  -85.345  16.912 0.0000000000
87124  -2.315  -84.760  17.545 0.0000000000
87125  -2.022  -85.093  16.882 0.0000000000
87126  -1.538  -84.837  16.858 0.0000000000
87127  -1.728  -85.422  16.223 0.0000000000
87128  -3.334  -87.684  14.407 0.0000000000
87129  -3.119  -87.101  15.029 0.0000000000
87130  -2.833  -87.432  14.365 0.0000000000
87131  -1.537  -87.228  13.649 0.0000000000
87132  -1.832  -86.913  14.302 0.0000000000
87133  -1.333  -86.646  14.281 0.0000000000
87134  -1.134  -86.063  14.915 0.0000000000
87135  -0.834  -86.374  14.266 0.0000000000
87136  -0.336  -86.099  14.259 0.0000000000
87137  -0.533  -86.679  13.620 0.0000000000
87138  -0.134  -87.842  11.698 0.0000000000
87139  0.073  -87.266  12.336 0.0000000000
87141  0.886  -87.249  11.704 0.0000000000
87165  -10.812  -86.911  20.860 0.0000000000
87166  -10.332  -86.764  20.758 0.0000000000
87167  -10.571  -87.307  20.153 0.0000000000
87169  -10.092  -88.096  18.737 0.0000000000
93254  -10.907  -84.107  24.802 0.0000000000
93255  -10.710  -83.564  25.409 0.0000000000
93256  -10.443  -83.952  24.706 0.0000000000
93257  -9.980  -83.789  24.610 0.0000000000
93258  -9.516  -83.619  24.514 0.0000000000
93259  -9.053  -83.441  24.419 0.0000000000
93260  -9.249  -84.001  23.807 0.0000000000
93261  -8.983  -84.383  23.100 0.0000000000
93262  -8.720  -84.765  22.391 0.0000000000
93263  -8.458  -85.145  21.682 0.0000000000
93264  -8.930  -85.327  21.778 0.0000000000
93265  -9.148  -85.886  21.166 0.0000000000
93266  -9.374  -86.443  20.556 0.0000000000
94334  -18.157  -85.062  25.890 0.0000000000
94335  -17.954  -84.665  26.502 0.0000000000
94336  -17.730  -85.110  25.870 0.0000000000
94337  -17.299  -85.141  25.841 0.0000000000
94338  -16.861  -85.156  25.803 0.0000000000
94339  -16.419  -85.155  25.758 0.0000000000
94340  -16.635  -85.592  25.151 0.0000000000
94341  -16.412  -86.028  24.493 0.0000000000
94342  -16.191  -86.463  23.829 0.0000000000
94343  -15.974  -86.896  23.161 0.0000000000
94344  -16.424  -86.898  23.224 0.0000000000
94345  -16.660  -87.325  22.621 0.0000000000
94346  -16.900  -87.743  22.018 0.0000000000
94387  3.719  -85.931  11.221 0.0000000000
94389  3.536  -86.485  10.558 0.0000000000
96899  -3.556  -80.935  23.492 0.0000000000
96900  -3.403  -80.355  24.125 0.0000000000
96901  -3.104  -80.706  23.446 0.0000000000
96902  -2.654  -80.475  23.406 0.0000000000
96903  -2.204  -80.242  23.372 0.0000000000
96904  -1.756  -80.009  23.344 0.0000000000
96905  -1.901  -80.586  22.703 0.0000000000
96906  -1.597  -80.927  22.038 0.0000000000
96907  -1.292  -81.265  21.376 0.0000000000
96908  -0.987  -81.600  20.718 0.0000000000
96909  -1.447  -81.844  20.734 0.0000000000
96910  -1.608  -82.425  20.093 0.0000000000
96911  -1.775  -83.007  19.453 0.0000000000
96912  -5.319  -89.554  13.342 0.0000000000
96913  -4.806  -89.324  13.279 0.0000000000
96914  -5.050  -89.897  12.667 0.0000000000
96915  -4.779  -90.234  11.995 0.0000000000
96916  -4.507  -90.565  11.325 0.0000000000
98657  -20.574  -84.418  25.815 0.0000000000
98659  -19.800  -84.702  25.880 0.0000000000
98660  -19.991  -85.037  25.262 0.0000000000
101206  -9.984  -81.361  27.838 0.0000000000
101207  -10.270  -80.982  28.536 0.0000000000
101219  -7.205  -82.672  24.052 0.0000000000
101220  -7.027  -82.097  24.669 0.0000000000
101221  -6.745  -82.467  23.967 0.0000000000
101222  -6.286  -82.258  23.885 0.0000000000
101223  -5.828  -82.045  23.808 0.0000000000
101224  -5.372  -81.829  23.735 0.0000000000
101225  -5.544  -82.409  23.111 0.0000000000
101226  -5.261  -82.772  22.415 0.0000000000
101227  -4.978  -83.134  21.722 0.0000000000
101228  -4.695  -83.494  21.030 0.0000000000
101229  -5.163  -83.717  21.096 0.0000000000
101230  -5.356  -84.300  20.472 0.0000000000
101231  -5.554  -84.881  19.850 0.0000000000
101232  -7.421  -86.658  18.858 0.0000000000
101233  -6.937  -86.458  18.771 0.0000000000
101234  -7.162  -87.031  18.157 0.0000000000
101235  -6.903  -87.402  17.459 0.0000000000
101236  -6.643  -87.771  16.765 0.0000000000
101237  -6.381  -88.135  16.073 0.0000000000
101238  -6.879  -88.342  16.154 0.0000000000
101239  -7.123  -88.911  15.546 0.0000000000
104446  -17.182  -82.994  28.944 0.0000000000
104447  -17.434  -82.565  29.573 0.0000000000
104448  -17.002  -82.557  29.552 0.0000000000
104449  -16.828  -82.112  30.160 0.0000000000
104453  -15.784  -81.562  30.698 0.0000000000
104454  -15.343  -81.494  30.652 0.0000000000
104457  -14.793  -82.311  29.334 0.0000000000
104458  -14.524  -82.719  28.668 0.0000000000
104459  -14.610  -85.004  25.507 0.0000000000
104460  -14.398  -84.519  26.112 0.0000000000
104461  -14.151  -84.931  25.430 0.0000000000
104462  -13.689  -84.846  25.349 0.0000000000
104463  -13.227  -84.749  25.264 0.0000000000
104464  -12.763  -84.640  25.175 0.0000000000
104465  -12.977  -85.154  24.570 0.0000000000
104466  -12.730  -85.559  23.873 0.0000000000
104467  -12.487  -85.963  23.174 0.0000000000
104468  -12.245  -86.368  22.472 0.0000000000
104469  -12.719  -86.478  22.570 0.0000000000
104470  -12.958  -86.987  21.968 0.0000000000
104471  -13.204  -87.489  21.368 0.0000000000
104482  -18.250  -88.407  20.910 0.0000000000
112158  1.357  -78.343  23.321 0.0000000000
112160  1.679  -78.662  22.692 0.0000000000
112161  2.003  -78.976  22.068 0.0000000000
112162  2.329  -79.285  21.446 0.0000000000
112164  2.203  -79.847  20.792 0.0000000000
112165  2.073  -80.410  20.137 0.0000000000
112166  1.938  -80.975  19.482 0.0000000000
112167  0.242  -82.897  18.122 0.0000000000
112168  0.713  -82.636  18.132 0.0000000000
112169  0.553  -83.210  17.482 0.0000000000
112170  0.865  -83.516  16.845 0.0000000000
112171  1.179  -83.816  16.211 0.0000000000
112172  1.494  -84.109  15.579 0.0000000000
112173  1.010  -84.389  15.560 0.0000000000
112174  0.835  -84.963  14.911 0.0000000000
112175  0.654  -85.538  14.264 0.0000000000
112176  -3.563  -84.907  18.295 0.0000000000
112177  -3.084  -84.667  18.250 0.0000000000
112178  -3.278  -85.252  17.620 0.0000000000
112179  -2.992  -85.594  16.949 0.0000000000
112180  -2.705  -85.931  16.282 0.0000000000
112181  -2.764  -88.338  13.082 0.0000000000
112182  -2.545  -87.758  13.705 0.0000000000
112183  -2.256  -88.077  13.047 0.0000000000
112184  -1.748  -87.809  13.019 0.0000000000
112185  -1.241  -87.536  12.998 0.0000000000
112186  -0.735  -87.259  12.984 0.0000000000
112187  -0.944  -87.838  12.351 0.0000000000
112188  -0.646  -88.131  11.705 0.0000000000
112189  -0.348  -88.417  11.061 0.0000000000
117752  -11.982  -82.545  27.593 0.0000000000
117753  -11.803  -82.012  28.197 0.0000000000
117754  -11.525  -82.400  27.504 0.0000000000
117755  -11.069  -82.246  27.414 0.0000000000
117756  -10.613  -82.085  27.323 0.0000000000
117757  -10.519  -83.018  26.016 0.0000000000
117758  -10.335  -82.469  26.624 0.0000000000
117759  -10.156  -81.916  27.231 0.0000000000
117760  -9.700  -81.741  27.139 0.0000000000
117761  -9.245  -81.559  27.047 0.0000000000
117764  -8.506  -81.748  26.253 0.0000000000
117765  -8.224  -82.123  25.550 0.0000000000
117766  -7.944  -82.498  24.846 0.0000000000
117767  -8.591  -83.257  24.324 0.0000000000
117768  -8.128  -83.067  24.231 0.0000000000
117769  -7.666  -82.872  24.140 0.0000000000
117770  -7.391  -83.245  23.435 0.0000000000
117771  -7.117  -83.618  22.730 0.0000000000
117772  -6.844  -83.990  22.026 0.0000000000
117773  -6.572  -84.361  21.324 0.0000000000
117774  -7.043  -84.565  21.408 0.0000000000
117775  -7.248  -85.139  20.791 0.0000000000
117776  -7.460  -85.712  20.176 0.0000000000
117777  -8.198  -85.526  20.974 0.0000000000
117778  -7.938  -85.905  20.267 0.0000000000
117779  -7.679  -86.282  19.561 0.0000000000
117780  -7.905  -86.851  18.948 0.0000000000
117781  -8.138  -87.417  18.337 0.0000000000
117782  -8.378  -87.981  17.729 0.0000000000
120272  -19.056  -83.269  28.351 0.0000000000
120273  -18.878  -82.888  28.967 0.0000000000
120274  -18.642  -83.332  28.361 0.0000000000
120275  -18.222  -83.379  28.362 0.0000000000
120276  -17.798  -83.409  28.353 0.0000000000
120277  -17.754  -84.260  27.114 0.0000000000
120278  -17.559  -83.846  27.725 0.0000000000
120279  -17.368  -83.424  28.335 0.0000000000
120280  -16.934  -83.423  28.308 0.0000000000
120281  -16.496  -83.408  28.274 0.0000000000
120282  -16.054  -83.378  28.232 0.0000000000
120283  -15.609  -83.335  28.182 0.0000000000
120284  -15.803  -83.800  27.577 0.0000000000
120285  -15.554  -84.221  26.917 0.0000000000
120286  -15.309  -84.642  26.251 0.0000000000
120287  -15.972  -85.139  25.705 0.0000000000
120288  -15.522  -85.108  25.645 0.0000000000
120289  -15.067  -85.063  25.579 0.0000000000
120290  -14.829  -85.483  24.902 0.0000000000
120291  -14.593  -85.902  24.221 0.0000000000
120292  -14.360  -86.321  23.536 0.0000000000
120293  -14.131  -86.738  22.848 0.0000000000
120294  -14.597  -86.799  22.934 0.0000000000
120295  -14.838  -87.270  22.332 0.0000000000
120296  -15.085  -87.734  21.732 0.0000000000
120297  -15.759  -87.329  22.488 0.0000000000
126262  -3.256  -79.775  24.759 0.0000000000
126270  -1.041  -78.627  24.607 0.0000000000
126272  -1.308  -79.774  23.323 0.0000000000
126273  -0.862  -79.538  23.307 0.0000000000
126274  -0.416  -79.302  23.298 0.0000000000
126275  -0.103  -79.634  22.648 0.0000000000
126276  0.211  -79.963  22.002 0.0000000000
126277  0.526  -80.288  21.360 0.0000000000
126278  0.841  -80.609  20.721 0.0000000000
126279  0.386  -80.859  20.710 0.0000000000
126280  0.241  -81.431  20.061 0.0000000000
126281  0.090  -82.005  19.413 0.0000000000
126282  -0.682  -81.931  20.063 0.0000000000
126283  -0.375  -82.258  19.413 0.0000000000
126284  -0.067  -82.580  18.766 0.0000000000
126285  -0.230  -83.157  18.120 0.0000000000
126286  -0.398  -83.736  17.475 0.0000000000
126287  -0.573  -84.316  16.832 0.0000000000
126288  -4.393  -87.244  15.800 0.0000000000
126289  -3.898  -87.007  15.745 0.0000000000
126290  -4.116  -87.589  15.126 0.0000000000
126291  -3.836  -87.930  14.455 0.0000000000
126292  -3.556  -88.265  13.787 0.0000000000
126293  -4.294  -89.087  13.221 0.0000000000
126294  -3.783  -88.844  13.169 0.0000000000
126295  -3.273  -88.594  13.122 0.0000000000
126296  -2.990  -88.917  12.460 0.0000000000
126297  -2.705  -89.233  11.801 0.0000000000
126298  -2.419  -89.542  11.144 0.0000000000
126299  -2.132  -89.844  10.488 0.0000000000
126300  -2.656  -90.116  10.522 0.0000000000
130188  -19.922  -82.282  29.503 0.0000000000
130189  -19.692  -82.736  28.921 0.0000000000
130194  -20.802  -83.165  27.582 0.0000000000
130195  -20.637  -82.845  28.207 0.0000000000
130196  -20.255  -82.978  28.259 0.0000000000
130199  -19.238  -83.641  27.734 0.0000000000
130200  -19.015  -84.093  27.130 0.0000000000
130201  -18.795  -84.545  26.519 0.0000000000
130202  -19.400  -84.818  25.897 0.0000000000
130203  -18.992  -84.916  25.904 0.0000000000
130204  -18.577  -84.997  25.902 0.0000000000
130205  -18.363  -85.450  25.278 0.0000000000
130206  -18.153  -85.902  24.648 0.0000000000
130207  -17.945  -86.353  24.013 0.0000000000
130208  -17.740  -86.805  23.372 0.0000000000
130209  -18.167  -86.740  23.405 0.0000000000
130210  -18.392  -87.116  22.797 0.0000000000
130211  -18.619  -87.483  22.189 0.0000000000
130213  -19.032  -87.374  22.210 0.0000000000
130214  -18.849  -87.841  21.581 0.0000000000
130316  4.065  -84.823  12.551 0.0000000000
130317  3.895  -85.376  11.886 0.0000000000
130318  3.401  -85.698  11.839 0.0000000000
130319  2.903  -86.016  11.798 0.0000000000
130320  2.403  -86.330  11.765 0.0000000000
135577  -11.631  -81.475  28.802 0.0000000000
135608  -6.855  -81.521  25.287 0.0000000000
135615  -4.597  -80.449  24.919 0.0000000000
135616  -4.302  -80.806  24.231 0.0000000000
135617  -4.916  -81.609  23.666 0.0000000000
135618  -4.461  -81.387  23.603 0.0000000000
135619  -4.008  -81.163  23.545 0.0000000000
135620  -3.714  -81.517  22.860 0.0000000000
135621  -3.420  -81.870  22.178 0.0000000000
135622  -3.127  -82.220  21.499 0.0000000000
135623  -2.833  -82.567  20.822 0.0000000000
135624  -3.297  -82.804  20.865 0.0000000000
135625  -3.474  -83.388  20.233 0.0000000000
135626  -3.657  -83.973  19.603 0.0000000000
135627  -4.413  -83.852  20.342 0.0000000000
135628  -4.130  -84.207  19.656 0.0000000000
135629  -3.847  -84.559  18.974 0.0000000000
135630  -4.043  -85.143  18.347 0.0000000000
135631  -4.246  -85.728  17.722 0.0000000000
135632  -4.454  -86.311  17.099 0.0000000000
135633  -6.301  -84.730  20.623 0.0000000000
135634  -6.030  -85.097  19.925 0.0000000000
135635  -5.759  -85.462  19.230 0.0000000000
135636  -6.453  -86.253  18.689 0.0000000000
135637  -5.970  -86.041  18.611 0.0000000000
135638  -5.488  -85.824  18.537 0.0000000000
135639  -5.216  -86.184  17.848 0.0000000000
135640  -4.943  -86.541  17.162 0.0000000000
135641  -4.669  -86.894  16.479 0.0000000000
135642  -4.889  -87.476  15.861 0.0000000000
135643  -5.115  -88.055  15.245 0.0000000000
135644  -5.348  -88.632  14.632 0.0000000000
135645  -6.118  -88.497  15.386 0.0000000000
135646  -5.853  -88.854  14.701 0.0000000000
135647  -5.587  -89.207  14.020 0.0000000000
142256  -17.690  -82.134  30.196 0.0000000000
142279  -12.712  -82.288  28.368 0.0000000000
142280  -15.161  -83.278  28.127 0.0000000000
142281  -14.710  -83.208  28.065 0.0000000000
142282  -14.258  -83.126  27.997 0.0000000000
142283  -14.193  -84.028  26.717 0.0000000000
142284  -13.995  -83.532  27.321 0.0000000000
142285  -13.804  -83.031  27.924 0.0000000000
142286  -13.349  -82.925  27.846 0.0000000000
142287  -12.894  -82.809  27.765 0.0000000000
142288  -12.438  -82.682  27.680 0.0000000000
142289  -12.166  -83.075  26.989 0.0000000000
142290  -11.898  -83.467  26.295 0.0000000000
142291  -11.633  -83.860  25.598 0.0000000000
142292  -12.299  -84.521  25.084 0.0000000000
142293  -11.835  -84.392  24.992 0.0000000000
142294  -11.371  -84.254  24.897 0.0000000000
142295  -11.111  -84.647  24.194 0.0000000000
142296  -10.855  -85.040  23.489 0.0000000000
142297  -10.601  -85.433  22.782 0.0000000000
142298  -10.350  -85.826  22.074 0.0000000000
142299  -10.823  -85.975  22.174 0.0000000000
142300  -11.053  -86.514  21.567 0.0000000000
142301  -11.291  -87.048  20.963 0.0000000000
142302  -12.007  -86.771  21.770 0.0000000000
142303  -11.770  -87.175  21.066 0.0000000000
142304  -11.535  -87.577  20.361 0.0000000000
142305  -11.786  -88.102  19.761 0.0000000000
142308  -13.903  -87.155  22.157 0.0000000000
142309  -13.678  -87.570  21.465 0.0000000000
142310  -13.455  -87.986  20.770 0.0000000000
142312  -13.712  -88.476  20.173 0.0000000000
142326  -17.539  -87.255  22.725 0.0000000000
142327  -17.339  -87.705  22.073 0.0000000000
157751  0.277  -77.928  24.584 0.0000000000
157752  0.395  -77.361  25.225 0.0000000000
157770  3.314  -80.177  19.599 0.0000000000
157771  3.645  -80.461  18.988 0.0000000000
157775  1.158  -80.925  20.086 0.0000000000
157776  1.477  -81.235  19.455 0.0000000000
157777  1.797  -81.540  18.826 0.0000000000
157778  1.182  -82.373  18.148 0.0000000000
157779  1.651  -82.107  18.171 0.0000000000
157780  2.118  -81.839  18.200 0.0000000000
157781  2.441  -82.131  17.577 0.0000000000
157788  2.128  -84.673  14.324 0.0000000000
157789  2.446  -84.943  13.699 0.0000000000
157790  2.270  -85.508  13.044 0.0000000000
157791  2.088  -86.074  12.390 0.0000000000
157792  1.900  -86.640  11.738 0.0000000000
157793  -2.539  -82.912  20.150 0.0000000000
157794  -2.244  -83.253  19.480 0.0000000000
157795  -1.949  -83.590  18.815 0.0000000000
157796  -2.606  -84.422  18.211 0.0000000000
157797  -2.128  -84.174  18.179 0.0000000000
157798  -1.652  -83.924  18.154 0.0000000000
157799  -1.354  -84.253  17.496 0.0000000000
157800  -1.055  -84.578  16.842 0.0000000000
157801  -0.754  -84.897  16.191 0.0000000000
157802  -3.403  -86.764  15.696 0.0000000000
157803  -2.909  -86.517  15.654 0.0000000000
157804  -2.416  -86.264  15.618 0.0000000000
157805  -2.332  -87.175  14.330 0.0000000000
157806  -2.125  -86.592  14.958 0.0000000000
157807  -1.923  -86.007  15.589 0.0000000000
157808  -1.431  -85.745  15.567 0.0000000000
157809  -0.941  -85.480  15.552 0.0000000000
157810  -0.451  -85.211  15.544 0.0000000000
157811  -0.146  -85.519  14.899 0.0000000000
157812  0.160  -85.820  14.258 0.0000000000
157813  0.467  -86.114  13.620 0.0000000000
157814  -0.230  -86.976  12.977 0.0000000000
157815  0.273  -86.690  12.977 0.0000000000
157816  0.775  -86.400  12.984 0.0000000000
157817  1.084  -86.678  12.350 0.0000000000
157818  1.394  -86.947  11.718 0.0000000000
157847  -10.100  -86.217  21.365 0.0000000000
157848  -9.853  -86.608  20.656 0.0000000000
157849  -9.606  -86.998  19.947 0.0000000000
157850  -10.331  -87.702  19.445 0.0000000000
157851  -9.846  -87.549  19.341 0.0000000000
157852  -9.361  -87.386  19.239 0.0000000000
157853  -9.115  -87.774  18.532 0.0000000000
157854  -8.870  -88.159  17.826 0.0000000000
157855  -8.624  -88.541  17.124 0.0000000000
157864  -8.377  -88.920  16.424 0.0000000000
