#!ascii label  , from subject fsaverage vox2ras=TkReg
805
292  -8.611  -52.682  57.959 0.0000000000
293  -3.923  -58.445  49.089 0.0000000000
294  -10.978  -61.880  51.735 0.0000000000
773  -9.881  -57.332  55.177 0.0000000000
774  -13.615  -58.914  56.289 0.0000000000
1240  -4.855  -62.900  45.750 0.0000000000
1241  -1.544  -61.182  44.572 0.0000000000
1245  -19.154  -68.742  48.145 0.0000000000
1681  -7.364  -60.180  50.551 0.0000000000
1682  -8.333  -64.630  46.831 0.0000000000
2321  -0.706  -56.710  47.461 0.0000000000
2327  -14.668  -63.423  52.488 0.0000000000
2693  -13.014  -56.599  57.979 0.0000000000
2694  -14.913  -57.312  58.404 0.0000000000
3760  -10.451  -59.619  53.536 0.0000000000
3761  -8.628  -58.776  52.895 0.0000000000
3762  -9.157  -61.040  51.188 0.0000000000
3763  -7.861  -62.416  48.774 0.0000000000
3764  -9.654  -63.272  49.321 0.0000000000
5160  -3.431  -56.192  50.473 0.0000000000
5161  -1.817  -55.329  49.549 0.0000000000
5162  -2.285  -57.576  48.290 0.0000000000
5176  -16.025  -61.868  54.698 0.0000000000
5177  -16.514  -64.072  52.656 0.0000000000
5999  -9.264  -55.016  56.659 0.0000000000
6000  -11.124  -55.826  57.392 0.0000000000
6001  -11.738  -58.145  55.803 0.0000000000
6002  -12.299  -60.430  54.062 0.0000000000
6840  -4.394  -60.682  47.514 0.0000000000
6841  -2.735  -59.814  46.829 0.0000000000
6842  -3.177  -62.038  45.168 0.0000000000
6850  -16.967  -66.219  50.508 0.0000000000
7760  -5.108  -57.055  51.348 0.0000000000
7761  -8.059  -56.492  54.433 0.0000000000
7762  -6.842  -57.917  52.159 0.0000000000
7763  -5.616  -59.313  49.847 0.0000000000
7764  -6.104  -61.550  48.166 0.0000000000
7765  -6.575  -63.766  46.308 0.0000000000
9521  -1.332  -53.076  50.606 0.0000000000
9522  -0.271  -54.466  48.591 0.0000000000
9524  -1.129  -58.949  46.122 0.0000000000
9539  -15.495  -59.614  56.617 0.0000000000
9540  -14.162  -61.189  54.456 0.0000000000
9541  -12.819  -62.682  52.175 0.0000000000
9542  -15.141  -65.606  50.402 0.0000000000
9543  -13.304  -64.891  50.154 0.0000000000
9544  -11.471  -64.105  49.786 0.0000000000
10373  -14.600  -56.148  59.239 0.0000000000
10374  -15.553  -56.479  59.409 0.0000000000
11440  -10.719  -60.753  52.655 0.0000000000
11441  -9.805  -60.335  52.372 0.0000000000
11442  -10.065  -61.463  51.474 0.0000000000
11443  -9.409  -62.160  50.274 0.0000000000
11444  -10.317  -62.582  50.538 0.0000000000
12840  -3.680  -57.320  49.805 0.0000000000
12841  -2.859  -56.887  49.380 0.0000000000
12842  -3.097  -58.010  48.694 0.0000000000
12856  -17.195  -63.268  53.732 0.0000000000
13838  -10.799  -54.657  58.122 0.0000000000
13839  -11.742  -55.049  58.462 0.0000000000
13840  -13.321  -57.761  57.153 0.0000000000
13841  -12.378  -57.381  56.904 0.0000000000
13842  -12.675  -58.536  56.065 0.0000000000
13843  -12.025  -59.292  54.951 0.0000000000
13844  -12.958  -59.682  55.189 0.0000000000
15240  -4.626  -61.793  46.655 0.0000000000
15241  -3.785  -61.360  46.342 0.0000000000
15242  -4.011  -62.468  45.461 0.0000000000
15243  -2.993  -64.918  42.102 0.0000000000
15244  -2.782  -63.816  43.071 0.0000000000
15257  -18.277  -68.552  48.223 0.0000000000
17038  -4.842  -55.920  52.029 0.0000000000
17040  -9.578  -56.177  55.939 0.0000000000
17041  -8.663  -55.762  55.553 0.0000000000
17042  -8.965  -56.915  54.819 0.0000000000
17043  -7.996  -59.482  51.730 0.0000000000
17044  -7.729  -58.348  52.537 0.0000000000
17045  -7.107  -59.051  51.377 0.0000000000
17046  -6.230  -58.619  51.006 0.0000000000
17047  -6.484  -59.747  50.206 0.0000000000
17048  -5.862  -60.435  49.029 0.0000000000
17049  -6.733  -60.869  49.363 0.0000000000
17050  -8.100  -63.524  47.822 0.0000000000
17051  -7.216  -63.092  47.546 0.0000000000
17052  -7.450  -64.198  46.575 0.0000000000
17053  -6.803  -64.870  45.318 0.0000000000
21243  -1.264  -56.021  48.502 0.0000000000
21244  -1.035  -54.897  49.074 0.0000000000
21245  -0.490  -55.588  48.052 0.0000000000
21246  0.268  -55.156  47.595 0.0000000000
21247  0.061  -56.277  47.037 0.0000000000
21248  -2.141  -60.498  45.700 0.0000000000
21249  -1.926  -59.381  46.478 0.0000000000
21250  -1.337  -60.068  45.373 0.0000000000
21286  -16.154  -58.791  57.650 0.0000000000
21287  -16.432  -59.930  56.716 0.0000000000
21288  -15.348  -62.656  53.610 0.0000000000
21289  -15.095  -61.540  54.597 0.0000000000
21290  -14.420  -62.311  53.489 0.0000000000
21291  -13.491  -61.945  53.330 0.0000000000
21292  -13.743  -63.062  52.349 0.0000000000
21293  -16.276  -66.993  49.375 0.0000000000
21294  -16.057  -65.927  50.474 0.0000000000
21295  -15.365  -66.680  49.318 0.0000000000
21297  -13.534  -65.979  49.098 0.0000000000
21298  -12.618  -65.599  48.943 0.0000000000
21299  -12.386  -64.505  49.984 0.0000000000
21300  -11.705  -65.204  48.761 0.0000000000
21301  -10.795  -64.797  48.556 0.0000000000
21302  -11.022  -65.894  47.514 0.0000000000
23279  -12.692  -55.430  58.763 0.0000000000
23280  -13.645  -55.797  59.023 0.0000000000
23281  -13.963  -56.965  58.213 0.0000000000
23282  -14.267  -58.124  57.362 0.0000000000
24120  -5.081  -64.005  44.800 0.0000000000
24121  -4.234  -63.572  44.534 0.0000000000
24122  -4.455  -64.675  43.565 0.0000000000
24129  -19.336  -69.738  46.964 0.0000000000
24130  -18.467  -69.567  47.053 0.0000000000
25200  -10.172  -58.479  54.376 0.0000000000
25201  -9.256  -58.061  54.044 0.0000000000
25202  -9.536  -59.201  53.229 0.0000000000
25203  -8.897  -59.911  52.062 0.0000000000
25204  -8.256  -60.611  50.880 0.0000000000
25205  -7.616  -61.302  49.684 0.0000000000
25206  -8.509  -61.733  49.989 0.0000000000
25207  -8.754  -62.846  49.057 0.0000000000
25208  -8.992  -63.954  48.084 0.0000000000
27720  -3.175  -55.061  51.093 0.0000000000
27722  -2.616  -55.760  50.017 0.0000000000
27723  -2.053  -56.453  48.945 0.0000000000
27724  -1.488  -57.142  47.878 0.0000000000
27748  -16.698  -61.056  55.751 0.0000000000
27749  -16.952  -62.168  54.756 0.0000000000
27750  -16.274  -62.977  53.691 0.0000000000
27751  -15.593  -63.761  52.592 0.0000000000
27753  -14.670  -67.414  48.127 0.0000000000
29356  -9.533  -53.087  58.400 0.0000000000
29359  -10.190  -55.424  57.042 0.0000000000
29360  -10.504  -56.587  56.295 0.0000000000
29361  -12.067  -56.218  57.705 0.0000000000
29362  -11.438  -56.989  56.617 0.0000000000
29363  -10.806  -57.743  55.506 0.0000000000
29364  -11.096  -58.890  54.679 0.0000000000
29365  -11.372  -60.030  53.814 0.0000000000
29366  -11.639  -61.162  52.911 0.0000000000
31320  -4.160  -59.566  48.326 0.0000000000
31321  -3.329  -59.131  47.959 0.0000000000
31322  -3.558  -60.248  47.175 0.0000000000
31323  -2.957  -60.929  46.023 0.0000000000
31324  -2.355  -61.609  44.871 0.0000000000
31325  -3.396  -63.142  44.266 0.0000000000
31326  -2.568  -62.715  43.995 0.0000000000
31327  -1.751  -62.289  43.722 0.0000000000
31345  -16.487  -68.049  48.251 0.0000000000
33678  -4.000  -55.490  51.569 0.0000000000
33679  -4.262  -56.623  50.918 0.0000000000
33680  -4.516  -57.753  50.219 0.0000000000
33681  -8.350  -54.602  56.245 0.0000000000
33682  -7.759  -55.341  55.139 0.0000000000
33683  -7.165  -56.067  54.022 0.0000000000
33684  -8.349  -57.637  53.684 0.0000000000
33685  -7.452  -57.210  53.301 0.0000000000
33686  -6.568  -56.780  52.897 0.0000000000
33687  -5.968  -57.486  51.762 0.0000000000
33688  -5.366  -58.186  50.620 0.0000000000
33689  -4.763  -58.879  49.474 0.0000000000
33690  -5.004  -60.001  48.683 0.0000000000
33691  -5.243  -61.116  47.845 0.0000000000
33692  -5.478  -62.226  46.961 0.0000000000
33693  -6.978  -61.983  48.476 0.0000000000
33694  -6.342  -62.659  47.259 0.0000000000
33695  -5.710  -63.333  46.032 0.0000000000
33696  -5.938  -64.437  45.061 0.0000000000
35348  -16.502  -56.789  59.530 0.0000000000
38804  -1.576  -54.202  50.103 0.0000000000
38810  -2.512  -58.696  47.585 0.0000000000
38811  -1.709  -58.262  47.204 0.0000000000
38812  -0.919  -57.830  46.818 0.0000000000
38813  -0.545  -59.638  45.043 0.0000000000
38815  -0.144  -57.398  46.426 0.0000000000
38855  -15.861  -57.640  58.549 0.0000000000
38856  -15.211  -58.468  57.529 0.0000000000
38857  -14.555  -59.274  56.474 0.0000000000
38858  -15.766  -60.747  55.673 0.0000000000
38859  -14.831  -60.413  55.552 0.0000000000
38860  -13.894  -60.057  55.390 0.0000000000
38861  -13.230  -60.818  54.277 0.0000000000
38862  -12.564  -61.561  53.137 0.0000000000
38863  -11.897  -62.287  51.970 0.0000000000
38864  -16.745  -65.152  51.595 0.0000000000
38865  -15.829  -64.851  51.546 0.0000000000
38866  -14.909  -64.521  51.459 0.0000000000
38868  -14.223  -65.259  50.295 0.0000000000
38869  -13.987  -64.167  51.336 0.0000000000
38870  -13.066  -63.792  51.180 0.0000000000
38871  -12.146  -63.401  50.993 0.0000000000
38872  -11.229  -62.997  50.778 0.0000000000
38873  -10.560  -63.693  49.565 0.0000000000
38874  -9.891  -64.379  48.330 0.0000000000
38875  -9.223  -65.058  47.075 0.0000000000
41094  -15.870  -56.055  59.895 0.0000000000
42158  -7.865  -52.857  57.195 0.0000000000
42159  -8.319  -53.062  57.428 0.0000000000
42160  -10.850  -61.317  52.200 0.0000000000
42161  -10.392  -61.110  52.067 0.0000000000
42162  -10.521  -61.673  51.608 0.0000000000
42163  -10.192  -62.024  51.011 0.0000000000
42164  -10.648  -62.233  51.139 0.0000000000
43560  -3.802  -57.883  49.453 0.0000000000
43561  -3.389  -57.666  49.249 0.0000000000
43562  -3.508  -58.228  48.893 0.0000000000
44558  -11.576  -54.462  58.824 0.0000000000
44559  -12.050  -54.654  58.987 0.0000000000
44560  -13.470  -58.338  56.726 0.0000000000
44561  -12.999  -58.151  56.612 0.0000000000
44562  -13.144  -58.727  56.182 0.0000000000
44563  -12.818  -59.110  55.631 0.0000000000
44564  -13.287  -59.301  55.742 0.0000000000
45960  -4.741  -62.347  46.208 0.0000000000
45961  -4.318  -62.131  46.058 0.0000000000
45962  -4.432  -62.684  45.606 0.0000000000
47760  -9.731  -56.756  55.563 0.0000000000
47761  -9.272  -56.548  55.381 0.0000000000
47762  -9.422  -57.124  55.002 0.0000000000
47763  -7.680  -59.832  51.142 0.0000000000
47764  -7.550  -59.267  51.555 0.0000000000
47765  -7.236  -59.616  50.969 0.0000000000
47766  -6.795  -59.400  50.792 0.0000000000
47767  -6.923  -59.964  50.381 0.0000000000
47768  -6.609  -60.309  49.790 0.0000000000
47769  -7.049  -60.526  49.958 0.0000000000
47770  -8.217  -64.077  47.331 0.0000000000
47771  -7.774  -63.862  47.200 0.0000000000
47772  -7.890  -64.414  46.704 0.0000000000
47773  -7.564  -64.750  46.075 0.0000000000
51964  -0.875  -55.805  48.278 0.0000000000
51966  -0.215  -55.933  47.543 0.0000000000
51967  -0.321  -56.494  47.249 0.0000000000
51968  -1.843  -60.840  45.136 0.0000000000
51969  -1.737  -60.283  45.537 0.0000000000
51970  -1.440  -60.626  44.979 0.0000000000
52005  -17.230  -59.655  57.251 0.0000000000
52006  -16.763  -59.512  57.225 0.0000000000
52007  -16.899  -60.078  56.749 0.0000000000
52008  -15.008  -63.042  53.053 0.0000000000
52009  -14.884  -62.487  53.554 0.0000000000
52010  -14.545  -62.868  52.992 0.0000000000
52011  -14.082  -62.689  52.922 0.0000000000
52012  -14.206  -63.245  52.423 0.0000000000
52013  -15.929  -67.372  48.795 0.0000000000
52014  -15.821  -66.841  49.351 0.0000000000
52015  -15.474  -67.214  48.765 0.0000000000
52018  -12.274  -65.949  48.327 0.0000000000
52019  -12.161  -65.404  48.855 0.0000000000
52020  -11.818  -65.751  48.237 0.0000000000
52021  -11.363  -65.550  48.140 0.0000000000
52022  -11.476  -66.096  47.612 0.0000000000
54158  -13.481  -55.211  59.412 0.0000000000
54159  -13.960  -55.390  59.531 0.0000000000
54160  -14.758  -56.731  58.827 0.0000000000
54161  -14.282  -56.559  58.731 0.0000000000
54162  -14.438  -57.141  58.314 0.0000000000
54163  -14.117  -57.545  57.793 0.0000000000
54164  -14.591  -57.721  57.887 0.0000000000
55560  -5.193  -64.556  44.310 0.0000000000
55561  -4.768  -64.340  44.182 0.0000000000
55562  -4.878  -64.891  43.688 0.0000000000
55564  -4.249  -65.561  42.443 0.0000000000
55575  -19.424  -70.228  46.369 0.0000000000
55576  -18.994  -70.154  46.421 0.0000000000
57360  -10.313  -59.050  53.961 0.0000000000
57361  -9.854  -58.841  53.805 0.0000000000
57362  -9.993  -59.411  53.386 0.0000000000
57363  -9.481  -60.689  51.782 0.0000000000
57364  -9.350  -60.124  52.220 0.0000000000
57365  -9.028  -60.476  51.630 0.0000000000
57366  -8.576  -60.263  51.473 0.0000000000
57367  -8.705  -60.826  51.037 0.0000000000
57368  -8.383  -61.173  50.439 0.0000000000
57369  -8.833  -61.388  50.590 0.0000000000
57370  -9.533  -62.717  49.803 0.0000000000
57371  -9.082  -62.504  49.668 0.0000000000
57372  -9.203  -63.060  49.191 0.0000000000
57373  -8.874  -63.400  48.576 0.0000000000
57374  -9.323  -63.614  48.705 0.0000000000
61560  -3.304  -55.626  50.789 0.0000000000
61561  -2.896  -55.411  50.555 0.0000000000
61562  -3.022  -55.976  50.246 0.0000000000
61563  -2.572  -57.232  48.834 0.0000000000
61564  -2.454  -56.670  49.163 0.0000000000
61565  -2.170  -57.015  48.623 0.0000000000
61566  -1.771  -56.798  48.411 0.0000000000
61567  -1.885  -57.359  48.085 0.0000000000
61606  -17.289  -61.755  55.275 0.0000000000
61607  -17.413  -62.307  54.768 0.0000000000
61608  -16.855  -63.673  53.199 0.0000000000
61609  -16.736  -63.126  53.717 0.0000000000
61610  -16.395  -63.526  53.177 0.0000000000
61611  -15.934  -63.372  53.146 0.0000000000
61612  -16.054  -63.920  52.629 0.0000000000
64555  -10.963  -55.242  57.763 0.0000000000
64556  -10.494  -55.042  57.585 0.0000000000
64557  -10.656  -55.626  57.221 0.0000000000
64558  -10.348  -56.006  56.674 0.0000000000
64559  -10.814  -56.208  56.846 0.0000000000
64560  -12.854  -56.015  58.377 0.0000000000
64561  -12.380  -55.826  58.238 0.0000000000
64562  -12.540  -56.410  57.847 0.0000000000
64563  -12.058  -57.766  56.357 0.0000000000
64564  -11.907  -57.187  56.765 0.0000000000
64565  -11.590  -57.568  56.215 0.0000000000
64566  -11.122  -57.369  56.064 0.0000000000
64567  -11.271  -57.945  55.659 0.0000000000
64568  -10.953  -58.318  55.098 0.0000000000
64569  -11.417  -58.520  55.244 0.0000000000
64570  -12.163  -59.862  54.511 0.0000000000
64571  -11.699  -59.663  54.385 0.0000000000
64572  -11.835  -60.232  53.942 0.0000000000
64573  -11.507  -60.597  53.368 0.0000000000
64574  -11.969  -60.798  53.490 0.0000000000
68760  -4.277  -60.124  47.926 0.0000000000
68761  -3.859  -59.907  47.750 0.0000000000
68762  -3.974  -60.465  47.345 0.0000000000
68763  -3.481  -61.699  45.755 0.0000000000
68764  -3.369  -61.144  46.183 0.0000000000
68765  -3.067  -61.484  45.602 0.0000000000
68766  -2.656  -61.269  45.447 0.0000000000
68767  -2.764  -61.823  45.020 0.0000000000
68768  -3.924  -63.909  43.926 0.0000000000
68769  -3.814  -63.357  44.400 0.0000000000
68770  -3.505  -63.694  43.798 0.0000000000
68808  -17.733  -67.923  48.820 0.0000000000
68811  -16.834  -67.665  48.827 0.0000000000
68812  -16.938  -68.189  48.259 0.0000000000
68814  -18.027  -69.464  47.081 0.0000000000
74148  -4.848  -54.426  53.208 0.0000000000
74153  -3.867  -54.923  51.876 0.0000000000
74154  -4.284  -55.137  52.116 0.0000000000
74155  -4.976  -56.488  51.694 0.0000000000
74156  -4.552  -56.272  51.473 0.0000000000
74158  -4.390  -57.189  50.574 0.0000000000
74159  -4.812  -57.405  50.784 0.0000000000
74160  -9.104  -54.434  57.002 0.0000000000
74161  -8.645  -54.228  56.792 0.0000000000
74162  -8.806  -54.810  56.456 0.0000000000
74163  -8.361  -56.129  54.994 0.0000000000
74164  -8.209  -55.552  55.350 0.0000000000
74165  -7.910  -55.917  54.791 0.0000000000
74166  -7.462  -55.706  54.582 0.0000000000
74167  -7.610  -56.280  54.230 0.0000000000
74168  -8.942  -58.419  53.471 0.0000000000
74169  -8.801  -57.849  53.867 0.0000000000
74170  -8.489  -58.207  53.295 0.0000000000
74171  -7.284  -58.133  52.350 0.0000000000
74172  -7.592  -57.779  52.925 0.0000000000
74173  -7.148  -57.564  52.731 0.0000000000
74174  -7.009  -56.995  53.101 0.0000000000
74175  -6.707  -57.349  52.533 0.0000000000
74176  -6.269  -57.134  52.330 0.0000000000
74177  -6.404  -57.702  51.963 0.0000000000
74178  -5.923  -58.967  50.427 0.0000000000
74179  -5.796  -58.402  50.815 0.0000000000
74180  -5.492  -58.750  50.239 0.0000000000
74181  -5.064  -58.533  50.048 0.0000000000
74182  -5.188  -59.096  49.662 0.0000000000
74183  -4.884  -59.441  49.084 0.0000000000
74184  -5.310  -59.658  49.265 0.0000000000
74185  -5.984  -60.993  48.603 0.0000000000
74186  -5.552  -60.776  48.438 0.0000000000
74187  -5.672  -61.333  48.007 0.0000000000
74188  -5.361  -61.672  47.409 0.0000000000
74189  -5.791  -61.889  47.565 0.0000000000
74190  -7.739  -61.860  49.234 0.0000000000
74191  -7.297  -61.644  49.081 0.0000000000
74192  -7.418  -62.200  48.627 0.0000000000
74193  -6.895  -63.429  46.928 0.0000000000
74194  -6.778  -62.876  47.404 0.0000000000
74195  -6.459  -63.213  46.789 0.0000000000
74196  -6.026  -62.996  46.646 0.0000000000
74197  -6.142  -63.549  46.171 0.0000000000
74198  -5.825  -63.885  45.552 0.0000000000
74199  -6.256  -64.102  45.685 0.0000000000
86768  -2.092  -54.981  50.076 0.0000000000
86779  0.640  -54.939  47.365 0.0000000000
86783  -3.032  -59.473  47.394 0.0000000000
86784  -2.919  -58.913  47.773 0.0000000000
86785  -2.624  -59.255  47.213 0.0000000000
86786  -1.526  -59.165  46.301 0.0000000000
86787  -1.817  -58.822  46.848 0.0000000000
86788  -1.419  -58.606  46.663 0.0000000000
86789  -1.312  -58.046  47.012 0.0000000000
86790  -1.025  -58.390  46.477 0.0000000000
86792  -0.645  -60.196  44.664 0.0000000000
86797  -0.245  -57.958  46.100 0.0000000000
86896  -16.183  -57.217  59.045 0.0000000000
86897  -16.333  -57.795  58.604 0.0000000000
86898  -15.825  -59.206  57.138 0.0000000000
86899  -15.683  -58.633  57.595 0.0000000000
86900  -15.355  -59.043  57.077 0.0000000000
86901  -14.884  -58.874  57.005 0.0000000000
86902  -15.025  -59.447  56.551 0.0000000000
86903  -16.362  -61.465  55.229 0.0000000000
86904  -16.233  -60.905  55.718 0.0000000000
86905  -15.897  -61.309  55.189 0.0000000000
86906  -14.628  -61.367  54.532 0.0000000000
86907  -14.964  -60.978  55.079 0.0000000000
86908  -14.497  -60.804  55.008 0.0000000000
86909  -14.362  -60.237  55.476 0.0000000000
86910  -14.030  -60.624  54.927 0.0000000000
86911  -13.562  -60.440  54.837 0.0000000000
86912  -13.696  -61.006  54.371 0.0000000000
86913  -13.155  -62.315  52.756 0.0000000000
86914  -13.027  -61.755  53.238 0.0000000000
86915  -12.692  -62.122  52.660 0.0000000000
86916  -12.231  -61.926  52.556 0.0000000000
86917  -12.358  -62.486  52.076 0.0000000000
86918  -17.311  -65.824  51.060 0.0000000000
86919  -17.201  -65.292  51.604 0.0000000000
86920  -16.857  -65.687  51.055 0.0000000000
86921  -15.600  -65.770  50.443 0.0000000000
86922  -15.944  -65.391  51.013 0.0000000000
86923  -15.486  -65.231  50.978 0.0000000000
86924  -15.369  -64.689  51.507 0.0000000000
86925  -15.026  -65.065  50.934 0.0000000000
86926  -14.213  -67.240  48.075 0.0000000000
86927  -14.561  -66.879  48.679 0.0000000000
86929  -13.420  -65.436  49.630 0.0000000000
86930  -13.879  -65.621  49.700 0.0000000000
86931  -13.764  -65.077  50.228 0.0000000000
86932  -14.106  -64.714  50.819 0.0000000000
86933  -13.646  -64.531  50.749 0.0000000000
86934  -13.526  -63.982  51.262 0.0000000000
86935  -13.186  -64.343  50.671 0.0000000000
86936  -11.928  -64.307  49.888 0.0000000000
86937  -12.267  -63.954  50.492 0.0000000000
86938  -11.809  -63.755  50.393 0.0000000000
86939  -11.687  -63.201  50.889 0.0000000000
86940  -11.352  -63.552  50.287 0.0000000000
86941  -10.895  -63.347  50.175 0.0000000000
86942  -11.015  -63.900  49.679 0.0000000000
86943  -10.457  -65.139  47.932 0.0000000000
86944  -10.343  -64.589  48.445 0.0000000000
86945  -10.006  -64.930  47.821 0.0000000000
86946  -9.557  -64.719  47.704 0.0000000000
86947  -9.671  -65.270  47.191 0.0000000000
92401  -15.077  -56.316  59.330 0.0000000000
92402  -15.234  -56.899  58.911 0.0000000000
93243  -4.779  -66.324  42.042 0.0000000000
94320  -10.586  -60.187  53.101 0.0000000000
94321  -10.128  -59.979  52.957 0.0000000000
94322  -10.261  -60.545  52.517 0.0000000000
94323  -9.936  -60.900  51.928 0.0000000000
94324  -9.610  -61.252  51.334 0.0000000000
94325  -9.284  -61.601  50.736 0.0000000000
94326  -9.737  -61.813  50.876 0.0000000000
94327  -9.862  -62.372  50.409 0.0000000000
94328  -9.986  -62.929  49.932 0.0000000000
96840  -3.557  -56.756  50.145 0.0000000000
96841  -3.145  -56.540  49.926 0.0000000000
96842  -3.268  -57.103  49.594 0.0000000000
96843  -2.979  -57.449  49.043 0.0000000000
96844  -2.689  -57.793  48.493 0.0000000000
96868  -17.534  -62.856  54.255 0.0000000000
96870  -17.313  -63.812  53.209 0.0000000000
96871  -16.973  -64.216  52.674 0.0000000000
98636  -10.633  -54.071  58.470 0.0000000000
98637  -11.103  -54.268  58.652 0.0000000000
98638  -11.269  -54.854  58.297 0.0000000000
98639  -11.433  -55.439  57.931 0.0000000000
98640  -13.169  -57.181  57.571 0.0000000000
98641  -12.696  -56.992  57.445 0.0000000000
98642  -12.849  -57.573  57.034 0.0000000000
98643  -12.528  -57.960  56.489 0.0000000000
98644  -12.206  -58.342  55.938 0.0000000000
98645  -11.883  -58.720  55.381 0.0000000000
98646  -12.350  -58.917  55.511 0.0000000000
98647  -12.491  -59.489  55.074 0.0000000000
98648  -12.629  -60.058  54.629 0.0000000000
101160  -4.510  -61.238  47.090 0.0000000000
101161  -4.089  -61.021  46.928 0.0000000000
101162  -4.204  -61.577  46.499 0.0000000000
101163  -3.898  -61.915  45.907 0.0000000000
101164  -3.593  -62.253  45.315 0.0000000000
101165  -3.304  -64.581  42.710 0.0000000000
101166  -3.197  -64.030  43.195 0.0000000000
101190  -18.178  -68.038  48.801 0.0000000000
101191  -17.833  -68.441  48.246 0.0000000000
104396  -4.705  -55.352  52.352 0.0000000000
104398  -5.268  -56.135  52.253 0.0000000000
104400  -9.423  -55.597  56.305 0.0000000000
104401  -8.964  -55.391  56.108 0.0000000000
104402  -9.119  -55.970  55.750 0.0000000000
104403  -8.815  -56.339  55.191 0.0000000000
104404  -8.511  -56.704  54.629 0.0000000000
104405  -8.312  -59.130  52.314 0.0000000000
104406  -8.177  -58.562  52.719 0.0000000000
104407  -7.864  -58.915  52.139 0.0000000000
104408  -7.418  -58.700  51.958 0.0000000000
104409  -6.976  -58.485  51.773 0.0000000000
104410  -6.536  -58.269  51.584 0.0000000000
104411  -6.667  -58.835  51.193 0.0000000000
104412  -6.357  -59.183  50.612 0.0000000000
104413  -6.048  -59.530  50.028 0.0000000000
104414  -5.740  -59.875  49.443 0.0000000000
104415  -6.173  -60.092  49.618 0.0000000000
104416  -6.296  -60.652  49.197 0.0000000000
104417  -6.418  -61.210  48.766 0.0000000000
104418  -7.982  -62.970  48.304 0.0000000000
104419  -7.538  -62.754  48.162 0.0000000000
104420  -7.657  -63.308  47.686 0.0000000000
104421  -7.334  -63.646  47.065 0.0000000000
104422  -7.011  -63.982  46.442 0.0000000000
104423  -6.690  -64.318  45.817 0.0000000000
104424  -7.126  -64.534  45.947 0.0000000000
111964  -1.721  -53.289  50.875 0.0000000000
111965  -1.541  -55.675  49.025 0.0000000000
111966  -1.424  -55.113  49.312 0.0000000000
111968  -0.763  -55.243  48.562 0.0000000000
111969  -0.381  -55.027  48.328 0.0000000000
111974  -2.438  -60.156  46.265 0.0000000000
111975  -2.329  -59.598  46.654 0.0000000000
111976  -2.033  -59.940  46.096 0.0000000000
111977  -1.632  -59.724  45.925 0.0000000000
111978  -1.233  -59.509  45.754 0.0000000000
112042  -16.480  -58.370  58.154 0.0000000000
112043  -16.623  -58.943  57.694 0.0000000000
112044  -16.295  -59.362  57.187 0.0000000000
112045  -15.964  -59.775  56.672 0.0000000000
112046  -15.687  -62.265  54.158 0.0000000000
112047  -15.560  -61.707  54.653 0.0000000000
112048  -15.223  -62.100  54.107 0.0000000000
112049  -14.757  -61.928  54.047 0.0000000000
112050  -14.292  -61.751  53.977 0.0000000000
112051  -13.827  -61.569  53.897 0.0000000000
112052  -13.955  -62.130  53.414 0.0000000000
112053  -13.618  -62.504  52.844 0.0000000000
112054  -13.281  -62.874  52.266 0.0000000000
112055  -16.622  -66.609  49.946 0.0000000000
112056  -16.513  -66.077  50.496 0.0000000000
112057  -16.167  -66.462  49.928 0.0000000000
112058  -15.711  -66.307  49.900 0.0000000000
112059  -15.254  -66.144  49.863 0.0000000000
112063  -13.076  -65.791  49.024 0.0000000000
112064  -12.961  -65.247  49.552 0.0000000000
112065  -12.845  -64.700  50.072 0.0000000000
112066  -12.503  -65.053  49.467 0.0000000000
112067  -12.046  -64.856  49.375 0.0000000000
112068  -11.589  -64.656  49.278 0.0000000000
112069  -11.133  -64.452  49.174 0.0000000000
112070  -11.249  -65.002  48.661 0.0000000000
112071  -10.910  -65.346  48.039 0.0000000000
115757  -12.526  -54.843  59.139 0.0000000000
115758  -13.003  -55.029  59.281 0.0000000000
115759  -13.168  -55.616  58.899 0.0000000000
115760  -13.330  -56.201  58.505 0.0000000000
115761  -14.123  -55.975  59.136 0.0000000000
115762  -13.806  -56.382  58.623 0.0000000000
115763  -13.488  -56.784  58.101 0.0000000000
115764  -13.643  -57.365  57.687 0.0000000000
115765  -13.794  -57.945  57.263 0.0000000000
115766  -13.941  -58.522  56.829 0.0000000000
117720  -4.969  -63.453  45.280 0.0000000000
117721  -4.545  -63.236  45.142 0.0000000000
117722  -4.657  -63.788  44.667 0.0000000000
117723  -4.345  -64.124  44.055 0.0000000000
117728  -3.410  -65.132  42.216 0.0000000000
117741  -19.246  -69.243  47.557 0.0000000000
117743  -18.904  -69.658  47.014 0.0000000000
117744  -18.559  -70.068  46.463 0.0000000000
120240  -10.028  -57.907  54.782 0.0000000000
120241  -9.569  -57.698  54.613 0.0000000000
120242  -9.713  -58.271  54.214 0.0000000000
120243  -9.397  -58.631  53.642 0.0000000000
120244  -9.081  -58.989  53.065 0.0000000000
120245  -9.671  -59.769  52.806 0.0000000000
120246  -9.216  -59.557  52.648 0.0000000000
120247  -8.763  -59.344  52.484 0.0000000000
120248  -8.445  -59.697  51.899 0.0000000000
120249  -8.127  -60.048  51.310 0.0000000000
120250  -7.809  -60.396  50.718 0.0000000000
120251  -7.491  -60.742  50.123 0.0000000000
120252  -7.936  -60.958  50.283 0.0000000000
120253  -8.061  -61.518  49.838 0.0000000000
120254  -8.185  -62.075  49.383 0.0000000000
120255  -8.958  -61.947  50.134 0.0000000000
120256  -8.632  -62.290  49.528 0.0000000000
120257  -8.307  -62.631  48.918 0.0000000000
120258  -8.427  -63.186  48.442 0.0000000000
120259  -8.545  -63.739  47.955 0.0000000000
120260  -8.662  -64.292  47.459 0.0000000000
126120  -3.045  -54.495  51.384 0.0000000000
126122  -2.769  -54.846  50.850 0.0000000000
126124  -2.214  -55.544  49.784 0.0000000000
126125  -2.738  -56.324  49.704 0.0000000000
126126  -2.335  -56.107  49.480 0.0000000000
126127  -1.936  -55.891  49.253 0.0000000000
126128  -1.657  -56.237  48.724 0.0000000000
126129  -1.376  -56.582  48.196 0.0000000000
126130  -1.096  -56.926  47.670 0.0000000000
126131  -1.244  -61.523  44.009 0.0000000000
126132  -1.143  -60.968  44.422 0.0000000000
126133  -0.844  -61.310  43.866 0.0000000000
126134  -0.446  -61.096  43.722 0.0000000000
126184  -17.032  -60.641  56.265 0.0000000000
126185  -17.162  -61.200  55.773 0.0000000000
126186  -16.826  -61.614  55.257 0.0000000000
126187  -16.489  -62.022  54.732 0.0000000000
126188  -17.075  -62.720  54.247 0.0000000000
126189  -16.614  -62.575  54.228 0.0000000000
126190  -16.151  -62.424  54.198 0.0000000000
126191  -15.812  -62.820  53.655 0.0000000000
126192  -15.472  -63.210  53.104 0.0000000000
126193  -15.131  -63.595  52.545 0.0000000000
126195  -15.126  -67.583  48.171 0.0000000000
126201  -13.408  -67.414  47.399 0.0000000000
130152  -9.236  -53.470  57.870 0.0000000000
130154  -9.565  -54.638  57.205 0.0000000000
130155  -10.331  -54.458  57.938 0.0000000000
130156  -10.028  -54.841  57.399 0.0000000000
130157  -9.726  -55.221  56.855 0.0000000000
130158  -9.884  -55.803  56.493 0.0000000000
130159  -10.040  -56.383  56.121 0.0000000000
130160  -10.193  -56.962  55.738 0.0000000000
130161  -12.216  -55.241  58.618 0.0000000000
130162  -11.906  -55.634  58.089 0.0000000000
130163  -11.595  -56.023  57.553 0.0000000000
130164  -12.224  -56.801  57.309 0.0000000000
130165  -11.753  -56.606  57.164 0.0000000000
130166  -11.283  -56.408  57.010 0.0000000000
130167  -10.970  -56.789  56.460 0.0000000000
130168  -10.657  -57.166  55.905 0.0000000000
130169  -10.343  -57.539  55.346 0.0000000000
130170  -10.490  -58.113  54.943 0.0000000000
130171  -10.633  -58.686  54.532 0.0000000000
130172  -10.774  -59.257  54.110 0.0000000000
130173  -11.559  -59.093  54.819 0.0000000000
130174  -11.235  -59.461  54.252 0.0000000000
130175  -10.911  -59.826  53.679 0.0000000000
130176  -11.046  -60.393  53.238 0.0000000000
130177  -11.178  -60.959  52.787 0.0000000000
130178  -11.309  -61.523  52.326 0.0000000000
135480  -4.042  -59.006  48.713 0.0000000000
135481  -3.626  -58.789  48.524 0.0000000000
135482  -3.743  -59.348  48.143 0.0000000000
135483  -3.444  -59.690  47.573 0.0000000000
135484  -3.145  -60.031  47.003 0.0000000000
135485  -3.672  -60.805  46.764 0.0000000000
135486  -3.257  -60.588  46.599 0.0000000000
135487  -2.846  -60.372  46.432 0.0000000000
135488  -2.547  -60.713  45.862 0.0000000000
135489  -2.248  -61.055  45.292 0.0000000000
135490  -1.948  -61.396  44.722 0.0000000000
135491  -4.123  -63.020  45.003 0.0000000000
135492  -3.704  -62.805  44.864 0.0000000000
135493  -3.287  -62.590  44.723 0.0000000000
135494  -3.089  -63.479  43.669 0.0000000000
135495  -2.981  -62.928  44.131 0.0000000000
135496  -2.873  -62.376  44.581 0.0000000000
135497  -2.462  -62.163  44.439 0.0000000000
135498  -2.053  -61.949  44.296 0.0000000000
135499  -1.647  -61.736  44.153 0.0000000000
135541  -17.420  -66.353  50.510 0.0000000000
135546  -16.382  -67.522  48.816 0.0000000000
135548  -18.373  -69.062  47.640 0.0000000000
135553  -17.039  -68.710  47.685 0.0000000000
135554  -16.590  -68.573  47.680 0.0000000000
142152  -3.454  -54.709  51.632 0.0000000000
142153  -3.586  -55.275  51.333 0.0000000000
142154  -3.716  -55.842  51.021 0.0000000000
142155  -4.419  -55.705  51.801 0.0000000000
142156  -4.132  -56.057  51.249 0.0000000000
142157  -3.845  -56.407  50.697 0.0000000000
142158  -3.972  -56.972  50.361 0.0000000000
142159  -4.096  -57.537  50.014 0.0000000000
142160  -4.220  -58.100  49.654 0.0000000000
142161  -8.483  -53.645  57.116 0.0000000000
142162  -8.190  -54.021  56.574 0.0000000000
142163  -7.897  -54.394  56.027 0.0000000000
142164  -8.508  -55.183  55.905 0.0000000000
142165  -8.055  -54.973  55.694 0.0000000000
142166  -7.604  -54.763  55.476 0.0000000000
142167  -7.311  -55.130  54.923 0.0000000000
142170  -9.112  -57.489  54.436 0.0000000000
142171  -8.657  -57.277  54.253 0.0000000000
142172  -8.205  -57.065  54.064 0.0000000000
142173  -8.039  -57.993  53.112 0.0000000000
142174  -7.899  -57.423  53.496 0.0000000000
142175  -7.756  -56.852  53.868 0.0000000000
142176  -7.310  -56.639  53.667 0.0000000000
142177  -6.867  -56.425  53.461 0.0000000000
142178  -6.427  -56.210  53.249 0.0000000000
142179  -6.131  -56.566  52.687 0.0000000000
142180  -5.834  -56.919  52.123 0.0000000000
142181  -5.537  -57.271  51.557 0.0000000000
142182  -6.100  -58.053  51.390 0.0000000000
142183  -5.667  -57.837  51.192 0.0000000000
142184  -5.238  -57.621  50.990 0.0000000000
142185  -4.939  -57.970  50.421 0.0000000000
142186  -4.640  -58.317  49.852 0.0000000000
142187  -4.341  -58.662  49.283 0.0000000000
142188  -4.461  -59.223  48.900 0.0000000000
142189  -4.580  -59.783  48.505 0.0000000000
142190  -4.699  -60.342  48.099 0.0000000000
142191  -5.431  -60.218  48.857 0.0000000000
142192  -5.124  -60.559  48.269 0.0000000000
142193  -4.817  -60.899  47.680 0.0000000000
142194  -4.934  -61.455  47.251 0.0000000000
142195  -5.051  -62.009  46.809 0.0000000000
142196  -5.167  -62.563  46.356 0.0000000000
142197  -7.173  -61.086  49.525 0.0000000000
142198  -6.856  -61.427  48.925 0.0000000000
142199  -6.540  -61.767  48.323 0.0000000000
142200  -7.098  -62.538  48.017 0.0000000000
142201  -6.660  -62.322  47.869 0.0000000000
142202  -6.224  -62.105  47.718 0.0000000000
142203  -5.909  -62.443  47.111 0.0000000000
142204  -5.595  -62.780  46.502 0.0000000000
142205  -5.282  -63.116  45.892 0.0000000000
142206  -5.396  -63.669  45.417 0.0000000000
142207  -5.508  -64.221  44.931 0.0000000000
142208  -5.620  -64.772  44.436 0.0000000000
157371  -1.845  -53.853  50.621 0.0000000000
157372  -1.455  -53.639  50.361 0.0000000000
157373  -1.306  -54.550  49.587 0.0000000000
157388  -3.213  -58.571  48.332 0.0000000000
157389  -2.804  -58.354  48.139 0.0000000000
157390  -2.399  -58.136  47.943 0.0000000000
157391  -2.219  -59.039  47.031 0.0000000000
157392  -2.108  -58.479  47.395 0.0000000000
157393  -1.997  -57.919  47.746 0.0000000000
157394  -1.599  -57.703  47.548 0.0000000000
157395  -1.204  -57.486  47.347 0.0000000000
157396  -0.813  -57.270  47.146 0.0000000000
157397  -1.041  -60.411  44.822 0.0000000000
157398  -0.940  -59.853  45.208 0.0000000000
157399  -0.838  -59.294  45.582 0.0000000000
157401  -0.446  -59.078  45.409 0.0000000000
157402  -0.736  -58.734  45.942 0.0000000000
157403  -0.633  -58.174  46.289 0.0000000000
157404  -0.530  -57.614  46.622 0.0000000000
157405  -0.426  -57.054  46.942 0.0000000000
157406  -0.042  -56.838  46.738 0.0000000000
157523  -16.028  -56.637  59.475 0.0000000000
157524  -15.709  -57.061  58.984 0.0000000000
157525  -15.387  -57.479  58.482 0.0000000000
157526  -16.009  -58.216  58.104 0.0000000000
157527  -15.537  -58.057  58.044 0.0000000000
157528  -15.064  -57.891  57.971 0.0000000000
157529  -14.739  -58.299  57.451 0.0000000000
157530  -14.413  -58.700  56.922 0.0000000000
157531  -14.085  -59.096  56.387 0.0000000000
157532  -16.567  -60.495  56.238 0.0000000000
157533  -16.100  -60.342  56.199 0.0000000000
157534  -15.632  -60.182  56.149 0.0000000000
157535  -15.431  -61.146  55.139 0.0000000000
157536  -15.299  -60.583  55.618 0.0000000000
157537  -15.163  -60.017  56.088 0.0000000000
157538  -14.694  -59.845  56.017 0.0000000000
157539  -14.225  -59.668  55.935 0.0000000000
157540  -13.756  -59.487  55.844 0.0000000000
157541  -13.426  -59.871  55.294 0.0000000000
157542  -13.095  -60.251  54.737 0.0000000000
157543  -12.764  -60.626  54.174 0.0000000000
157544  -13.362  -61.382  53.808 0.0000000000
157545  -12.897  -61.191  53.710 0.0000000000
157546  -12.433  -60.997  53.604 0.0000000000
157547  -12.101  -61.363  53.028 0.0000000000
157548  -11.769  -61.726  52.445 0.0000000000
157549  -11.437  -62.085  51.856 0.0000000000
157551  -17.088  -64.756  52.142 0.0000000000
157552  -16.631  -64.614  52.129 0.0000000000
157553  -16.401  -65.543  51.039 0.0000000000
157554  -16.288  -65.005  51.575 0.0000000000
157555  -16.172  -64.464  52.105 0.0000000000
157556  -15.712  -64.307  52.072 0.0000000000
157557  -15.251  -64.144  52.029 0.0000000000
157558  -14.790  -63.974  51.977 0.0000000000
157559  -15.018  -67.050  48.726 0.0000000000
157560  -14.908  -66.514  49.275 0.0000000000
157561  -14.796  -65.976  49.818 0.0000000000
157562  -13.992  -66.162  49.165 0.0000000000
157563  -14.338  -65.801  49.763 0.0000000000
157564  -14.682  -65.435  50.353 0.0000000000
157565  -14.566  -64.892  50.881 0.0000000000
157566  -14.448  -64.347  51.402 0.0000000000
157567  -14.328  -63.797  51.916 0.0000000000
157568  -13.866  -63.616  51.846 0.0000000000
157569  -13.404  -63.429  51.768 0.0000000000
157570  -12.943  -63.239  51.681 0.0000000000
157571  -12.726  -64.151  50.585 0.0000000000
157572  -12.606  -63.599  51.090 0.0000000000
157573  -12.483  -63.044  51.587 0.0000000000
157574  -12.023  -62.845  51.486 0.0000000000
157575  -11.563  -62.644  51.377 0.0000000000
157576  -11.105  -62.440  51.261 0.0000000000
157577  -10.772  -62.791  50.661 0.0000000000
157578  -10.440  -63.139  50.056 0.0000000000
157579  -10.107  -63.484  49.446 0.0000000000
157580  -10.679  -64.246  49.065 0.0000000000
157581  -10.226  -64.037  48.950 0.0000000000
157582  -9.774  -63.826  48.830 0.0000000000
157583  -9.441  -64.167  48.209 0.0000000000
157584  -9.109  -64.506  47.584 0.0000000000
157585  -8.777  -64.844  46.955 0.0000000000
