#!ascii label  , from subject fsaverage vox2ras=TkReg
620
620  -9.390  -73.829  -39.569 0.0000000000
983  -1.736  -95.438  -36.172 0.0000000000
1379  -8.409  -90.275  -37.833 0.0000000000
1380  -10.928  -86.115  -37.648 0.0000000000
2488  -5.274  -93.427  -37.421 0.0000000000
2494  -14.169  -68.976  -35.988 0.0000000000
2495  -13.733  -75.284  -36.543 0.0000000000
2496  -12.685  -81.077  -37.135 0.0000000000
2497  -7.750  -79.085  -40.043 0.0000000000
2903  -2.936  -97.974  -34.469 0.0000000000
5576  -6.964  -87.026  -39.129 0.0000000000
5577  -5.515  -88.828  -39.061 0.0000000000
5589  -12.581  -62.135  -37.177 0.0000000000
5590  -14.180  -65.723  -35.768 0.0000000000
5591  -12.551  -65.385  -37.353 0.0000000000
5592  -9.984  -70.930  -39.323 0.0000000000
5593  -12.097  -71.685  -37.822 0.0000000000
5594  -11.650  -74.702  -38.098 0.0000000000
5595  -13.288  -78.269  -36.842 0.0000000000
5596  -11.054  -77.562  -38.375 0.0000000000
5597  -10.296  -80.234  -38.646 0.0000000000
5598  -8.649  -76.553  -39.814 0.0000000000
6377  -0.486  -92.626  -37.729 0.0000000000
7091  -9.760  -88.312  -37.800 0.0000000000
7092  -8.253  -84.984  -39.057 0.0000000000
7099  -10.736  -64.790  -38.896 0.0000000000
10018  -4.772  -97.241  -35.283 0.0000000000
10019  -3.541  -94.581  -36.910 0.0000000000
10020  -2.250  -91.644  -38.390 0.0000000000
10021  -6.904  -91.986  -37.717 0.0000000000
10022  -3.936  -90.375  -38.825 0.0000000000
10036  -15.621  -65.817  -34.146 0.0000000000
10038  -15.751  -72.382  -34.608 0.0000000000
10039  -12.394  -68.567  -37.567 0.0000000000
10040  -14.026  -72.168  -36.249 0.0000000000
10045  -11.901  -83.697  -37.414 0.0000000000
10046  -9.365  -82.713  -38.885 0.0000000000
13256  -6.216  -85.316  -39.736 0.0000000000
13257  -5.525  -86.268  -39.732 0.0000000000
13270  -12.581  -63.768  -37.261 0.0000000000
13271  -11.733  -63.521  -38.043 0.0000000000
13272  -9.705  -72.399  -39.446 0.0000000000
13273  -10.820  -72.840  -38.712 0.0000000000
13274  -10.541  -74.302  -38.844 0.0000000000
13275  -11.371  -76.154  -38.237 0.0000000000
13276  -10.224  -75.721  -38.975 0.0000000000
13277  -9.871  -77.094  -39.106 0.0000000000
13278  -9.038  -75.214  -39.692 0.0000000000
14464  -0.824  -95.756  -35.718 0.0000000000
14468  -1.117  -94.066  -36.967 0.0000000000
15656  -11.681  -87.723  -36.994 0.0000000000
15657  -11.107  -88.832  -37.075 0.0000000000
15658  -10.369  -87.243  -37.736 0.0000000000
15659  -9.016  -86.678  -38.442 0.0000000000
15660  -9.609  -85.589  -38.371 0.0000000000
22481  -5.920  -94.853  -36.664 0.0000000000
22482  -5.054  -95.437  -36.419 0.0000000000
22483  -4.420  -94.042  -37.193 0.0000000000
22484  -2.903  -93.146  -37.667 0.0000000000
22485  -3.769  -92.576  -37.932 0.0000000000
22486  -9.106  -91.806  -37.139 0.0000000000
22488  -7.674  -91.163  -37.796 0.0000000000
22489  -4.037  -87.991  -39.607 0.0000000000
22490  -4.740  -89.635  -38.965 0.0000000000
22491  -3.247  -88.757  -39.480 0.0000000000
22492  -2.428  -89.454  -39.306 0.0000000000
22525  -15.522  -64.149  -34.054 0.0000000000
22526  -14.857  -64.138  -34.866 0.0000000000
22527  -14.190  -67.358  -35.873 0.0000000000
22528  -14.968  -67.447  -35.066 0.0000000000
22529  -14.982  -69.082  -35.179 0.0000000000
22531  -14.966  -70.703  -35.303 0.0000000000
22533  -11.567  -66.699  -38.229 0.0000000000
22534  -11.435  -68.265  -38.337 0.0000000000
22535  -12.919  -73.510  -37.187 0.0000000000
22536  -13.086  -71.961  -37.044 0.0000000000
22537  -13.899  -73.739  -36.394 0.0000000000
22538  -14.828  -73.898  -35.582 0.0000000000
22539  -14.701  -75.466  -35.732 0.0000000000
22541  -14.535  -77.004  -35.886 0.0000000000
22542  -13.008  -79.697  -36.990 0.0000000000
22543  -14.090  -79.967  -36.190 0.0000000000
22544  -13.807  -81.380  -36.340 0.0000000000
22546  -13.478  -82.747  -36.488 0.0000000000
22547  -13.102  -84.067  -36.631 0.0000000000
22548  -12.316  -82.411  -37.278 0.0000000000
22549  -9.040  -79.697  -39.359 0.0000000000
22550  -9.853  -81.498  -38.771 0.0000000000
22551  -8.562  -80.925  -39.472 0.0000000000
22552  -8.040  -82.105  -39.570 0.0000000000
23656  -1.425  -97.027  -34.866 0.0000000000
23657  -2.342  -96.741  -35.339 0.0000000000
24372  -12.205  -86.558  -36.890 0.0000000000
28468  -7.695  -88.680  -38.496 0.0000000000
28469  -6.974  -89.591  -38.470 0.0000000000
28470  -6.257  -87.957  -39.115 0.0000000000
28471  -4.798  -87.160  -39.690 0.0000000000
28491  -13.353  -62.303  -36.383 0.0000000000
28492  -14.143  -64.073  -35.671 0.0000000000
28493  -13.384  -63.951  -36.470 0.0000000000
28494  -13.389  -65.586  -36.565 0.0000000000
28495  -13.364  -67.203  -36.669 0.0000000000
28496  -10.225  -69.428  -39.204 0.0000000000
28497  -11.267  -69.814  -38.455 0.0000000000
28498  -11.062  -71.342  -38.582 0.0000000000
28499  -11.892  -73.210  -37.959 0.0000000000
28500  -12.715  -75.029  -37.332 0.0000000000
28501  -13.529  -76.796  -36.694 0.0000000000
28502  -12.474  -76.513  -37.477 0.0000000000
28503  -12.194  -77.953  -37.621 0.0000000000
28504  -11.875  -79.347  -37.764 0.0000000000
28505  -11.513  -80.694  -37.905 0.0000000000
28506  -10.696  -78.922  -38.513 0.0000000000
28507  -9.476  -78.420  -39.236 0.0000000000
28508  -8.220  -77.843  -39.933 0.0000000000
31902  -9.816  -90.876  -37.152 0.0000000000
31905  -9.106  -89.323  -37.834 0.0000000000
31906  -8.378  -87.708  -38.485 0.0000000000
31907  -7.630  -86.034  -39.108 0.0000000000
31908  -6.867  -84.304  -39.707 0.0000000000
31928  -9.143  -68.975  -39.935 0.0000000000
31930  -8.552  -71.889  -40.160 0.0000000000
31931  -8.202  -73.285  -40.273 0.0000000000
34220  -13.297  -60.646  -36.301 0.0000000000
34221  -12.555  -60.489  -37.099 0.0000000000
40289  -3.857  -97.645  -34.904 0.0000000000
40290  -3.258  -96.381  -35.756 0.0000000000
40291  -5.671  -96.762  -35.605 0.0000000000
40292  -4.165  -95.946  -36.116 0.0000000000
40293  -2.644  -95.047  -36.569 0.0000000000
40294  -2.016  -93.643  -37.345 0.0000000000
40295  -1.375  -92.171  -38.088 0.0000000000
40296  -0.723  -90.636  -38.798 0.0000000000
40298  -7.574  -93.466  -36.994 0.0000000000
40299  -6.102  -92.741  -37.593 0.0000000000
40300  -6.217  -90.439  -38.405 0.0000000000
40301  -5.429  -91.220  -38.296 0.0000000000
40302  -4.612  -91.933  -38.140 0.0000000000
40303  -3.105  -91.045  -38.635 0.0000000000
40304  -1.586  -90.081  -39.080 0.0000000000
40345  -14.925  -65.799  -34.961 0.0000000000
40351  -11.666  -65.119  -38.131 0.0000000000
40352  -12.489  -66.984  -37.455 0.0000000000
40353  -13.306  -68.804  -36.784 0.0000000000
40354  -12.264  -70.135  -37.690 0.0000000000
40355  -13.214  -70.390  -36.909 0.0000000000
40356  -14.116  -70.579  -36.113 0.0000000000
40357  -14.915  -72.309  -35.438 0.0000000000
40363  -14.332  -78.507  -36.039 0.0000000000
40370  -12.678  -85.339  -36.767 0.0000000000
40371  -11.439  -84.933  -37.540 0.0000000000
40372  -11.106  -81.994  -38.040 0.0000000000
40373  -10.654  -83.245  -38.166 0.0000000000
40374  -10.155  -84.444  -38.278 0.0000000000
40375  -8.832  -83.876  -38.981 0.0000000000
40376  -7.475  -83.233  -39.650 0.0000000000
40378  -7.817  -74.635  -40.386 0.0000000000
43977  -5.500  -84.929  -40.035 0.0000000000
43990  -11.755  -62.715  -38.001 0.0000000000
43992  -9.552  -73.120  -39.507 0.0000000000
43993  -10.124  -73.357  -39.145 0.0000000000
43994  -9.970  -74.075  -39.209 0.0000000000
43995  -10.387  -75.017  -38.909 0.0000000000
43996  -9.808  -74.781  -39.272 0.0000000000
43997  -9.636  -75.477  -39.336 0.0000000000
43998  -9.219  -74.527  -39.630 0.0000000000
45184  -1.280  -95.606  -35.952 0.0000000000
45186  -0.974  -94.936  -36.359 0.0000000000
45187  -0.664  -94.250  -36.757 0.0000000000
45188  -1.428  -94.761  -36.574 0.0000000000
46376  -11.307  -86.927  -37.324 0.0000000000
46377  -11.030  -87.494  -37.370 0.0000000000
46378  -10.655  -86.686  -37.695 0.0000000000
46379  -9.991  -86.424  -38.057 0.0000000000
46380  -10.274  -85.863  -38.014 0.0000000000
53201  -5.599  -94.149  -37.047 0.0000000000
53202  -5.172  -94.458  -36.936 0.0000000000
53203  -4.850  -93.744  -37.314 0.0000000000
53204  -4.096  -93.317  -37.567 0.0000000000
53205  -4.524  -93.012  -37.683 0.0000000000
53206  -8.760  -91.049  -37.490 0.0000000000
53207  -8.393  -91.495  -37.473 0.0000000000
53208  -8.046  -90.727  -37.820 0.0000000000
53210  -3.646  -88.382  -39.549 0.0000000000
53247  -14.184  -68.169  -35.929 0.0000000000
53248  -14.587  -68.226  -35.526 0.0000000000
53249  -14.582  -69.037  -35.585 0.0000000000
53250  -14.978  -69.894  -35.240 0.0000000000
53251  -14.569  -69.845  -35.646 0.0000000000
53252  -10.520  -67.128  -39.038 0.0000000000
53253  -11.018  -67.314  -38.662 0.0000000000
53254  -10.938  -68.090  -38.716 0.0000000000
53255  -13.327  -74.403  -36.866 0.0000000000
53256  -13.415  -73.633  -36.793 0.0000000000
53257  -13.821  -74.515  -36.468 0.0000000000
53258  -14.301  -74.609  -36.065 0.0000000000
53259  -14.223  -75.384  -36.140 0.0000000000
53260  -14.622  -76.239  -35.809 0.0000000000
53261  -14.136  -76.151  -36.217 0.0000000000
53262  -12.852  -80.393  -37.063 0.0000000000
53263  -13.410  -80.546  -36.667 0.0000000000
53264  -13.253  -81.239  -36.741 0.0000000000
53265  -13.649  -82.070  -36.414 0.0000000000
53266  -13.084  -81.920  -36.814 0.0000000000
53267  -12.904  -82.589  -36.886 0.0000000000
53268  -12.506  -81.750  -37.207 0.0000000000
53269  -8.399  -79.400  -39.705 0.0000000000
53270  -8.807  -80.317  -39.417 0.0000000000
53272  -7.904  -80.611  -39.810 0.0000000000
54787  -1.883  -96.894  -35.110 0.0000000000
54788  -2.641  -97.366  -34.909 0.0000000000
55979  -12.579  -87.346  -36.556 0.0000000000
55980  -12.826  -86.747  -36.498 0.0000000000
62806  -7.332  -87.860  -38.816 0.0000000000
62807  -6.979  -88.328  -38.811 0.0000000000
62808  -6.615  -87.499  -39.126 0.0000000000
62810  -5.166  -86.722  -39.716 0.0000000000
62812  -4.062  -86.734  -39.962 0.0000000000
62844  -12.972  -62.226  -36.781 0.0000000000
62845  -13.372  -63.129  -36.426 0.0000000000
62846  -12.984  -63.049  -36.823 0.0000000000
62847  -12.570  -64.578  -37.306 0.0000000000
62848  -12.986  -64.683  -36.913 0.0000000000
62849  -12.976  -65.493  -36.961 0.0000000000
62850  -13.381  -66.397  -36.616 0.0000000000
62851  -12.959  -66.300  -37.011 0.0000000000
62852  -10.109  -70.182  -39.263 0.0000000000
62853  -10.644  -70.390  -38.892 0.0000000000
62854  -10.528  -71.144  -38.955 0.0000000000
62855  -11.236  -73.777  -38.406 0.0000000000
62856  -11.362  -73.034  -38.338 0.0000000000
62857  -11.776  -73.960  -38.029 0.0000000000
62858  -12.305  -74.126  -37.647 0.0000000000
62859  -12.189  -74.874  -37.718 0.0000000000
62860  -12.599  -75.776  -37.405 0.0000000000
62861  -12.063  -75.614  -37.789 0.0000000000
62862  -11.217  -76.864  -38.306 0.0000000000
62863  -11.784  -77.061  -37.930 0.0000000000
62864  -11.630  -77.767  -38.001 0.0000000000
62865  -12.040  -78.656  -37.692 0.0000000000
62866  -11.466  -78.461  -38.071 0.0000000000
62867  -11.291  -79.144  -38.141 0.0000000000
62868  -10.880  -78.248  -38.444 0.0000000000
62869  -9.264  -76.833  -39.463 0.0000000000
62870  -9.679  -77.763  -39.172 0.0000000000
62871  -9.064  -77.493  -39.526 0.0000000000
62872  -8.852  -78.141  -39.588 0.0000000000
62873  -8.439  -77.204  -39.874 0.0000000000
70009  -10.439  -88.583  -37.442 0.0000000000
70011  -10.125  -89.106  -37.468 0.0000000000
70012  -9.800  -89.614  -37.487 0.0000000000
70013  -9.439  -88.825  -37.821 0.0000000000
70014  -8.744  -88.523  -38.163 0.0000000000
70015  -9.073  -88.020  -38.147 0.0000000000
70016  -8.637  -85.839  -38.753 0.0000000000
70017  -8.327  -86.366  -38.780 0.0000000000
70018  -7.947  -85.517  -39.086 0.0000000000
70019  -7.250  -85.176  -39.410 0.0000000000
70020  -7.563  -84.653  -39.387 0.0000000000
70065  -8.713  -71.175  -40.103 0.0000000000
75436  -12.903  -59.747  -36.663 0.0000000000
75437  -12.931  -60.575  -36.701 0.0000000000
75438  -12.534  -59.664  -37.062 0.0000000000
90476  -5.069  -97.862  -34.852 0.0000000000
90477  -4.612  -98.066  -34.664 0.0000000000
90478  -4.316  -97.452  -35.101 0.0000000000
90479  -3.559  -97.021  -35.335 0.0000000000
90480  -4.016  -96.821  -35.527 0.0000000000
90484  -4.300  -95.020  -36.671 0.0000000000
90485  -4.612  -95.701  -36.275 0.0000000000
90486  -3.855  -95.273  -36.517 0.0000000000
90487  -3.406  -95.507  -36.350 0.0000000000
90488  -3.095  -94.823  -36.746 0.0000000000
90489  -2.332  -94.353  -36.962 0.0000000000
90490  -2.780  -94.122  -37.134 0.0000000000
90491  -2.578  -92.403  -38.033 0.0000000000
90492  -2.140  -92.668  -37.884 0.0000000000
90493  -1.815  -91.917  -38.246 0.0000000000
90494  -1.050  -91.411  -38.447 0.0000000000
90495  -1.487  -91.149  -38.600 0.0000000000
90499  -7.633  -92.338  -37.408 0.0000000000
90500  -7.969  -93.076  -37.046 0.0000000000
90501  -7.241  -92.734  -37.360 0.0000000000
90502  -6.841  -93.114  -37.300 0.0000000000
90503  -6.507  -92.372  -37.661 0.0000000000
90504  -6.247  -89.219  -38.771 0.0000000000
90505  -6.600  -90.023  -38.443 0.0000000000
90506  -5.868  -89.641  -38.736 0.0000000000
90507  -4.342  -90.014  -38.901 0.0000000000
90508  -5.086  -90.435  -38.634 0.0000000000
90509  -4.684  -90.807  -38.567 0.0000000000
90510  -5.024  -91.585  -38.224 0.0000000000
90511  -4.276  -91.162  -38.487 0.0000000000
90512  -3.860  -91.499  -38.394 0.0000000000
90513  -3.524  -90.719  -38.737 0.0000000000
90515  -2.010  -89.776  -39.200 0.0000000000
90617  -14.165  -64.900  -35.719 0.0000000000
90618  -14.535  -64.942  -35.317 0.0000000000
90619  -14.558  -65.768  -35.366 0.0000000000
90620  -15.358  -68.292  -34.712 0.0000000000
90621  -15.338  -67.469  -34.658 0.0000000000
90633  -11.253  -64.171  -38.471 0.0000000000
90634  -11.207  -64.962  -38.515 0.0000000000
90635  -11.981  -67.638  -37.897 0.0000000000
90636  -12.034  -66.850  -37.844 0.0000000000
90637  -12.446  -67.777  -37.510 0.0000000000
90638  -12.899  -67.900  -37.119 0.0000000000
90639  -12.856  -68.694  -37.177 0.0000000000
90640  -11.683  -70.755  -38.138 0.0000000000
90641  -11.771  -69.983  -38.075 0.0000000000
90642  -12.185  -70.913  -37.755 0.0000000000
90643  -13.562  -72.073  -36.649 0.0000000000
90644  -13.155  -71.178  -36.976 0.0000000000
90645  -13.621  -71.285  -36.580 0.0000000000
90646  -13.671  -70.493  -36.513 0.0000000000
90647  -14.075  -71.376  -36.180 0.0000000000
90648  -14.517  -71.450  -35.777 0.0000000000
90649  -14.477  -72.247  -35.846 0.0000000000
90650  -15.223  -74.744  -35.243 0.0000000000
90651  -15.272  -73.952  -35.168 0.0000000000
90662  -13.414  -77.538  -36.768 0.0000000000
90663  -13.932  -77.659  -36.368 0.0000000000
90664  -13.817  -78.398  -36.444 0.0000000000
90665  -14.485  -80.792  -35.857 0.0000000000
90666  -14.612  -80.072  -35.781 0.0000000000
90679  -12.508  -83.893  -37.027 0.0000000000
90680  -12.896  -84.709  -36.701 0.0000000000
90681  -12.292  -84.526  -37.094 0.0000000000
90682  -12.064  -85.146  -37.158 0.0000000000
90683  -11.676  -84.322  -37.479 0.0000000000
90684  -10.910  -80.473  -38.279 0.0000000000
90685  -11.315  -81.350  -37.973 0.0000000000
90686  -10.703  -81.121  -38.345 0.0000000000
90687  -9.614  -82.112  -38.830 0.0000000000
90688  -10.255  -82.378  -38.471 0.0000000000
90689  -10.014  -82.988  -38.530 0.0000000000
90690  -10.410  -83.851  -38.224 0.0000000000
90691  -9.762  -83.586  -38.584 0.0000000000
90692  -9.498  -84.170  -38.634 0.0000000000
90693  -9.104  -83.301  -38.935 0.0000000000
97588  -6.592  -86.178  -39.436 0.0000000000
97589  -6.247  -86.656  -39.436 0.0000000000
97590  -5.875  -85.800  -39.738 0.0000000000
97591  -5.154  -85.404  -40.031 0.0000000000
97611  -12.180  -62.028  -37.571 0.0000000000
97612  -12.585  -62.953  -37.218 0.0000000000
97613  -12.175  -62.842  -37.611 0.0000000000
97614  -12.163  -63.652  -37.653 0.0000000000
97615  -12.143  -64.458  -37.697 0.0000000000
97616  -9.849  -71.669  -39.385 0.0000000000
97617  -10.403  -71.891  -39.018 0.0000000000
97618  -10.268  -72.628  -39.081 0.0000000000
97619  -10.685  -73.576  -38.778 0.0000000000
97620  -11.101  -74.511  -38.474 0.0000000000
97621  -11.515  -75.433  -38.168 0.0000000000
97622  -10.956  -75.234  -38.541 0.0000000000
97623  -10.803  -75.947  -38.609 0.0000000000
97624  -10.640  -76.648  -38.676 0.0000000000
97625  -10.467  -77.337  -38.744 0.0000000000
97626  -10.052  -76.414  -39.041 0.0000000000
97627  -9.455  -76.161  -39.400 0.0000000000
97628  -8.849  -75.889  -39.753 0.0000000000
99762  -0.368  -95.888  -35.470 0.0000000000
99769  -0.352  -93.546  -37.147 0.0000000000
99770  -0.803  -93.354  -37.352 0.0000000000
101908  -12.049  -88.502  -36.657 0.0000000000
101910  -11.400  -88.285  -37.037 0.0000000000
101911  -10.740  -88.045  -37.409 0.0000000000
101912  -10.070  -87.785  -37.772 0.0000000000
101913  -9.391  -87.503  -38.124 0.0000000000
101914  -9.697  -86.971  -38.094 0.0000000000
101915  -9.319  -86.141  -38.410 0.0000000000
101916  -8.935  -85.297  -38.719 0.0000000000
114192  -5.523  -97.639  -35.024 0.0000000000
114195  -5.490  -95.155  -36.549 0.0000000000
114196  -4.739  -94.748  -36.811 0.0000000000
114197  -3.983  -94.321  -37.059 0.0000000000
114198  -3.224  -93.872  -37.293 0.0000000000
114199  -3.663  -93.604  -37.437 0.0000000000
114200  -3.339  -92.870  -37.806 0.0000000000
114201  -3.011  -92.120  -38.167 0.0000000000
114204  -8.736  -92.246  -37.118 0.0000000000
114205  -8.018  -91.925  -37.446 0.0000000000
114206  -7.293  -91.583  -37.762 0.0000000000
114207  -4.778  -88.419  -39.339 0.0000000000
114208  -5.132  -89.240  -39.018 0.0000000000
114209  -4.391  -88.820  -39.289 0.0000000000
114210  -3.995  -89.205  -39.228 0.0000000000
114211  -3.593  -89.573  -39.156 0.0000000000
114212  -3.184  -89.924  -39.072 0.0000000000
114213  -2.841  -89.114  -39.399 0.0000000000
114274  -15.240  -64.983  -34.507 0.0000000000
114275  -14.189  -66.542  -35.819 0.0000000000
114276  -14.575  -66.591  -35.417 0.0000000000
114277  -14.585  -67.410  -35.471 0.0000000000
114278  -14.979  -68.267  -35.121 0.0000000000
114279  -15.370  -69.111  -34.770 0.0000000000
114281  -15.375  -69.927  -34.829 0.0000000000
114283  -15.360  -71.548  -34.957 0.0000000000
114284  -10.672  -65.573  -38.941 0.0000000000
114285  -11.152  -65.750  -38.562 0.0000000000
114286  -11.089  -66.534  -38.611 0.0000000000
114287  -11.505  -67.484  -38.282 0.0000000000
114288  -11.920  -68.424  -37.954 0.0000000000
114289  -12.509  -72.604  -37.505 0.0000000000
114290  -12.597  -71.832  -37.435 0.0000000000
114291  -13.007  -72.738  -37.115 0.0000000000
114292  -13.493  -72.856  -36.720 0.0000000000
114293  -13.967  -72.956  -36.321 0.0000000000
114294  -14.428  -73.039  -35.917 0.0000000000
114295  -14.370  -73.827  -35.990 0.0000000000
114296  -14.769  -74.685  -35.656 0.0000000000
114297  -15.164  -75.530  -35.318 0.0000000000
114299  -15.096  -76.309  -35.395 0.0000000000
114300  -15.018  -77.080  -35.473 0.0000000000
114302  -13.153  -78.989  -36.916 0.0000000000
114303  -13.691  -79.125  -36.519 0.0000000000
114304  -13.556  -79.842  -36.593 0.0000000000
114305  -13.954  -80.679  -36.266 0.0000000000
114306  -14.348  -81.502  -35.933 0.0000000000
114308  -14.200  -82.199  -36.008 0.0000000000
114309  -14.040  -82.885  -36.083 0.0000000000
114310  -13.868  -83.559  -36.157 0.0000000000
114311  -13.684  -84.221  -36.229 0.0000000000
114312  -13.296  -83.413  -36.560 0.0000000000
114313  -12.712  -83.247  -36.957 0.0000000000
114314  -12.114  -83.060  -37.347 0.0000000000
114315  -9.673  -79.975  -39.006 0.0000000000
114316  -10.080  -80.872  -38.710 0.0000000000
114317  -9.448  -80.604  -39.067 0.0000000000
114318  -9.212  -81.221  -39.125 0.0000000000
114319  -8.965  -81.826  -39.180 0.0000000000
114320  -8.707  -82.418  -39.231 0.0000000000
114321  -8.307  -81.521  -39.523 0.0000000000
114322  -7.641  -81.199  -39.857 0.0000000000
116637  -1.126  -96.401  -35.297 0.0000000000
116638  -1.583  -96.259  -35.535 0.0000000000
116639  -2.041  -96.098  -35.760 0.0000000000
118307  -11.949  -87.148  -36.944 0.0000000000
118308  -11.572  -86.347  -37.273 0.0000000000
127862  -6.343  -94.533  -36.766 0.0000000000
127863  -6.019  -93.822  -37.144 0.0000000000
127864  -8.055  -89.485  -38.168 0.0000000000
127865  -7.695  -89.943  -38.158 0.0000000000
127866  -7.339  -89.143  -38.488 0.0000000000
127867  -6.618  -88.781  -38.796 0.0000000000
127868  -5.891  -88.401  -39.093 0.0000000000
127869  -5.893  -87.120  -39.426 0.0000000000
127870  -5.530  -87.568  -39.408 0.0000000000
127871  -5.158  -88.001  -39.379 0.0000000000
127872  -4.422  -87.583  -39.654 0.0000000000
127917  -13.722  -62.365  -35.983 0.0000000000
127918  -14.115  -63.244  -35.626 0.0000000000
127919  -13.749  -63.194  -36.027 0.0000000000
127920  -13.769  -64.020  -36.072 0.0000000000
127921  -13.783  -64.843  -36.119 0.0000000000
127922  -12.988  -63.867  -36.867 0.0000000000
127923  -13.390  -64.771  -36.517 0.0000000000
127924  -13.790  -65.662  -36.168 0.0000000000
127925  -13.791  -66.478  -36.219 0.0000000000
127926  -13.783  -67.289  -36.272 0.0000000000
127927  -13.768  -68.096  -36.328 0.0000000000
127928  -10.333  -68.667  -39.146 0.0000000000
127929  -10.849  -68.862  -38.772 0.0000000000
127930  -10.751  -69.629  -38.831 0.0000000000
127931  -11.169  -70.581  -38.518 0.0000000000
127932  -11.585  -71.522  -38.204 0.0000000000
127933  -10.946  -72.095  -38.647 0.0000000000
127934  -11.478  -72.282  -38.271 0.0000000000
127935  -11.999  -72.451  -37.890 0.0000000000
127936  -12.412  -73.369  -37.576 0.0000000000
127937  -12.822  -74.274  -37.259 0.0000000000
127938  -13.230  -75.166  -36.941 0.0000000000
127939  -13.636  -76.044  -36.619 0.0000000000
127940  -13.124  -75.919  -37.015 0.0000000000
127941  -13.008  -76.664  -37.088 0.0000000000
127942  -12.882  -77.398  -37.162 0.0000000000
127943  -11.928  -76.343  -37.860 0.0000000000
127944  -12.339  -77.239  -37.549 0.0000000000
127945  -12.747  -78.121  -37.235 0.0000000000
127946  -12.603  -78.832  -37.307 0.0000000000
127947  -12.448  -79.532  -37.380 0.0000000000
127948  -12.282  -80.219  -37.452 0.0000000000
127949  -12.105  -80.895  -37.523 0.0000000000
127950  -11.700  -80.027  -37.835 0.0000000000
127951  -11.106  -79.815  -38.211 0.0000000000
127952  -10.502  -79.584  -38.580 0.0000000000
127953  -10.284  -78.015  -38.811 0.0000000000
127954  -10.091  -78.680  -38.877 0.0000000000
127955  -9.887  -79.333  -38.943 0.0000000000
127956  -9.264  -79.064  -39.299 0.0000000000
127957  -8.631  -78.776  -39.647 0.0000000000
127958  -7.990  -78.470  -39.989 0.0000000000
137058  -9.117  -90.586  -37.498 0.0000000000
137065  -10.155  -90.387  -37.145 0.0000000000
137066  -9.463  -90.108  -37.497 0.0000000000
137067  -8.763  -89.807  -37.838 0.0000000000
137068  -8.405  -89.012  -38.170 0.0000000000
137069  -8.042  -88.201  -38.494 0.0000000000
137070  -7.674  -87.376  -38.812 0.0000000000
137071  -8.703  -87.201  -38.467 0.0000000000
137072  -8.006  -86.879  -38.800 0.0000000000
137073  -7.302  -86.537  -39.123 0.0000000000
137074  -6.926  -85.684  -39.427 0.0000000000
137075  -6.547  -84.817  -39.725 0.0000000000
137113  -10.256  -64.603  -39.272 0.0000000000
137126  -9.806  -68.455  -39.515 0.0000000000
137127  -9.689  -69.210  -39.572 0.0000000000
137128  -9.564  -69.958  -39.629 0.0000000000
137131  -9.429  -70.699  -39.688 0.0000000000
137132  -9.286  -71.431  -39.746 0.0000000000
137133  -9.133  -72.153  -39.805 0.0000000000
137134  -8.971  -72.865  -39.865 0.0000000000
137135  -8.800  -73.566  -39.924 0.0000000000
137136  -8.381  -72.593  -40.216 0.0000000000
137137  -7.783  -72.303  -40.562 0.0000000000
143721  -13.328  -61.475  -36.341 0.0000000000
143722  -12.955  -61.401  -36.740 0.0000000000
143723  -12.572  -61.313  -37.137 0.0000000000
143725  -12.170  -60.390  -37.495 0.0000000000
143726  -12.178  -61.210  -37.532 0.0000000000
143727  -11.775  -61.092  -37.925 0.0000000000
161820  -3.691  -98.417  -34.248 0.0000000000
161822  -4.152  -98.251  -34.463 0.0000000000
161823  -3.397  -97.819  -34.693 0.0000000000
161824  -3.101  -97.203  -35.129 0.0000000000
161825  -2.801  -96.570  -35.555 0.0000000000
161826  -2.498  -95.919  -35.971 0.0000000000
161829  -5.224  -97.011  -35.451 0.0000000000
161830  -5.364  -96.109  -36.017 0.0000000000
161831  -4.920  -96.365  -35.868 0.0000000000
161832  -4.470  -96.602  -35.705 0.0000000000
161833  -3.713  -96.173  -35.943 0.0000000000
161834  -2.953  -95.722  -36.167 0.0000000000
161835  -2.191  -95.252  -36.377 0.0000000000
161836  -1.881  -94.566  -36.775 0.0000000000
161837  -1.568  -93.864  -37.163 0.0000000000
161838  -1.251  -93.144  -37.543 0.0000000000
161839  -2.462  -93.404  -37.513 0.0000000000
161840  -1.697  -92.915  -37.721 0.0000000000
161841  -0.932  -92.408  -37.915 0.0000000000
161842  -0.609  -91.656  -38.279 0.0000000000
161852  -6.433  -93.476  -37.229 0.0000000000
161853  -5.691  -93.093  -37.514 0.0000000000
161854  -7.326  -90.385  -38.137 0.0000000000
161855  -6.949  -90.811  -38.106 0.0000000000
161856  -6.563  -91.220  -38.065 0.0000000000
161857  -5.481  -90.047  -38.691 0.0000000000
161858  -5.827  -90.838  -38.356 0.0000000000
161859  -6.169  -91.613  -38.013 0.0000000000
161860  -5.767  -91.988  -37.949 0.0000000000
161861  -5.359  -92.347  -37.873 0.0000000000
161862  -4.945  -92.688  -37.785 0.0000000000
161863  -4.194  -92.263  -38.043 0.0000000000
161864  -3.439  -91.818  -38.288 0.0000000000
161865  -2.681  -91.354  -38.520 0.0000000000
161866  -2.768  -90.257  -38.975 0.0000000000
161867  -2.347  -90.572  -38.864 0.0000000000
161868  -1.919  -90.870  -38.739 0.0000000000
161989  -14.506  -64.113  -35.269 0.0000000000
161990  -14.894  -64.969  -34.912 0.0000000000
161991  -15.279  -65.815  -34.555 0.0000000000
161992  -14.949  -66.625  -35.012 0.0000000000
161993  -15.312  -66.644  -34.605 0.0000000000
162008  -11.704  -64.322  -38.086 0.0000000000
162009  -12.115  -65.260  -37.744 0.0000000000
162010  -11.621  -65.911  -38.179 0.0000000000
162011  -12.078  -66.057  -37.792 0.0000000000
162012  -12.524  -66.186  -37.403 0.0000000000
162013  -12.933  -67.102  -37.063 0.0000000000
162014  -13.339  -68.006  -36.725 0.0000000000
162015  -13.744  -68.898  -36.387 0.0000000000
162016  -11.355  -69.042  -38.395 0.0000000000
162017  -11.850  -69.205  -38.013 0.0000000000
162018  -12.334  -69.353  -37.627 0.0000000000
162019  -12.676  -71.054  -37.367 0.0000000000
162020  -12.745  -70.271  -37.301 0.0000000000
162021  -12.805  -69.484  -37.238 0.0000000000
162022  -13.265  -69.599  -36.845 0.0000000000
162023  -13.712  -69.698  -36.449 0.0000000000
162024  -14.147  -69.780  -36.049 0.0000000000
162025  -14.547  -70.649  -35.710 0.0000000000
162026  -14.945  -71.507  -35.369 0.0000000000
162027  -15.340  -72.354  -35.025 0.0000000000
162028  -14.876  -73.106  -35.509 0.0000000000
162029  -15.311  -73.155  -35.096 0.0000000000
162030  -15.731  -73.188  -34.678 0.0000000000
162043  -14.039  -76.910  -36.293 0.0000000000
162044  -14.438  -77.760  -35.962 0.0000000000
162045  -14.834  -78.596  -35.627 0.0000000000
162046  -14.216  -79.242  -36.115 0.0000000000
162047  -14.728  -79.339  -35.704 0.0000000000
162065  -13.280  -85.509  -36.369 0.0000000000
162066  -13.059  -86.135  -36.435 0.0000000000
162067  -12.448  -85.955  -36.831 0.0000000000
162068  -11.824  -85.754  -37.218 0.0000000000
162069  -11.190  -85.531  -37.596 0.0000000000
162070  -11.917  -81.560  -37.594 0.0000000000
162071  -11.717  -82.212  -37.663 0.0000000000
162072  -11.505  -82.853  -37.730 0.0000000000
162073  -10.484  -81.756  -38.410 0.0000000000
162074  -10.885  -82.626  -38.104 0.0000000000
162075  -11.283  -83.481  -37.794 0.0000000000
162076  -11.048  -84.096  -37.856 0.0000000000
162077  -10.802  -84.699  -37.913 0.0000000000
162078  -10.544  -85.287  -37.966 0.0000000000
162079  -9.888  -85.024  -38.327 0.0000000000
162080  -9.222  -84.740  -38.679 0.0000000000
162081  -8.548  -84.437  -39.022 0.0000000000
162082  -8.437  -82.998  -39.278 0.0000000000
162083  -8.157  -83.564  -39.320 0.0000000000
162084  -7.866  -84.116  -39.356 0.0000000000
162085  -7.176  -83.775  -39.682 0.0000000000
162086  -6.480  -83.417  -39.998 0.0000000000
162088  -8.621  -74.255  -39.983 0.0000000000
162089  -8.432  -74.933  -40.042 0.0000000000
162090  -8.233  -75.600  -40.101 0.0000000000
162092  -7.610  -75.293  -40.442 0.0000000000
162093  -8.025  -76.255  -40.159 0.0000000000
162094  -7.807  -76.897  -40.216 0.0000000000
