#!ascii label  , from subject fsaverage vox2ras=TkReg
906
154  -15.743  -87.364  -34.418 0.0000000000
617  -11.079  -95.973  -34.840 0.0000000000
619  -17.264  -75.587  -33.169 0.0000000000
1376  -18.423  -92.574  -31.226 0.0000000000
1377  -16.315  -97.064  -31.467 0.0000000000
1378  -13.808  -92.145  -34.861 0.0000000000
1381  -19.134  -68.229  -29.248 0.0000000000
1382  -19.799  -74.844  -29.556 0.0000000000
1383  -17.104  -69.033  -32.672 0.0000000000
1764  -19.633  -87.260  -30.686 0.0000000000
2486  -13.415  -100.540  -31.185 0.0000000000
2487  -7.750  -98.704  -34.157 0.0000000000
2492  -20.015  -81.274  -30.071 0.0000000000
2493  -16.844  -81.797  -33.797 0.0000000000
3296  -17.140  -90.106  -32.900 0.0000000000
3297  -16.234  -92.538  -33.127 0.0000000000
3298  -14.883  -89.862  -34.680 0.0000000000
3299  -12.412  -89.265  -36.313 0.0000000000
3300  -13.435  -86.914  -36.097 0.0000000000
3302  -18.232  -68.728  -30.961 0.0000000000
3303  -16.856  -65.697  -32.492 0.0000000000
5569  -13.788  -96.704  -33.255 0.0000000000
5571  -12.292  -98.401  -33.104 0.0000000000
5572  -10.642  -99.812  -32.792 0.0000000000
5573  -9.473  -97.485  -34.596 0.0000000000
5574  -6.548  -96.208  -35.869 0.0000000000
5575  -8.226  -94.877  -36.233 0.0000000000
5584  -18.667  -75.337  -31.376 0.0000000000
5585  -19.978  -78.095  -29.793 0.0000000000
5586  -18.689  -78.561  -31.660 0.0000000000
5587  -18.565  -81.683  -31.972 0.0000000000
5588  -17.128  -78.757  -33.477 0.0000000000
7086  -17.475  -94.934  -31.399 0.0000000000
7087  -15.108  -94.746  -33.258 0.0000000000
7088  -12.532  -94.188  -34.923 0.0000000000
7089  -9.784  -93.265  -36.410 0.0000000000
7090  -11.188  -91.389  -36.428 0.0000000000
7093  -20.270  -70.848  -27.617 0.0000000000
7094  -20.667  -74.130  -27.733 0.0000000000
7095  -19.506  -71.551  -29.374 0.0000000000
7096  -18.504  -72.052  -31.140 0.0000000000
7097  -17.250  -72.336  -32.895 0.0000000000
7955  -19.144  -90.009  -30.978 0.0000000000
7956  -17.823  -87.474  -32.612 0.0000000000
8532  -20.823  -69.958  -25.863 0.0000000000
10016  -8.876  -100.925  -32.279 0.0000000000
10017  -5.940  -99.624  -33.494 0.0000000000
10030  -20.981  -77.387  -27.909 0.0000000000
10031  -21.175  -80.592  -28.128 0.0000000000
10032  -21.233  -83.720  -28.387 0.0000000000
10033  -19.909  -84.341  -30.377 0.0000000000
10034  -18.289  -84.662  -32.295 0.0000000000
10035  -16.393  -84.671  -34.115 0.0000000000
10037  -15.745  -69.125  -34.357 0.0000000000
10041  -15.614  -75.576  -34.899 0.0000000000
10042  -15.322  -78.666  -35.210 0.0000000000
10043  -14.876  -81.602  -35.519 0.0000000000
10044  -14.253  -84.353  -35.820 0.0000000000
10976  -16.455  -88.769  -33.676 0.0000000000
10977  -16.041  -90.028  -33.809 0.0000000000
10978  -15.340  -88.639  -34.557 0.0000000000
10979  -14.169  -88.422  -35.403 0.0000000000
10980  -14.615  -87.182  -35.274 0.0000000000
13249  -12.454  -96.385  -34.072 0.0000000000
13250  -13.061  -97.587  -33.198 0.0000000000
13251  -11.696  -97.222  -33.994 0.0000000000
13252  -10.898  -97.989  -33.877 0.0000000000
13253  -10.293  -96.765  -34.739 0.0000000000
13254  -8.859  -96.216  -35.435 0.0000000000
13255  -9.668  -95.470  -35.561 0.0000000000
13264  -17.998  -75.493  -32.278 0.0000000000
13265  -18.696  -76.958  -31.514 0.0000000000
13266  -17.988  -77.105  -32.424 0.0000000000
13267  -17.940  -78.694  -32.576 0.0000000000
13268  -17.215  -77.186  -33.320 0.0000000000
15648  -17.977  -93.781  -31.323 0.0000000000
15649  -15.048  -92.387  -34.016 0.0000000000
15650  -15.697  -93.673  -33.207 0.0000000000
15651  -14.469  -93.481  -34.082 0.0000000000
15652  -13.842  -94.513  -34.115 0.0000000000
15653  -13.193  -93.198  -34.909 0.0000000000
15654  -11.871  -92.825  -35.693 0.0000000000
15655  -12.520  -91.812  -35.664 0.0000000000
15661  -19.717  -69.569  -28.441 0.0000000000
15662  -19.916  -71.224  -28.494 0.0000000000
15663  -19.329  -69.893  -29.306 0.0000000000
15664  -17.697  -68.906  -31.818 0.0000000000
15665  -18.379  -70.394  -31.044 0.0000000000
15666  -17.816  -70.568  -31.913 0.0000000000
15667  -17.909  -72.222  -32.020 0.0000000000
15668  -17.192  -70.689  -32.777 0.0000000000
17456  -20.262  -88.455  -29.831 0.0000000000
17457  -20.041  -89.835  -29.971 0.0000000000
17458  -19.417  -88.657  -30.836 0.0000000000
17459  -18.498  -88.776  -31.813 0.0000000000
17460  -18.764  -87.408  -31.662 0.0000000000
22474  -9.209  -99.304  -33.505 0.0000000000
22475  -9.771  -100.407  -32.563 0.0000000000
22476  -8.324  -99.850  -33.239 0.0000000000
22477  -7.418  -100.320  -32.917 0.0000000000
22478  -6.853  -99.203  -33.854 0.0000000000
22479  -5.363  -98.466  -34.409 0.0000000000
22480  -6.270  -98.016  -34.750 0.0000000000
22487  -8.357  -92.669  -37.087 0.0000000000
22509  -20.264  -74.514  -28.645 0.0000000000
22510  -20.836  -75.763  -27.815 0.0000000000
22511  -20.404  -76.147  -28.743 0.0000000000
22512  -20.015  -79.696  -29.928 0.0000000000
22513  -20.591  -79.377  -28.973 0.0000000000
22514  -20.631  -80.965  -29.103 0.0000000000
22515  -21.221  -82.168  -28.253 0.0000000000
22516  -20.637  -82.530  -29.243 0.0000000000
22517  -20.608  -84.067  -29.389 0.0000000000
22518  -19.980  -82.824  -30.222 0.0000000000
22519  -17.736  -81.776  -32.895 0.0000000000
22520  -18.448  -83.192  -32.133 0.0000000000
22521  -17.578  -83.262  -33.057 0.0000000000
22522  -17.374  -84.706  -33.219 0.0000000000
22523  -16.642  -83.256  -33.957 0.0000000000
22530  -15.764  -70.760  -34.477 0.0000000000
22540  -15.486  -77.137  -35.054 0.0000000000
22545  -14.589  -83.001  -35.671 0.0000000000
24364  -17.796  -91.375  -32.085 0.0000000000
24365  -17.360  -92.600  -32.196 0.0000000000
24366  -16.715  -91.348  -33.024 0.0000000000
24367  -15.572  -91.235  -33.924 0.0000000000
24368  -14.372  -91.032  -34.783 0.0000000000
24369  -13.121  -90.739  -35.603 0.0000000000
24370  -13.671  -89.608  -35.515 0.0000000000
24371  -12.949  -88.117  -36.215 0.0000000000
24373  -18.523  -66.833  -30.042 0.0000000000
24374  -18.711  -68.502  -30.103 0.0000000000
24375  -18.066  -67.058  -30.887 0.0000000000
24376  -17.555  -67.237  -31.734 0.0000000000
24377  -16.991  -67.368  -32.578 0.0000000000
25452  -20.427  -87.032  -29.687 0.0000000000
28455  -15.077  -96.931  -32.386 0.0000000000
28456  -15.660  -98.034  -31.452 0.0000000000
28457  -14.384  -97.858  -32.351 0.0000000000
28458  -13.646  -98.718  -32.278 0.0000000000
28459  -12.865  -99.508  -32.167 0.0000000000
28460  -12.047  -100.225  -32.017 0.0000000000
28461  -11.484  -99.143  -32.970 0.0000000000
28462  -10.068  -98.683  -33.716 0.0000000000
28463  -8.625  -98.131  -34.404 0.0000000000
28464  -7.158  -97.491  -35.034 0.0000000000
28465  -8.022  -96.891  -35.261 0.0000000000
28466  -7.401  -95.579  -36.077 0.0000000000
28467  -6.760  -94.195  -36.854 0.0000000000
28482  -19.267  -75.120  -30.467 0.0000000000
28483  -19.905  -76.476  -29.669 0.0000000000
28484  -19.336  -76.747  -30.594 0.0000000000
28485  -19.369  -78.360  -30.730 0.0000000000
28486  -19.366  -79.951  -30.876 0.0000000000
28487  -19.326  -81.515  -31.029 0.0000000000
28488  -18.645  -80.138  -31.813 0.0000000000
28489  -17.856  -80.253  -32.734 0.0000000000
28490  -17.005  -80.296  -33.636 0.0000000000
31892  -16.921  -96.030  -31.448 0.0000000000
31893  -16.868  -93.772  -32.286 0.0000000000
31894  -16.321  -94.886  -32.351 0.0000000000
31895  -15.723  -95.940  -32.385 0.0000000000
31896  -14.470  -95.757  -33.275 0.0000000000
31897  -13.170  -95.481  -34.113 0.0000000000
31898  -11.827  -95.113  -34.901 0.0000000000
31899  -10.442  -94.654  -35.644 0.0000000000
31900  -11.178  -93.772  -35.688 0.0000000000
31901  -10.507  -92.360  -36.437 0.0000000000
31903  -11.824  -90.356  -36.385 0.0000000000
31904  -10.484  -89.883  -37.130 0.0000000000
31909  -20.797  -72.064  -26.773 0.0000000000
31910  -21.011  -73.697  -26.820 0.0000000000
31911  -20.476  -72.492  -27.667 0.0000000000
31912  -20.100  -72.872  -28.562 0.0000000000
31913  -19.664  -73.202  -29.458 0.0000000000
31914  -18.883  -70.168  -30.174 0.0000000000
31915  -19.036  -71.827  -30.257 0.0000000000
31916  -19.165  -73.479  -30.354 0.0000000000
31917  -18.601  -73.701  -31.251 0.0000000000
31918  -17.971  -73.865  -32.143 0.0000000000
31919  -17.276  -73.970  -33.027 0.0000000000
34208  -19.760  -91.172  -30.101 0.0000000000
34209  -18.812  -91.315  -31.109 0.0000000000
34210  -18.176  -90.100  -31.956 0.0000000000
34211  -17.509  -88.814  -32.761 0.0000000000
34212  -16.814  -87.460  -33.531 0.0000000000
35862  -21.066  -71.591  -25.879 0.0000000000
35863  -20.571  -70.426  -26.739 0.0000000000
35864  -20.051  -69.198  -27.578 0.0000000000
35865  -19.503  -67.908  -28.398 0.0000000000
40282  -11.194  -100.868  -31.822 0.0000000000
40283  -10.312  -101.436  -31.576 0.0000000000
40285  -7.964  -101.363  -31.941 0.0000000000
40288  -4.444  -98.840  -34.012 0.0000000000
40297  -9.022  -94.104  -36.343 0.0000000000
40324  -21.207  -75.327  -26.883 0.0000000000
40325  -21.382  -76.950  -26.960 0.0000000000
40326  -21.530  -78.562  -27.048 0.0000000000
40327  -20.514  -77.769  -28.853 0.0000000000
40328  -21.096  -78.998  -28.014 0.0000000000
40329  -21.647  -80.160  -27.147 0.0000000000
40331  -21.783  -83.305  -27.374 0.0000000000
40333  -21.210  -85.242  -28.527 0.0000000000
40334  -20.541  -85.569  -29.538 0.0000000000
40335  -19.796  -85.821  -30.532 0.0000000000
40336  -19.250  -83.046  -31.187 0.0000000000
40337  -19.136  -84.541  -31.346 0.0000000000
40338  -18.975  -85.995  -31.506 0.0000000000
40339  -18.082  -86.090  -32.455 0.0000000000
40340  -17.120  -86.105  -33.377 0.0000000000
40341  -16.094  -86.040  -34.269 0.0000000000
40343  -16.265  -65.783  -33.322 0.0000000000
40344  -16.371  -67.449  -33.416 0.0000000000
40346  -15.696  -67.477  -34.247 0.0000000000
40347  -16.453  -69.107  -33.520 0.0000000000
40348  -16.507  -70.755  -33.634 0.0000000000
40349  -16.530  -72.390  -33.760 0.0000000000
40350  -16.519  -74.012  -33.898 0.0000000000
40358  -15.702  -73.989  -34.750 0.0000000000
40359  -16.469  -75.616  -34.044 0.0000000000
40360  -16.380  -77.197  -34.198 0.0000000000
40361  -16.254  -78.749  -34.355 0.0000000000
40362  -16.092  -80.265  -34.514 0.0000000000
40364  -15.119  -80.156  -35.365 0.0000000000
40365  -15.890  -81.740  -34.672 0.0000000000
40366  -15.645  -83.171  -34.828 0.0000000000
40367  -15.352  -84.555  -34.982 0.0000000000
40368  -15.009  -85.892  -35.131 0.0000000000
40369  -13.869  -85.659  -35.964 0.0000000000
41696  -16.102  -88.075  -34.051 0.0000000000
41697  -15.904  -88.715  -34.121 0.0000000000
41698  -15.548  -88.008  -34.489 0.0000000000
41699  -14.980  -87.919  -34.919 0.0000000000
41700  -15.186  -87.284  -34.850 0.0000000000
43969  -11.772  -96.190  -34.462 0.0000000000
43970  -12.080  -96.812  -34.038 0.0000000000
43971  -11.390  -96.606  -34.422 0.0000000000
43972  -10.999  -97.005  -34.373 0.0000000000
43973  -10.691  -96.377  -34.795 0.0000000000
43974  -9.983  -96.126  -35.155 0.0000000000
43975  -10.378  -95.733  -35.206 0.0000000000
43984  -17.639  -75.548  -32.726 0.0000000000
43985  -17.998  -76.302  -32.350 0.0000000000
43986  -17.629  -76.354  -32.799 0.0000000000
43987  -17.609  -77.154  -32.874 0.0000000000
43988  -17.244  -76.389  -33.244 0.0000000000
46366  -18.726  -93.148  -30.779 0.0000000000
46368  -18.207  -93.184  -31.277 0.0000000000
46369  -14.434  -92.278  -34.444 0.0000000000
46370  -14.765  -92.942  -34.053 0.0000000000
46371  -14.142  -92.822  -34.477 0.0000000000
46372  -13.837  -93.351  -34.501 0.0000000000
46373  -13.507  -92.680  -34.889 0.0000000000
46374  -12.860  -92.514  -35.291 0.0000000000
46375  -13.170  -91.990  -35.268 0.0000000000
46381  -19.429  -68.906  -28.846 0.0000000000
46382  -19.530  -69.737  -28.873 0.0000000000
46383  -19.233  -69.061  -29.276 0.0000000000
46384  -17.408  -68.976  -32.246 0.0000000000
46385  -17.760  -69.738  -31.864 0.0000000000
46386  -17.463  -69.807  -32.294 0.0000000000
46387  -17.512  -70.635  -32.345 0.0000000000
46388  -17.152  -69.862  -32.723 0.0000000000
48176  -19.951  -87.866  -30.264 0.0000000000
48177  -19.849  -88.566  -30.337 0.0000000000
48178  -19.532  -87.964  -30.762 0.0000000000
48179  -19.094  -88.041  -31.254 0.0000000000
48180  -19.208  -87.344  -31.177 0.0000000000
53187  -13.815  -100.166  -31.253 0.0000000000
53194  -8.482  -99.015  -33.838 0.0000000000
53195  -8.769  -99.586  -33.379 0.0000000000
53196  -8.039  -99.286  -33.703 0.0000000000
53197  -7.591  -99.538  -33.554 0.0000000000
53198  -7.304  -98.963  -34.013 0.0000000000
53199  -6.564  -98.618  -34.307 0.0000000000
53200  -7.013  -98.371  -34.461 0.0000000000
53229  -20.039  -74.686  -29.101 0.0000000000
53230  -20.337  -75.332  -28.692 0.0000000000
53231  -20.105  -75.503  -29.152 0.0000000000
53232  -20.019  -80.488  -29.999 0.0000000000
53233  -20.327  -80.339  -29.519 0.0000000000
53234  -20.332  -81.128  -29.588 0.0000000000
53235  -20.638  -81.751  -29.172 0.0000000000
53236  -20.329  -81.910  -29.660 0.0000000000
53237  -20.318  -82.686  -29.734 0.0000000000
53238  -20.002  -82.053  -30.146 0.0000000000
53239  -17.298  -81.796  -33.349 0.0000000000
53240  -17.662  -82.524  -32.976 0.0000000000
53241  -17.214  -82.537  -33.430 0.0000000000
53242  -17.118  -83.269  -33.511 0.0000000000
53243  -16.749  -82.532  -33.877 0.0000000000
55966  -17.472  -90.749  -32.498 0.0000000000
55967  -17.264  -91.372  -32.559 0.0000000000
55968  -16.935  -90.734  -32.964 0.0000000000
55969  -15.469  -89.956  -34.249 0.0000000000
55970  -15.814  -90.638  -33.869 0.0000000000
55971  -15.231  -90.557  -34.307 0.0000000000
55972  -14.979  -91.145  -34.359 0.0000000000
55973  -14.634  -90.454  -34.735 0.0000000000
55974  -14.025  -90.328  -35.153 0.0000000000
55975  -14.283  -89.746  -35.102 0.0000000000
55976  -13.805  -87.677  -35.754 0.0000000000
55977  -13.565  -88.281  -35.813 0.0000000000
55978  -13.198  -87.522  -36.159 0.0000000000
55982  -18.301  -66.951  -30.464 0.0000000000
55985  -17.477  -66.401  -31.695 0.0000000000
55986  -17.208  -66.473  -32.115 0.0000000000
55987  -17.280  -67.309  -32.156 0.0000000000
55988  -16.926  -66.533  -32.534 0.0000000000
57780  -20.796  -86.889  -29.179 0.0000000000
62784  -14.438  -96.829  -32.827 0.0000000000
62785  -14.736  -97.403  -32.373 0.0000000000
62786  -14.089  -97.290  -32.809 0.0000000000
62787  -12.681  -98.003  -33.156 0.0000000000
62788  -13.356  -98.161  -32.744 0.0000000000
62789  -12.974  -98.571  -32.698 0.0000000000
62790  -13.261  -99.122  -32.228 0.0000000000
62791  -12.581  -98.963  -32.642 0.0000000000
62792  -12.179  -99.337  -32.576 0.0000000000
62793  -11.892  -98.781  -33.042 0.0000000000
62794  -10.189  -97.748  -34.243 0.0000000000
62795  -10.487  -98.345  -33.802 0.0000000000
62796  -9.773  -98.093  -34.161 0.0000000000
62797  -9.350  -98.419  -34.067 0.0000000000
62798  -9.052  -97.817  -34.506 0.0000000000
62799  -8.326  -97.520  -34.837 0.0000000000
62800  -8.751  -97.199  -34.935 0.0000000000
62801  -8.545  -95.555  -35.839 0.0000000000
62802  -8.133  -95.909  -35.763 0.0000000000
62803  -7.817  -95.237  -36.162 0.0000000000
62804  -7.083  -94.896  -36.471 0.0000000000
62805  -7.496  -94.547  -36.551 0.0000000000
62829  -18.975  -75.236  -30.922 0.0000000000
62830  -19.306  -75.935  -30.529 0.0000000000
62831  -19.005  -76.050  -30.987 0.0000000000
62832  -18.697  -77.763  -31.586 0.0000000000
62833  -19.036  -77.667  -31.124 0.0000000000
62834  -19.038  -78.469  -31.196 0.0000000000
62835  -19.372  -79.159  -30.802 0.0000000000
62836  -19.030  -79.265  -31.270 0.0000000000
62837  -19.014  -80.053  -31.346 0.0000000000
62838  -18.671  -79.353  -31.736 0.0000000000
62839  -17.542  -78.734  -33.029 0.0000000000
62840  -17.902  -79.478  -32.655 0.0000000000
62841  -17.494  -79.513  -33.108 0.0000000000
62842  -17.438  -80.283  -33.188 0.0000000000
62843  -17.071  -79.531  -33.556 0.0000000000
69983  -17.205  -95.489  -31.427 0.0000000000
69984  -16.805  -92.580  -32.667 0.0000000000
69985  -17.121  -93.193  -32.244 0.0000000000
69986  -16.555  -93.164  -32.712 0.0000000000
69987  -15.409  -94.217  -33.236 0.0000000000
69988  -16.012  -94.288  -32.785 0.0000000000
69989  -15.721  -94.828  -32.810 0.0000000000
69990  -16.028  -95.421  -32.372 0.0000000000
69991  -15.418  -95.352  -32.827 0.0000000000
69992  -15.103  -95.860  -32.836 0.0000000000
69993  -14.795  -95.259  -33.271 0.0000000000
69994  -13.193  -94.362  -34.525 0.0000000000
69995  -13.512  -95.005  -34.119 0.0000000000
69996  -12.854  -94.843  -34.524 0.0000000000
69997  -12.504  -95.308  -34.512 0.0000000000
69998  -12.185  -94.659  -34.917 0.0000000000
69999  -11.505  -94.452  -35.299 0.0000000000
70000  -11.860  -93.992  -35.311 0.0000000000
70001  -11.532  -92.116  -36.065 0.0000000000
70002  -11.194  -92.604  -36.070 0.0000000000
70003  -10.853  -91.882  -36.437 0.0000000000
70004  -10.164  -91.627  -36.799 0.0000000000
70005  -10.507  -91.143  -36.795 0.0000000000
70006  -12.769  -90.010  -35.962 0.0000000000
70007  -12.478  -90.558  -35.999 0.0000000000
70008  -12.124  -89.817  -36.352 0.0000000000
70010  -10.801  -89.365  -37.106 0.0000000000
70021  -20.537  -71.464  -27.197 0.0000000000
70022  -20.644  -72.284  -27.220 0.0000000000
70023  -20.375  -71.671  -27.640 0.0000000000
70024  -19.718  -71.393  -28.934 0.0000000000
70025  -20.010  -72.048  -28.526 0.0000000000
70026  -19.806  -72.219  -28.970 0.0000000000
70027  -19.889  -73.043  -29.009 0.0000000000
70028  -19.588  -72.377  -29.414 0.0000000000
70029  -18.479  -68.621  -30.532 0.0000000000
70030  -18.800  -69.336  -30.137 0.0000000000
70031  -18.561  -69.455  -30.569 0.0000000000
70032  -18.445  -71.224  -31.090 0.0000000000
70033  -18.711  -71.118  -30.652 0.0000000000
70034  -18.778  -71.946  -30.699 0.0000000000
70035  -19.104  -72.654  -30.304 0.0000000000
70036  -18.838  -72.773  -30.749 0.0000000000
70037  -18.892  -73.597  -30.803 0.0000000000
70038  -18.556  -72.878  -31.193 0.0000000000
70039  -17.587  -72.286  -32.459 0.0000000000
70040  -17.944  -73.045  -32.080 0.0000000000
70041  -17.613  -73.108  -32.521 0.0000000000
70042  -17.631  -73.925  -32.586 0.0000000000
70043  -17.267  -73.155  -32.960 0.0000000000
75409  -19.601  -89.933  -30.478 0.0000000000
75411  -19.456  -90.599  -30.545 0.0000000000
75412  -19.295  -91.254  -30.609 0.0000000000
75413  -18.985  -90.668  -31.045 0.0000000000
75414  -18.498  -90.716  -31.538 0.0000000000
75415  -18.668  -90.065  -31.471 0.0000000000
75416  -18.164  -88.134  -32.217 0.0000000000
75417  -18.012  -88.805  -32.291 0.0000000000
75418  -17.673  -88.150  -32.687 0.0000000000
75419  -17.165  -88.145  -33.150 0.0000000000
75420  -17.326  -87.477  -33.075 0.0000000000
79448  -20.946  -70.775  -25.870 0.0000000000
79449  -20.822  -71.016  -26.312 0.0000000000
79450  -20.703  -70.197  -26.301 0.0000000000
79452  -20.199  -68.994  -27.147 0.0000000000
79453  -19.937  -68.370  -27.562 0.0000000000
79454  -19.780  -68.560  -27.990 0.0000000000
90437  -15.314  -98.495  -31.431 0.0000000000
90459  -11.349  -100.030  -32.412 0.0000000000
90460  -11.624  -100.556  -31.926 0.0000000000
90461  -10.921  -100.349  -32.313 0.0000000000
90462  -9.326  -100.676  -32.428 0.0000000000
90463  -10.044  -100.931  -32.075 0.0000000000
90464  -9.597  -101.193  -31.936 0.0000000000
90465  -9.862  -101.690  -31.434 0.0000000000
90466  -9.145  -101.434  -31.783 0.0000000000
90467  -8.688  -101.655  -31.618 0.0000000000
90468  -8.422  -101.154  -32.117 0.0000000000
90469  -6.681  -99.983  -33.213 0.0000000000
90470  -6.960  -100.525  -32.736 0.0000000000
90473  -5.479  -99.804  -33.294 0.0000000000
90474  -4.732  -99.412  -33.551 0.0000000000
90475  -5.193  -99.242  -33.761 0.0000000000
90481  -6.855  -96.858  -35.457 0.0000000000
90482  -6.417  -97.137  -35.327 0.0000000000
90483  -6.112  -96.494  -35.744 0.0000000000
90496  -10.116  -93.969  -36.032 0.0000000000
90497  -9.736  -94.391  -35.999 0.0000000000
90498  -9.408  -93.693  -36.381 0.0000000000
90564  -20.846  -73.919  -27.277 0.0000000000
90565  -21.111  -74.512  -26.849 0.0000000000
90566  -20.940  -74.736  -27.311 0.0000000000
90567  -20.912  -76.576  -27.860 0.0000000000
90568  -21.113  -76.365  -27.391 0.0000000000
90569  -21.190  -77.175  -27.435 0.0000000000
90570  -21.460  -77.758  -27.003 0.0000000000
90571  -21.260  -77.983  -27.482 0.0000000000
90572  -19.945  -77.287  -29.730 0.0000000000
90573  -20.213  -77.131  -29.264 0.0000000000
90574  -20.255  -77.939  -29.324 0.0000000000
90575  -20.887  -79.993  -28.554 0.0000000000
90576  -20.852  -79.194  -28.494 0.0000000000
90577  -21.140  -79.797  -28.070 0.0000000000
90578  -21.375  -79.587  -27.584 0.0000000000
90579  -21.420  -80.384  -27.638 0.0000000000
90581  -21.457  -81.176  -27.695 0.0000000000
90582  -21.231  -82.948  -28.319 0.0000000000
90583  -21.505  -82.745  -27.817 0.0000000000
90584  -21.517  -83.521  -27.882 0.0000000000
90586  -21.521  -84.290  -27.948 0.0000000000
90587  -21.515  -85.051  -28.015 0.0000000000
90588  -21.226  -84.485  -28.456 0.0000000000
90589  -20.268  -84.213  -29.885 0.0000000000
90590  -20.580  -84.822  -29.464 0.0000000000
90591  -20.229  -84.964  -29.962 0.0000000000
90592  -20.178  -85.704  -30.038 0.0000000000
90593  -19.858  -85.086  -30.455 0.0000000000
90594  -18.954  -81.608  -31.502 0.0000000000
90595  -19.293  -82.285  -31.107 0.0000000000
90596  -18.911  -82.373  -31.582 0.0000000000
90597  -18.374  -83.932  -32.214 0.0000000000
90598  -18.795  -83.875  -31.743 0.0000000000
90599  -18.721  -84.611  -31.823 0.0000000000
90600  -19.062  -85.273  -31.426 0.0000000000
90601  -18.636  -85.337  -31.904 0.0000000000
90602  -18.537  -86.053  -31.984 0.0000000000
90603  -18.192  -85.381  -32.375 0.0000000000
90604  -16.891  -84.698  -33.671 0.0000000000
90605  -17.253  -85.411  -33.299 0.0000000000
90606  -16.759  -85.396  -33.749 0.0000000000
90607  -16.615  -86.083  -33.827 0.0000000000
90608  -16.250  -85.361  -34.193 0.0000000000
90612  -15.574  -64.984  -34.099 0.0000000000
90614  -15.949  -65.806  -33.735 0.0000000000
90615  -16.321  -66.617  -33.368 0.0000000000
90616  -15.998  -66.639  -33.783 0.0000000000
90622  -15.724  -68.302  -34.300 0.0000000000
90623  -16.077  -68.298  -33.885 0.0000000000
90624  -16.106  -69.123  -33.940 0.0000000000
90625  -16.484  -69.932  -33.575 0.0000000000
90626  -16.128  -69.946  -33.997 0.0000000000
90627  -15.762  -71.573  -34.541 0.0000000000
90628  -16.149  -71.582  -34.120 0.0000000000
90629  -16.148  -72.394  -34.186 0.0000000000
90630  -16.529  -73.203  -33.827 0.0000000000
90631  -16.137  -73.204  -34.255 0.0000000000
90652  -15.663  -74.785  -34.824 0.0000000000
90653  -16.088  -74.809  -34.400 0.0000000000
90654  -16.049  -75.605  -34.475 0.0000000000
90655  -16.430  -76.410  -34.121 0.0000000000
90656  -16.000  -76.394  -34.551 0.0000000000
90657  -15.409  -77.906  -35.132 0.0000000000
90658  -15.873  -77.951  -34.707 0.0000000000
90659  -15.795  -78.717  -34.786 0.0000000000
90660  -16.178  -79.512  -34.435 0.0000000000
90661  -15.709  -79.474  -34.864 0.0000000000
90667  -15.003  -80.885  -35.442 0.0000000000
90668  -15.507  -80.956  -35.021 0.0000000000
90669  -15.390  -81.681  -35.099 0.0000000000
90670  -15.773  -82.461  -34.750 0.0000000000
90671  -15.263  -82.395  -35.176 0.0000000000
90672  -14.427  -83.683  -35.746 0.0000000000
90673  -14.973  -83.786  -35.329 0.0000000000
90674  -14.809  -84.465  -35.404 0.0000000000
90675  -15.186  -85.229  -35.057 0.0000000000
90676  -14.634  -85.131  -35.479 0.0000000000
90677  -14.445  -85.786  -35.551 0.0000000000
90678  -14.067  -85.012  -35.893 0.0000000000
93484  -16.801  -89.446  -33.293 0.0000000000
93485  -16.598  -90.078  -33.359 0.0000000000
93486  -16.255  -89.405  -33.744 0.0000000000
93487  -15.693  -89.342  -34.187 0.0000000000
93488  -15.118  -89.257  -34.621 0.0000000000
93489  -14.529  -89.151  -35.046 0.0000000000
93490  -14.761  -88.541  -34.984 0.0000000000
93491  -14.399  -87.809  -35.340 0.0000000000
93492  -14.031  -87.059  -35.689 0.0000000000
97575  -13.126  -96.556  -33.670 0.0000000000
97576  -13.430  -97.154  -33.232 0.0000000000
97577  -12.760  -96.994  -33.641 0.0000000000
97578  -12.383  -97.416  -33.603 0.0000000000
97579  -11.996  -97.820  -33.555 0.0000000000
97580  -11.600  -98.207  -33.497 0.0000000000
97581  -11.302  -97.614  -33.941 0.0000000000
97582  -10.598  -97.386  -34.313 0.0000000000
97583  -9.887  -97.134  -34.673 0.0000000000
97584  -9.169  -96.859  -35.020 0.0000000000
97585  -9.580  -96.502  -35.093 0.0000000000
97586  -9.268  -95.852  -35.503 0.0000000000
97587  -8.950  -95.184  -35.903 0.0000000000
97602  -18.341  -75.423  -31.829 0.0000000000
97603  -18.686  -76.149  -31.444 0.0000000000
97604  -18.350  -76.233  -31.898 0.0000000000
97605  -18.350  -77.040  -31.970 0.0000000000
97606  -18.341  -77.841  -32.044 0.0000000000
97607  -18.323  -78.637  -32.120 0.0000000000
97608  -17.969  -77.903  -32.499 0.0000000000
97609  -17.580  -77.948  -32.951 0.0000000000
97610  -17.176  -77.975  -33.398 0.0000000000
101893  -18.275  -94.347  -30.870 0.0000000000
101894  -17.733  -94.365  -31.364 0.0000000000
101895  -15.648  -92.474  -33.577 0.0000000000
101896  -15.972  -93.113  -33.170 0.0000000000
101897  -15.376  -93.039  -33.617 0.0000000000
101898  -15.090  -93.589  -33.650 0.0000000000
101899  -14.791  -94.123  -33.676 0.0000000000
101900  -14.481  -94.641  -33.693 0.0000000000
101901  -14.162  -94.005  -34.103 0.0000000000
101902  -13.521  -93.865  -34.518 0.0000000000
101903  -12.868  -93.701  -34.921 0.0000000000
101904  -12.205  -93.515  -35.313 0.0000000000
101905  -12.538  -93.023  -35.307 0.0000000000
101906  -12.202  -92.326  -35.683 0.0000000000
101907  -11.860  -91.612  -36.051 0.0000000000
101909  -11.765  -89.059  -36.698 0.0000000000
101917  -19.997  -70.217  -28.031 0.0000000000
101918  -20.100  -71.042  -28.055 0.0000000000
101919  -19.818  -70.397  -28.466 0.0000000000
101920  -19.626  -70.566  -28.902 0.0000000000
101921  -19.420  -70.722  -29.338 0.0000000000
101922  -17.972  -68.823  -31.390 0.0000000000
101923  -18.309  -69.562  -31.001 0.0000000000
101924  -18.041  -69.656  -31.433 0.0000000000
101925  -18.105  -70.487  -31.479 0.0000000000
101926  -18.163  -71.317  -31.528 0.0000000000
101927  -18.214  -72.144  -31.581 0.0000000000
101928  -17.866  -71.396  -31.964 0.0000000000
101929  -17.553  -71.462  -32.400 0.0000000000
101930  -17.225  -71.514  -32.834 0.0000000000
105148  -20.565  -89.026  -29.390 0.0000000000
105150  -20.159  -89.151  -29.902 0.0000000000
105151  -19.732  -89.255  -30.408 0.0000000000
105152  -19.288  -89.339  -30.908 0.0000000000
105153  -18.825  -89.402  -31.401 0.0000000000
105154  -18.966  -88.727  -31.328 0.0000000000
105155  -18.638  -88.098  -31.739 0.0000000000
105156  -18.302  -87.451  -32.141 0.0000000000
107574  -20.582  -69.376  -26.292 0.0000000000
114167  -14.586  -99.366  -31.360 0.0000000000
114179  -12.158  -101.550  -30.920 0.0000000000
114180  -9.929  -99.569  -33.156 0.0000000000
114181  -10.210  -100.118  -32.684 0.0000000000
114182  -9.493  -99.864  -33.039 0.0000000000
114183  -9.050  -100.140  -32.909 0.0000000000
114184  -8.603  -100.397  -32.765 0.0000000000
114185  -8.150  -100.634  -32.606 0.0000000000
114186  -7.873  -100.095  -33.085 0.0000000000
114187  -7.138  -99.770  -33.391 0.0000000000
114188  -6.398  -99.423  -33.681 0.0000000000
114189  -5.653  -99.053  -33.957 0.0000000000
114190  -6.111  -98.845  -34.139 0.0000000000
114191  -5.819  -98.251  -34.587 0.0000000000
114193  -6.236  -95.540  -36.272 0.0000000000
114194  -5.803  -95.833  -36.152 0.0000000000
114202  -9.447  -92.544  -36.779 0.0000000000
114203  -9.074  -92.978  -36.754 0.0000000000
114243  -20.473  -74.328  -28.189 0.0000000000
114244  -20.754  -74.947  -27.772 0.0000000000
114245  -20.553  -75.146  -28.233 0.0000000000
114246  -20.628  -75.962  -28.279 0.0000000000
114247  -20.696  -76.775  -28.329 0.0000000000
114248  -20.001  -78.898  -29.859 0.0000000000
114249  -20.288  -78.744  -29.386 0.0000000000
114250  -20.312  -79.544  -29.451 0.0000000000
114251  -20.616  -80.174  -29.037 0.0000000000
114252  -20.912  -80.786  -28.617 0.0000000000
114253  -21.202  -81.383  -28.189 0.0000000000
114254  -20.929  -81.575  -28.682 0.0000000000
114255  -20.938  -82.357  -28.749 0.0000000000
114256  -20.938  -83.133  -28.819 0.0000000000
114257  -20.930  -83.902  -28.890 0.0000000000
114258  -20.627  -83.302  -29.316 0.0000000000
114259  -20.298  -83.454  -29.809 0.0000000000
114260  -19.950  -83.587  -30.299 0.0000000000
114261  -18.159  -81.739  -32.436 0.0000000000
114262  -18.511  -82.442  -32.052 0.0000000000
114263  -18.095  -82.493  -32.517 0.0000000000
114264  -18.021  -83.236  -32.598 0.0000000000
114265  -17.936  -83.970  -32.679 0.0000000000
114266  -17.840  -84.693  -32.760 0.0000000000
114267  -17.482  -83.989  -33.138 0.0000000000
114268  -17.011  -83.989  -33.591 0.0000000000
114269  -16.524  -83.969  -34.036 0.0000000000
114280  -15.758  -69.944  -34.415 0.0000000000
114282  -15.372  -70.740  -34.892 0.0000000000
114298  -15.555  -76.360  -34.976 0.0000000000
114301  -14.930  -77.843  -35.550 0.0000000000
114307  -14.738  -82.307  -35.596 0.0000000000
118288  -18.113  -91.983  -31.661 0.0000000000
118289  -17.900  -92.597  -31.716 0.0000000000
118290  -17.585  -91.993  -32.143 0.0000000000
118291  -17.041  -91.983  -32.615 0.0000000000
118292  -16.482  -91.950  -33.078 0.0000000000
118293  -16.382  -90.697  -33.421 0.0000000000
118294  -16.151  -91.303  -33.478 0.0000000000
118295  -15.907  -91.895  -33.531 0.0000000000
118296  -15.317  -91.818  -33.973 0.0000000000
118297  -14.713  -91.718  -34.405 0.0000000000
118298  -14.097  -91.596  -34.826 0.0000000000
118299  -13.468  -91.451  -35.236 0.0000000000
118300  -13.753  -90.897  -35.198 0.0000000000
118301  -13.403  -90.180  -35.562 0.0000000000
118302  -13.047  -89.448  -35.918 0.0000000000
118303  -13.927  -89.022  -35.461 0.0000000000
118304  -13.313  -88.871  -35.868 0.0000000000
118305  -12.686  -88.698  -36.267 0.0000000000
118306  -12.320  -87.931  -36.609 0.0000000000
118309  -18.832  -67.537  -29.647 0.0000000000
118310  -18.930  -68.371  -29.675 0.0000000000
118311  -18.619  -67.668  -30.071 0.0000000000
118312  -18.392  -67.786  -30.497 0.0000000000
118313  -18.151  -67.893  -30.923 0.0000000000
118314  -17.733  -66.317  -31.274 0.0000000000
118315  -17.817  -67.153  -31.311 0.0000000000
118316  -17.897  -67.989  -31.349 0.0000000000
118317  -17.628  -68.072  -31.775 0.0000000000
118318  -17.347  -68.143  -32.200 0.0000000000
118319  -17.051  -68.202  -32.624 0.0000000000
120827  -20.352  -87.749  -29.759 0.0000000000
120828  -20.040  -87.156  -30.189 0.0000000000
127833  -15.703  -97.009  -31.933 0.0000000000
127835  -15.372  -97.492  -31.925 0.0000000000
127836  -15.028  -97.958  -31.908 0.0000000000
127837  -14.673  -98.408  -31.881 0.0000000000
127838  -13.728  -97.734  -32.781 0.0000000000
127839  -14.020  -98.297  -32.319 0.0000000000
127840  -14.307  -98.841  -31.846 0.0000000000
127841  -13.929  -99.256  -31.800 0.0000000000
127842  -13.541  -99.654  -31.746 0.0000000000
127843  -13.143  -100.033  -31.682 0.0000000000
127844  -12.736  -100.394  -31.608 0.0000000000
127845  -12.460  -99.875  -32.098 0.0000000000
127846  -11.768  -99.693  -32.499 0.0000000000
127847  -11.067  -99.487  -32.887 0.0000000000
127848  -11.194  -98.575  -33.429 0.0000000000
127849  -10.780  -98.925  -33.350 0.0000000000
127850  -10.358  -99.256  -33.259 0.0000000000
127851  -9.642  -99.003  -33.617 0.0000000000
127852  -8.919  -98.726  -33.959 0.0000000000
127853  -8.190  -98.427  -34.288 0.0000000000
127854  -7.456  -98.106  -34.601 0.0000000000
127855  -7.894  -97.822  -34.726 0.0000000000
127856  -7.593  -97.200  -35.154 0.0000000000
127857  -7.288  -96.560  -35.572 0.0000000000
127858  -8.444  -96.563  -35.354 0.0000000000
127859  -7.714  -96.244  -35.674 0.0000000000
127860  -6.978  -95.903  -35.980 0.0000000000
127861  -6.663  -95.227  -36.378 0.0000000000
127896  -19.541  -74.989  -30.012 0.0000000000
127897  -19.856  -75.662  -29.611 0.0000000000
127898  -19.589  -75.806  -30.070 0.0000000000
127899  -19.629  -76.619  -30.132 0.0000000000
127900  -19.660  -77.429  -30.196 0.0000000000
127901  -19.025  -76.860  -31.055 0.0000000000
127902  -19.357  -77.556  -30.661 0.0000000000
127903  -19.682  -78.235  -30.263 0.0000000000
127904  -19.695  -79.036  -30.332 0.0000000000
127905  -19.699  -79.832  -30.403 0.0000000000
127906  -19.694  -80.621  -30.477 0.0000000000
127907  -19.680  -81.403  -30.552 0.0000000000
127908  -19.350  -80.737  -30.952 0.0000000000
127909  -18.988  -80.835  -31.424 0.0000000000
127910  -18.609  -80.915  -31.892 0.0000000000
127911  -18.295  -79.425  -32.197 0.0000000000
127912  -18.258  -80.204  -32.276 0.0000000000
127913  -18.213  -80.976  -32.356 0.0000000000
127914  -17.801  -81.019  -32.815 0.0000000000
127915  -17.373  -81.044  -33.268 0.0000000000
127916  -16.929  -81.051  -33.716 0.0000000000
137030  -16.624  -96.554  -31.461 0.0000000000
137031  -17.672  -93.199  -31.765 0.0000000000
137032  -17.430  -93.787  -31.810 0.0000000000
137033  -17.175  -94.362  -31.848 0.0000000000
137034  -16.290  -93.734  -32.752 0.0000000000
137035  -16.601  -94.336  -32.322 0.0000000000
137036  -16.906  -94.922  -31.880 0.0000000000
137037  -16.624  -95.467  -31.905 0.0000000000
137038  -16.329  -95.996  -31.923 0.0000000000
137039  -16.022  -96.511  -31.932 0.0000000000
137040  -15.406  -96.443  -32.390 0.0000000000
137041  -14.777  -96.353  -32.836 0.0000000000
137042  -14.135  -96.239  -33.270 0.0000000000
137043  -14.159  -95.143  -33.701 0.0000000000
137044  -13.826  -95.630  -33.700 0.0000000000
137045  -13.481  -96.101  -33.690 0.0000000000
137046  -12.817  -95.941  -34.097 0.0000000000
137047  -12.143  -95.758  -34.492 0.0000000000
137048  -11.458  -95.551  -34.875 0.0000000000
137049  -10.764  -95.322  -35.247 0.0000000000
137050  -11.139  -94.895  -35.278 0.0000000000
137051  -10.815  -94.222  -35.671 0.0000000000
137052  -10.485  -93.530  -36.054 0.0000000000
137053  -11.530  -93.307  -35.695 0.0000000000
137054  -10.845  -93.075  -36.067 0.0000000000
137055  -10.150  -92.821  -36.428 0.0000000000
137056  -9.810  -92.094  -36.793 0.0000000000
137057  -9.466  -91.349  -37.150 0.0000000000
137059  -12.827  -91.283  -35.637 0.0000000000
137060  -12.175  -91.092  -36.029 0.0000000000
137061  -11.512  -90.880  -36.411 0.0000000000
137062  -11.468  -89.602  -36.734 0.0000000000
137063  -11.159  -90.131  -36.762 0.0000000000
137064  -10.839  -90.644  -36.783 0.0000000000
137077  -21.051  -72.649  -26.342 0.0000000000
137079  -20.906  -72.881  -26.794 0.0000000000
137080  -20.747  -73.102  -27.246 0.0000000000
137081  -20.574  -73.311  -27.698 0.0000000000
137082  -20.200  -71.866  -28.083 0.0000000000
137083  -20.295  -72.688  -28.114 0.0000000000
137084  -20.386  -73.509  -28.150 0.0000000000
137085  -20.184  -73.694  -28.601 0.0000000000
137086  -19.967  -73.865  -29.053 0.0000000000
137087  -19.735  -74.024  -29.505 0.0000000000
137088  -19.024  -69.204  -29.706 0.0000000000
137089  -19.113  -70.036  -29.740 0.0000000000
137090  -19.198  -70.867  -29.776 0.0000000000
137091  -18.639  -70.287  -30.609 0.0000000000
137092  -18.962  -70.998  -30.214 0.0000000000
137093  -19.279  -71.695  -29.816 0.0000000000
137094  -19.354  -72.522  -29.859 0.0000000000
137095  -19.423  -73.347  -29.906 0.0000000000
137096  -19.486  -74.170  -29.957 0.0000000000
137097  -19.220  -74.301  -30.409 0.0000000000
137098  -18.938  -74.418  -30.861 0.0000000000
137099  -18.638  -74.521  -31.312 0.0000000000
137100  -18.258  -72.969  -31.637 0.0000000000
137101  -18.294  -73.791  -31.698 0.0000000000
137102  -18.322  -74.609  -31.762 0.0000000000
137103  -17.989  -74.681  -32.209 0.0000000000
137104  -17.640  -74.739  -32.655 0.0000000000
137105  -17.275  -74.780  -33.097 0.0000000000
143690  -19.119  -91.898  -30.670 0.0000000000
143691  -18.625  -91.951  -31.170 0.0000000000
143692  -18.313  -91.356  -31.601 0.0000000000
143693  -17.993  -90.743  -32.022 0.0000000000
143694  -17.666  -90.113  -32.432 0.0000000000
143695  -18.344  -89.444  -31.886 0.0000000000
143696  -17.846  -89.465  -32.363 0.0000000000
143697  -17.332  -89.466  -32.832 0.0000000000
143698  -16.990  -88.802  -33.223 0.0000000000
143699  -16.641  -88.121  -33.605 0.0000000000
143700  -16.286  -87.423  -33.978 0.0000000000
148573  -20.938  -71.833  -26.326 0.0000000000
148574  -20.686  -71.246  -26.754 0.0000000000
148575  -20.427  -70.643  -27.178 0.0000000000
148576  -20.454  -69.603  -26.726 0.0000000000
148577  -20.314  -69.819  -27.161 0.0000000000
148578  -20.162  -70.024  -27.596 0.0000000000
148579  -19.890  -69.389  -28.010 0.0000000000
148580  -19.611  -68.739  -28.418 0.0000000000
148581  -19.325  -68.075  -28.823 0.0000000000
148590  -19.032  -67.396  -29.223 0.0000000000
148591  -18.732  -66.703  -29.621 0.0000000000
161800  -12.319  -100.737  -31.524 0.0000000000
161801  -11.894  -101.062  -31.428 0.0000000000
161802  -11.461  -101.368  -31.321 0.0000000000
161803  -10.486  -100.649  -32.201 0.0000000000
161804  -10.756  -101.162  -31.706 0.0000000000
161805  -11.020  -101.655  -31.200 0.0000000000
161806  -10.574  -101.922  -31.067 0.0000000000
161807  -10.122  -102.168  -30.921 0.0000000000
161809  -8.950  -102.136  -31.109 0.0000000000
161812  -7.694  -100.851  -32.434 0.0000000000
161821  -4.904  -98.663  -34.218 0.0000000000
161827  -6.717  -97.763  -34.899 0.0000000000
161828  -5.973  -97.398  -35.183 0.0000000000
161845  -10.060  -95.070  -35.607 0.0000000000
161846  -9.348  -94.796  -35.956 0.0000000000
161847  -8.628  -94.499  -36.294 0.0000000000
161848  -8.692  -93.395  -36.720 0.0000000000
161849  -8.301  -93.796  -36.674 0.0000000000
161850  -7.902  -94.180  -36.618 0.0000000000
161851  -7.171  -93.839  -36.930 0.0000000000
161926  -21.268  -74.277  -26.387 0.0000000000
161927  -21.370  -75.090  -26.415 0.0000000000
161929  -21.029  -75.551  -27.349 0.0000000000
161930  -21.298  -76.140  -26.919 0.0000000000
161934  -21.793  -79.126  -26.607 0.0000000000
161935  -20.163  -76.318  -29.206 0.0000000000
161936  -20.463  -76.960  -28.797 0.0000000000
161937  -20.756  -77.585  -28.382 0.0000000000
161938  -20.557  -78.575  -28.912 0.0000000000
161939  -20.809  -78.392  -28.437 0.0000000000
161940  -21.043  -78.194  -27.960 0.0000000000
161941  -21.322  -78.787  -27.532 0.0000000000
161942  -21.593  -79.363  -27.096 0.0000000000
161947  -21.485  -81.963  -27.755 0.0000000000
161955  -21.183  -85.989  -28.597 0.0000000000
161956  -20.912  -84.663  -28.962 0.0000000000
161957  -20.885  -85.414  -29.035 0.0000000000
161958  -20.846  -86.157  -29.107 0.0000000000
161959  -20.490  -86.305  -29.613 0.0000000000
161960  -20.115  -86.435  -30.114 0.0000000000
161961  -19.721  -86.546  -30.610 0.0000000000
161962  -19.657  -82.178  -30.629 0.0000000000
161963  -19.625  -82.944  -30.707 0.0000000000
161964  -19.583  -83.702  -30.785 0.0000000000
161965  -18.858  -83.129  -31.662 0.0000000000
161966  -19.198  -83.798  -31.266 0.0000000000
161967  -19.532  -84.451  -30.864 0.0000000000
161968  -19.469  -85.189  -30.943 0.0000000000
161969  -19.395  -85.918  -31.022 0.0000000000
161970  -19.308  -86.636  -31.100 0.0000000000
161971  -18.876  -86.707  -31.585 0.0000000000
161972  -18.426  -86.757  -32.063 0.0000000000
161973  -17.959  -86.788  -32.534 0.0000000000
161974  -17.731  -85.406  -32.840 0.0000000000
161975  -17.609  -86.107  -32.920 0.0000000000
161976  -17.474  -86.798  -32.998 0.0000000000
161977  -16.974  -86.788  -33.455 0.0000000000
161978  -16.457  -86.758  -33.904 0.0000000000
161979  -15.925  -86.708  -34.345 0.0000000000
161984  -16.203  -64.947  -33.278 0.0000000000
161985  -16.567  -65.746  -32.908 0.0000000000
161986  -16.630  -66.581  -32.952 0.0000000000
161987  -16.688  -67.415  -32.998 0.0000000000
161988  -16.740  -68.247  -33.046 0.0000000000
161994  -15.661  -66.648  -34.195 0.0000000000
161995  -16.040  -67.470  -33.833 0.0000000000
161996  -16.416  -68.279  -33.467 0.0000000000
161997  -16.786  -69.077  -33.097 0.0000000000
161998  -16.825  -69.904  -33.150 0.0000000000
161999  -16.857  -70.729  -33.207 0.0000000000
162000  -16.881  -71.551  -33.266 0.0000000000
162001  -16.142  -70.765  -34.057 0.0000000000
162002  -16.523  -71.574  -33.695 0.0000000000
162003  -16.898  -72.371  -33.329 0.0000000000
162004  -16.906  -73.187  -33.395 0.0000000000
162005  -16.905  -73.999  -33.464 0.0000000000
162006  -16.894  -74.806  -33.536 0.0000000000
162031  -16.118  -74.009  -34.326 0.0000000000
162032  -16.499  -74.816  -33.970 0.0000000000
162033  -16.874  -75.610  -33.609 0.0000000000
162034  -16.845  -76.408  -33.685 0.0000000000
162035  -16.805  -77.200  -33.762 0.0000000000
162036  -16.756  -77.985  -33.840 0.0000000000
162037  -15.941  -77.176  -34.629 0.0000000000
162038  -16.322  -77.977  -34.276 0.0000000000
162039  -16.699  -78.762  -33.919 0.0000000000
162040  -16.632  -79.530  -33.998 0.0000000000
162041  -16.556  -80.290  -34.078 0.0000000000
162042  -16.470  -81.039  -34.158 0.0000000000
162048  -15.225  -79.417  -35.287 0.0000000000
162049  -15.613  -80.220  -34.943 0.0000000000
162050  -15.996  -81.008  -34.593 0.0000000000
162051  -16.375  -81.778  -34.238 0.0000000000
162052  -16.269  -82.507  -34.317 0.0000000000
162053  -16.151  -83.224  -34.396 0.0000000000
162054  -16.021  -83.929  -34.474 0.0000000000
162055  -15.124  -83.096  -35.253 0.0000000000
162056  -15.504  -83.868  -34.905 0.0000000000
162057  -15.880  -84.623  -34.552 0.0000000000
162058  -15.725  -85.306  -34.629 0.0000000000
162059  -15.558  -85.977  -34.704 0.0000000000
162060  -15.379  -86.636  -34.778 0.0000000000
162061  -14.818  -86.544  -35.204 0.0000000000
162062  -14.245  -86.429  -35.622 0.0000000000
162063  -13.658  -86.293  -36.032 0.0000000000
162064  -13.488  -84.871  -36.300 0.0000000000
