#!ascii label  , from subject fsaverage vox2ras=TkReg
403
155  -2.789  -57.286  -44.397 0.0000000000
342  -10.912  -61.616  -38.736 0.0000000000
1384  -7.099  -59.873  -41.682 0.0000000000
1385  -10.431  -67.900  -39.091 0.0000000000
1390  1.873  -53.924  -46.975 0.0000000000
1767  -10.915  -55.116  -38.482 0.0000000000
1769  -3.877  -51.425  -44.405 0.0000000000
3304  -4.993  -58.681  -43.065 0.0000000000
3305  -6.633  -62.885  -41.791 0.0000000000
3306  -4.397  -61.599  -43.146 0.0000000000
3307  -3.676  -64.418  -43.252 0.0000000000
3308  -2.069  -60.103  -44.444 0.0000000000
3309  0.350  -58.409  -45.703 0.0000000000
3310  -0.498  -55.694  -45.698 0.0000000000
7098  -9.079  -60.857  -40.242 0.0000000000
7100  -8.757  -63.952  -40.375 0.0000000000
7107  2.363  -63.406  -45.686 0.0000000000
7108  1.309  -60.988  -45.703 0.0000000000
7960  -12.506  -58.838  -37.026 0.0000000000
7961  -10.965  -58.380  -38.603 0.0000000000
7964  -9.275  -57.700  -40.134 0.0000000000
7965  -7.437  -56.800  -41.605 0.0000000000
7966  -5.466  -55.691  -43.020 0.0000000000
7967  -3.389  -54.388  -44.388 0.0000000000
7968  -1.226  -52.891  -45.723 0.0000000000
10063  1.017  -51.217  -47.041 0.0000000000
10984  -3.902  -58.009  -43.736 0.0000000000
10985  -4.710  -60.150  -43.101 0.0000000000
10986  -3.589  -59.453  -43.764 0.0000000000
10987  -3.245  -60.876  -43.801 0.0000000000
10988  -2.445  -58.706  -44.416 0.0000000000
10989  -1.278  -57.909  -45.061 0.0000000000
10990  -1.654  -56.513  -45.050 0.0000000000
13269  -11.768  -61.906  -37.962 0.0000000000
15669  -8.107  -60.392  -40.970 0.0000000000
15670  -8.934  -62.412  -40.304 0.0000000000
15671  -7.925  -61.927  -41.025 0.0000000000
15673  -7.464  -64.948  -41.167 0.0000000000
15675  -8.024  -68.458  -40.648 0.0000000000
15684  0.528  -63.182  -45.123 0.0000000000
15685  0.036  -61.922  -45.111 0.0000000000
15686  1.119  -56.175  -46.329 0.0000000000
15687  1.587  -57.491  -46.317 0.0000000000
15688  2.341  -55.242  -46.947 0.0000000000
17464  -11.648  -55.348  -37.688 0.0000000000
17465  -12.436  -57.185  -36.955 0.0000000000
17466  -11.711  -56.993  -37.753 0.0000000000
17467  -11.754  -58.636  -37.820 0.0000000000
17468  -10.951  -56.749  -38.542 0.0000000000
17475  -9.327  -56.104  -40.085 0.0000000000
17477  -8.374  -57.277  -40.877 0.0000000000
17479  -4.862  -52.059  -43.706 0.0000000000
17480  -5.658  -54.174  -43.007 0.0000000000
17481  -4.664  -53.567  -43.706 0.0000000000
17482  -4.439  -55.064  -43.709 0.0000000000
17483  -3.646  -52.913  -44.394 0.0000000000
17484  -2.607  -52.211  -45.075 0.0000000000
22532  -10.600  -66.353  -38.988 0.0000000000
22592  -0.114  -52.074  -46.384 0.0000000000
24378  -6.060  -59.302  -42.380 0.0000000000
24379  -6.882  -61.387  -41.731 0.0000000000
24380  -5.809  -60.795  -42.423 0.0000000000
24381  -5.527  -62.269  -42.476 0.0000000000
24382  -5.214  -63.721  -42.538 0.0000000000
24384  -4.053  -63.024  -43.198 0.0000000000
24385  -2.868  -62.273  -43.843 0.0000000000
24386  -1.660  -61.472  -44.474 0.0000000000
24387  -0.431  -60.620  -45.095 0.0000000000
24388  -0.870  -59.280  -45.078 0.0000000000
24389  -0.089  -57.065  -45.699 0.0000000000
24390  0.679  -54.830  -46.341 0.0000000000
31920  -10.015  -61.266  -39.497 0.0000000000
31921  -10.840  -63.212  -38.812 0.0000000000
31922  -9.906  -62.841  -39.567 0.0000000000
31923  -9.766  -64.401  -39.644 0.0000000000
31924  -9.593  -65.945  -39.731 0.0000000000
31925  -7.711  -63.446  -41.091 0.0000000000
31926  -8.546  -65.476  -40.457 0.0000000000
31927  -9.385  -67.471  -39.828 0.0000000000
31943  1.825  -62.216  -45.696 0.0000000000
31945  0.817  -59.719  -45.705 0.0000000000
31946  2.079  -58.769  -46.300 0.0000000000
34222  -11.774  -60.276  -37.888 0.0000000000
34223  -10.953  -60.004  -38.667 0.0000000000
34230  -10.157  -56.453  -39.320 0.0000000000
34231  -10.139  -58.068  -39.375 0.0000000000
34232  -10.092  -59.674  -39.434 0.0000000000
34233  -9.192  -59.286  -40.185 0.0000000000
34234  -8.256  -58.842  -40.921 0.0000000000
34235  -7.284  -58.344  -41.640 0.0000000000
34236  -6.625  -54.734  -42.297 0.0000000000
34237  -6.467  -56.271  -42.319 0.0000000000
34238  -6.279  -57.794  -42.346 0.0000000000
34239  -5.245  -57.194  -43.038 0.0000000000
34240  -4.185  -56.545  -43.718 0.0000000000
34241  -3.103  -55.847  -44.388 0.0000000000
34242  -2.000  -55.098  -45.049 0.0000000000
34243  -2.317  -53.663  -45.058 0.0000000000
34244  -1.548  -51.462  -45.749 0.0000000000
40423  -0.876  -54.301  -45.705 0.0000000000
40424  0.269  -53.462  -46.358 0.0000000000
40425  1.432  -52.581  -47.005 0.0000000000
40427  2.165  -50.319  -47.691 0.0000000000
41704  -3.348  -57.654  -44.068 0.0000000000
41705  -3.749  -58.734  -43.749 0.0000000000
41706  -3.188  -58.372  -44.078 0.0000000000
41707  -3.020  -59.086  -44.091 0.0000000000
41708  -2.621  -57.998  -44.405 0.0000000000
41709  -2.048  -57.612  -44.730 0.0000000000
41710  -2.225  -56.906  -44.724 0.0000000000
43989  -11.346  -61.768  -38.351 0.0000000000
43991  -11.323  -62.573  -38.389 0.0000000000
46389  -7.607  -60.139  -41.327 0.0000000000
46390  -8.020  -61.161  -40.997 0.0000000000
46391  -7.511  -60.903  -41.353 0.0000000000
46394  -6.616  -66.129  -41.597 0.0000000000
46406  1.498  -55.052  -46.650 0.0000000000
46407  1.729  -55.714  -46.640 0.0000000000
46408  2.104  -54.586  -46.961 0.0000000000
48184  -11.285  -55.238  -38.086 0.0000000000
48185  -11.682  -56.170  -37.720 0.0000000000
48186  -11.313  -56.057  -38.118 0.0000000000
48187  -11.335  -56.877  -38.149 0.0000000000
48188  -10.936  -55.932  -38.512 0.0000000000
48199  -4.372  -51.748  -44.056 0.0000000000
48200  -4.766  -52.814  -43.705 0.0000000000
48201  -4.268  -52.498  -44.053 0.0000000000
48202  -4.158  -53.246  -44.051 0.0000000000
48203  -3.765  -52.170  -44.399 0.0000000000
48204  -3.256  -51.831  -44.743 0.0000000000
55989  -5.529  -58.998  -42.724 0.0000000000
55990  -5.938  -60.051  -42.400 0.0000000000
55991  -5.400  -59.741  -42.742 0.0000000000
55992  -4.558  -60.877  -43.122 0.0000000000
55993  -5.118  -61.212  -42.787 0.0000000000
55994  -4.965  -61.940  -42.813 0.0000000000
55995  -5.375  -62.998  -42.506 0.0000000000
55996  -4.805  -62.663  -42.841 0.0000000000
55997  -4.636  -63.379  -42.870 0.0000000000
55998  -4.229  -62.315  -43.172 0.0000000000
55999  -2.660  -60.496  -44.123 0.0000000000
56000  -3.060  -61.578  -43.821 0.0000000000
56001  -2.467  -61.191  -44.141 0.0000000000
56002  -2.267  -61.879  -44.160 0.0000000000
56003  -1.869  -60.791  -44.459 0.0000000000
56004  -1.264  -60.379  -44.774 0.0000000000
56005  -1.472  -59.698  -44.761 0.0000000000
56006  -0.886  -56.804  -45.377 0.0000000000
56007  -0.686  -57.493  -45.381 0.0000000000
56008  -0.297  -56.382  -45.698 0.0000000000
56009  0.297  -55.950  -46.017 0.0000000000
56010  0.088  -55.267  -46.020 0.0000000000
70044  -9.552  -61.068  -39.871 0.0000000000
70045  -9.965  -62.056  -39.531 0.0000000000
70046  -9.492  -61.853  -39.904 0.0000000000
70047  -8.850  -63.184  -40.339 0.0000000000
70048  -9.350  -63.411  -39.974 0.0000000000
70049  -9.266  -64.184  -40.012 0.0000000000
70050  -9.683  -65.175  -39.686 0.0000000000
70051  -9.174  -64.953  -40.052 0.0000000000
70052  -6.761  -62.138  -41.760 0.0000000000
70053  -7.295  -62.420  -41.410 0.0000000000
70054  -7.175  -63.172  -41.443 0.0000000000
70055  -7.882  -65.968  -40.858 0.0000000000
70056  -8.009  -65.219  -40.814 0.0000000000
70057  -8.428  -66.231  -40.502 0.0000000000
70058  -8.965  -66.478  -40.142 0.0000000000
70059  -8.848  -67.233  -40.191 0.0000000000
70061  -8.722  -67.982  -40.242 0.0000000000
70091  0.920  -62.088  -45.410 0.0000000000
70092  1.175  -62.705  -45.412 0.0000000000
70093  1.564  -61.607  -45.700 0.0000000000
70096  -0.039  -59.517  -45.397 0.0000000000
70097  0.191  -60.175  -45.402 0.0000000000
70098  0.580  -59.068  -45.705 0.0000000000
70099  2.210  -57.015  -46.619 0.0000000000
70100  1.830  -58.135  -46.310 0.0000000000
70101  2.459  -57.651  -46.606 0.0000000000
75432  -12.474  -58.012  -36.990 0.0000000000
75434  -12.868  -58.919  -36.626 0.0000000000
75439  -11.364  -58.515  -38.213 0.0000000000
75440  -11.767  -59.457  -37.853 0.0000000000
75441  -11.369  -59.332  -38.246 0.0000000000
75442  -11.369  -60.147  -38.279 0.0000000000
75443  -10.962  -59.193  -38.635 0.0000000000
75460  -10.156  -55.643  -39.292 0.0000000000
75462  -9.305  -56.903  -40.109 0.0000000000
75463  -9.732  -57.089  -39.730 0.0000000000
75464  -9.711  -57.891  -39.757 0.0000000000
75465  -10.119  -58.872  -39.404 0.0000000000
75466  -9.683  -58.691  -39.784 0.0000000000
75467  -9.647  -59.487  -39.812 0.0000000000
75468  -9.237  -58.495  -40.159 0.0000000000
75469  -7.910  -57.045  -41.243 0.0000000000
75470  -8.318  -58.061  -40.898 0.0000000000
75471  -7.846  -57.824  -41.262 0.0000000000
75472  -7.774  -58.600  -41.282 0.0000000000
75473  -7.364  -57.574  -41.622 0.0000000000
75477  -5.566  -54.934  -43.013 0.0000000000
75478  -6.061  -55.225  -42.662 0.0000000000
75479  -5.970  -55.987  -42.671 0.0000000000
75480  -6.377  -57.034  -42.332 0.0000000000
75481  -5.871  -56.745  -42.681 0.0000000000
75482  -5.765  -57.500  -42.694 0.0000000000
75483  -5.359  -56.444  -43.028 0.0000000000
75484  -3.917  -54.732  -44.049 0.0000000000
75485  -4.316  -55.806  -43.713 0.0000000000
75486  -3.785  -55.469  -44.051 0.0000000000
75487  -3.647  -56.202  -44.054 0.0000000000
75488  -3.250  -55.120  -44.387 0.0000000000
75489  -2.708  -54.757  -44.721 0.0000000000
75490  -2.855  -54.032  -44.724 0.0000000000
75491  -2.222  -51.116  -45.425 0.0000000000
75492  -2.079  -51.842  -45.412 0.0000000000
75493  -1.698  -50.742  -45.764 0.0000000000
90632  -10.792  -64.003  -38.853 0.0000000000
90768  2.641  -63.986  -45.678 0.0000000000
90811  -1.611  -53.996  -45.383 0.0000000000
90812  -1.441  -54.705  -45.378 0.0000000000
90813  -1.054  -53.598  -45.713 0.0000000000
90814  0.449  -51.651  -46.713 0.0000000000
90815  0.074  -52.770  -46.370 0.0000000000
90816  0.645  -52.341  -46.696 0.0000000000
90817  0.848  -53.026  -46.682 0.0000000000
90818  1.221  -51.901  -47.021 0.0000000000
90820  1.545  -48.276  -47.779 0.0000000000
93498  -4.450  -58.351  -43.402 0.0000000000
93499  -4.855  -59.418  -43.081 0.0000000000
93500  -4.305  -59.082  -43.417 0.0000000000
93501  -4.152  -59.808  -43.434 0.0000000000
93502  -3.992  -60.529  -43.454 0.0000000000
93503  -3.824  -61.244  -43.475 0.0000000000
93504  -3.421  -60.168  -43.782 0.0000000000
93505  -2.844  -59.794  -44.107 0.0000000000
93506  -2.261  -59.407  -44.429 0.0000000000
93507  -1.672  -59.009  -44.750 0.0000000000
93508  -1.864  -58.313  -44.739 0.0000000000
93509  -1.470  -57.214  -45.054 0.0000000000
93510  -1.079  -56.109  -45.374 0.0000000000
101931  -8.597  -60.631  -40.608 0.0000000000
101932  -9.011  -61.637  -40.272 0.0000000000
101933  -8.520  -61.406  -40.636 0.0000000000
101934  -8.434  -62.176  -40.667 0.0000000000
101935  -8.340  -62.943  -40.700 0.0000000000
101936  -6.496  -63.627  -41.825 0.0000000000
101937  -7.047  -63.920  -41.478 0.0000000000
101939  -7.329  -65.691  -41.209 0.0000000000
101941  -8.167  -67.722  -40.598 0.0000000000
101960  0.279  -62.557  -45.117 0.0000000000
101961  0.671  -61.461  -45.409 0.0000000000
101962  0.736  -57.295  -46.014 0.0000000000
101963  0.967  -57.956  -46.012 0.0000000000
101964  1.350  -56.837  -46.324 0.0000000000
101965  1.966  -56.369  -46.630 0.0000000000
101966  2.585  -55.889  -46.932 0.0000000000
101968  2.955  -54.759  -47.251 0.0000000000
105162  -12.002  -55.446  -37.288 0.0000000000
105164  -12.042  -56.270  -37.321 0.0000000000
105165  -12.078  -57.095  -37.355 0.0000000000
105166  -12.109  -57.920  -37.389 0.0000000000
105167  -12.135  -58.744  -37.424 0.0000000000
105168  -11.735  -57.815  -37.786 0.0000000000
105169  -11.352  -57.696  -38.181 0.0000000000
105170  -10.961  -57.565  -38.573 0.0000000000
105183  -8.899  -55.908  -40.463 0.0000000000
105184  -8.867  -56.703  -40.485 0.0000000000
105185  -8.829  -57.495  -40.508 0.0000000000
105186  -8.421  -56.490  -40.857 0.0000000000
105187  -7.966  -56.263  -41.225 0.0000000000
105188  -7.502  -56.023  -41.589 0.0000000000
105191  -5.258  -53.119  -43.355 0.0000000000
105192  -5.164  -53.877  -43.358 0.0000000000
105193  -5.064  -54.632  -43.361 0.0000000000
105194  -4.956  -55.383  -43.366 0.0000000000
105195  -4.555  -54.317  -43.707 0.0000000000
105196  -4.041  -53.991  -44.050 0.0000000000
105197  -3.521  -53.652  -44.390 0.0000000000
105198  -2.996  -53.302  -44.729 0.0000000000
105199  -3.129  -52.568  -44.735 0.0000000000
105200  -2.741  -51.479  -45.085 0.0000000000
114391  -0.845  -51.782  -46.068 0.0000000000
114392  -0.672  -52.488  -46.054 0.0000000000
114393  -0.295  -51.374  -46.401 0.0000000000
114394  0.260  -50.956  -46.732 0.0000000000
114395  0.820  -50.528  -47.062 0.0000000000
118320  -6.583  -59.594  -42.032 0.0000000000
118321  -6.994  -60.632  -41.705 0.0000000000
118322  -6.470  -60.348  -42.054 0.0000000000
118323  -6.349  -61.097  -42.079 0.0000000000
118324  -6.220  -61.843  -42.106 0.0000000000
118325  -5.263  -60.479  -42.764 0.0000000000
118326  -5.672  -61.534  -42.448 0.0000000000
118327  -6.083  -62.584  -42.136 0.0000000000
118328  -5.939  -63.319  -42.168 0.0000000000
118333  -4.460  -64.088  -42.900 0.0000000000
118335  -3.648  -61.953  -43.498 0.0000000000
118336  -3.463  -62.655  -43.522 0.0000000000
118337  -3.271  -63.349  -43.546 0.0000000000
118338  -2.667  -62.960  -43.864 0.0000000000
118339  -2.059  -62.558  -44.178 0.0000000000
118340  -1.445  -62.143  -44.489 0.0000000000
118341  -0.825  -61.716  -44.798 0.0000000000
118342  -1.048  -61.052  -44.786 0.0000000000
118343  -0.654  -59.954  -45.087 0.0000000000
118344  -0.262  -58.850  -45.392 0.0000000000
118345  -1.078  -58.598  -45.069 0.0000000000
118346  -0.478  -58.175  -45.386 0.0000000000
118347  0.127  -57.741  -45.701 0.0000000000
118348  0.513  -56.626  -46.015 0.0000000000
118349  0.896  -55.506  -46.335 0.0000000000
118350  1.274  -54.382  -46.659 0.0000000000
120837  -11.609  -54.527  -37.655 0.0000000000
120838  -11.254  -54.419  -38.054 0.0000000000
120859  -4.469  -50.996  -44.060 0.0000000000
120860  -3.982  -50.678  -44.411 0.0000000000
137106  -10.469  -61.448  -39.119 0.0000000000
137107  -10.880  -62.416  -38.773 0.0000000000
137108  -10.428  -62.243  -39.154 0.0000000000
137109  -10.378  -63.034  -39.191 0.0000000000
137110  -10.321  -63.821  -39.231 0.0000000000
137111  -9.425  -62.634  -39.938 0.0000000000
137112  -9.840  -63.623  -39.604 0.0000000000
137114  -10.183  -65.381  -39.316 0.0000000000
137115  -10.101  -66.156  -39.362 0.0000000000
137116  -10.012  -66.927  -39.410 0.0000000000
137117  -7.407  -61.663  -41.380 0.0000000000
137118  -7.822  -62.688  -41.057 0.0000000000
137119  -8.238  -63.706  -40.735 0.0000000000
137120  -7.591  -64.200  -41.128 0.0000000000
137121  -8.128  -64.465  -40.773 0.0000000000
137122  -8.656  -64.716  -40.415 0.0000000000
137123  -9.074  -65.718  -40.096 0.0000000000
137124  -9.493  -66.711  -39.778 0.0000000000
137125  -9.913  -67.694  -39.462 0.0000000000
137168  1.436  -63.313  -45.412 0.0000000000
137170  2.476  -61.715  -45.976 0.0000000000
137173  -0.201  -61.276  -45.103 0.0000000000
137174  0.428  -60.823  -45.406 0.0000000000
137175  1.060  -60.359  -45.704 0.0000000000
137176  1.204  -58.607  -46.009 0.0000000000
137177  1.447  -59.250  -46.005 0.0000000000
137178  1.696  -59.881  -45.999 0.0000000000
143724  -12.155  -59.568  -37.459 0.0000000000
143728  -11.361  -60.959  -38.314 0.0000000000
143729  -10.937  -60.812  -38.701 0.0000000000
143747  -10.537  -54.981  -38.875 0.0000000000
143748  -10.550  -55.794  -38.904 0.0000000000
143749  -10.558  -56.607  -38.932 0.0000000000
143750  -10.560  -57.420  -38.961 0.0000000000
143751  -9.747  -56.285  -39.704 0.0000000000
143752  -10.151  -57.261  -39.347 0.0000000000
143753  -10.556  -58.231  -38.991 0.0000000000
143754  -10.546  -59.040  -39.021 0.0000000000
143755  -10.528  -59.846  -39.052 0.0000000000
143756  -10.502  -60.649  -39.085 0.0000000000
143757  -10.057  -60.472  -39.465 0.0000000000
143758  -9.603  -60.280  -39.841 0.0000000000
143759  -9.140  -60.073  -40.213 0.0000000000
143760  -8.782  -58.285  -40.531 0.0000000000
143761  -8.729  -59.071  -40.555 0.0000000000
143762  -8.667  -59.853  -40.581 0.0000000000
143763  -8.185  -59.619  -40.944 0.0000000000
143764  -7.695  -59.371  -41.304 0.0000000000
143765  -7.195  -59.110  -41.660 0.0000000000
143768  -7.030  -55.770  -41.950 0.0000000000
143769  -6.145  -54.460  -42.653 0.0000000000
143770  -6.549  -55.504  -42.307 0.0000000000
143771  -6.956  -56.542  -41.964 0.0000000000
143772  -6.874  -57.311  -41.978 0.0000000000
143773  -6.785  -58.075  -41.995 0.0000000000
143774  -6.688  -58.837  -42.013 0.0000000000
143775  -6.173  -58.550  -42.362 0.0000000000
143776  -5.651  -58.251  -42.708 0.0000000000
143777  -5.122  -57.940  -43.050 0.0000000000
143778  -4.840  -56.132  -43.372 0.0000000000
143779  -4.718  -56.876  -43.380 0.0000000000
143780  -4.588  -57.616  -43.390 0.0000000000
143781  -4.047  -57.280  -43.726 0.0000000000
143782  -3.501  -56.931  -44.060 0.0000000000
143783  -2.950  -56.569  -44.391 0.0000000000
143784  -2.393  -56.194  -44.720 0.0000000000
143785  -2.554  -55.478  -44.719 0.0000000000
143786  -2.162  -54.383  -45.053 0.0000000000
143787  -1.774  -53.283  -45.391 0.0000000000
143788  -2.465  -52.939  -45.066 0.0000000000
143789  -1.930  -52.565  -45.401 0.0000000000
143790  -1.390  -52.179  -45.735 0.0000000000
143791  -1.011  -51.071  -46.085 0.0000000000
162007  -11.292  -63.374  -38.429 0.0000000000
162223  -1.831  -55.808  -45.048 0.0000000000
162224  -1.264  -55.409  -45.375 0.0000000000
162225  -0.691  -55.000  -45.700 0.0000000000
162226  -0.493  -53.190  -46.042 0.0000000000
162227  -0.306  -53.887  -46.032 0.0000000000
162228  -0.113  -54.580  -46.025 0.0000000000
162229  0.470  -54.149  -46.349 0.0000000000
162230  1.058  -53.707  -46.670 0.0000000000
162231  1.649  -53.255  -46.989 0.0000000000
162234  1.384  -50.090  -47.391 0.0000000000
162236  1.952  -49.643  -47.718 0.0000000000
162237  1.590  -50.773  -47.367 0.0000000000
162238  1.801  -51.452  -47.345 0.0000000000
162239  2.019  -52.125  -47.325 0.0000000000
