#!ascii label  , from subject fsaverage vox2ras=TkReg
866
6  -10.333  -107.380  -15.576 0.0000000000
285  -24.721  -94.266  3.509 0.0000000000
550  -15.444  -105.242  -7.265 0.0000000000
552  -22.703  -102.239  -7.020 0.0000000000
686  -6.473  -106.155  -16.853 0.0000000000
688  -9.466  -107.301  -19.413 0.0000000000
1214  -17.592  -102.659  -2.010 0.0000000000
1215  -19.425  -104.417  -7.048 0.0000000000
1216  -21.242  -101.215  -1.668 0.0000000000
1218  -25.764  -94.643  -1.997 0.0000000000
1665  -22.419  -97.395  3.721 0.0000000000
2290  -12.834  -106.860  -12.035 0.0000000000
2292  -16.848  -106.658  -12.097 0.0000000000
2295  -24.023  -98.473  -1.658 0.0000000000
2343  -11.004  -104.826  -7.712 0.0000000000
2344  -8.584  -105.945  -12.435 0.0000000000
2606  -8.661  -106.962  -16.180 0.0000000000
2607  -7.886  -106.873  -18.284 0.0000000000
2608  -9.991  -107.457  -17.275 0.0000000000
3135  -19.513  -102.103  -1.804 0.0000000000
3136  -20.277  -100.376  0.925 0.0000000000
5084  -14.180  -106.181  -9.737 0.0000000000
5085  -14.869  -106.908  -12.033 0.0000000000
5086  -16.257  -106.087  -9.659 0.0000000000
5087  -21.170  -103.495  -7.014 0.0000000000
5088  -20.063  -104.921  -9.653 0.0000000000
5092  -23.696  -95.968  3.674 0.0000000000
5093  -23.288  -98.025  1.058 0.0000000000
5094  -24.427  -96.403  0.962 0.0000000000
5215  -14.450  -104.145  -4.912 0.0000000000
5217  -13.268  -105.180  -7.459 0.0000000000
5218  -12.015  -105.981  -9.891 0.0000000000
5844  -5.526  -105.907  -19.119 0.0000000000
5845  -7.101  -106.536  -20.526 0.0000000000
6794  -16.591  -104.063  -4.677 0.0000000000
6795  -17.504  -104.995  -7.128 0.0000000000
6796  -18.590  -103.658  -4.497 0.0000000000
6797  -20.427  -102.916  -4.377 0.0000000000
6798  -22.060  -101.839  -4.323 0.0000000000
6800  -25.307  -94.528  0.767 0.0000000000
6801  -25.924  -92.434  0.478 0.0000000000
6802  -26.242  -92.413  -2.287 0.0000000000
9430  -11.475  -107.262  -14.065 0.0000000000
9431  -11.755  -107.634  -15.951 0.0000000000
9432  -13.354  -107.433  -14.169 0.0000000000
9435  -18.230  -105.673  -9.637 0.0000000000
9441  -21.895  -99.359  1.044 0.0000000000
9442  -22.755  -99.998  -1.618 0.0000000000
9443  -23.463  -100.437  -4.332 0.0000000000
9444  -25.026  -96.676  -1.787 0.0000000000
9445  -24.610  -98.737  -4.407 0.0000000000
9590  -9.775  -105.501  -10.133 0.0000000000
9591  -10.752  -106.537  -12.159 0.0000000000
9592  -9.586  -106.852  -14.221 0.0000000000
9674  -7.478  -106.164  -14.648 0.0000000000
10286  -9.609  -107.226  -15.849 0.0000000000
10287  -9.291  -107.245  -16.784 0.0000000000
10288  -10.193  -107.441  -16.322 0.0000000000
12764  -14.824  -105.743  -8.519 0.0000000000
12765  -15.231  -106.172  -9.690 0.0000000000
12766  -15.876  -105.697  -8.456 0.0000000000
12767  -21.965  -102.908  -7.012 0.0000000000
12768  -21.468  -103.694  -8.349 0.0000000000
12769  -22.239  -103.064  -8.361 0.0000000000
12772  -24.240  -95.150  3.605 0.0000000000
12773  -24.077  -96.206  2.323 0.0000000000
12774  -24.586  -95.342  2.245 0.0000000000
12895  -14.967  -104.725  -6.084 0.0000000000
12896  -13.870  -104.691  -6.198 0.0000000000
12897  -14.369  -105.249  -7.355 0.0000000000
12898  -13.747  -105.713  -8.597 0.0000000000
13576  -5.295  -105.620  -17.170 0.0000000000
13578  -5.996  -106.063  -17.978 0.0000000000
13579  -8.654  -107.123  -18.884 0.0000000000
13580  -7.500  -106.738  -19.394 0.0000000000
13581  -8.307  -106.967  -19.999 0.0000000000
13582  -7.938  -106.741  -21.135 0.0000000000
15164  -17.109  -103.388  -3.352 0.0000000000
15165  -17.609  -103.902  -4.579 0.0000000000
15166  -18.109  -103.188  -3.247 0.0000000000
15167  -20.403  -101.701  -1.726 0.0000000000
15168  -19.990  -102.538  -3.082 0.0000000000
15169  -20.857  -102.088  -3.026 0.0000000000
15170  -21.271  -102.419  -4.342 0.0000000000
15171  -21.671  -101.555  -2.989 0.0000000000
15173  -25.718  -92.394  1.860 0.0000000000
15297  -16.574  -102.814  -2.135 0.0000000000
15298  -16.073  -103.506  -3.471 0.0000000000
21014  -12.149  -107.097  -13.092 0.0000000000
21015  -12.408  -107.379  -14.098 0.0000000000
21016  -13.138  -107.187  -13.100 0.0000000000
21017  -15.866  -106.822  -12.060 0.0000000000
21018  -15.108  -107.161  -13.193 0.0000000000
21019  -16.083  -107.036  -13.259 0.0000000000
21022  -18.483  -104.749  -7.082 0.0000000000
21023  -17.892  -105.366  -8.376 0.0000000000
21024  -18.851  -105.077  -8.356 0.0000000000
21026  -19.428  -105.536  -10.937 0.0000000000
21038  -21.417  -98.964  2.353 0.0000000000
21039  -22.172  -98.387  2.389 0.0000000000
21040  -23.674  -98.271  -0.295 0.0000000000
21041  -23.040  -99.025  -0.274 0.0000000000
21042  -23.421  -99.272  -1.627 0.0000000000
21043  -23.129  -100.244  -2.971 0.0000000000
21044  -23.765  -99.472  -2.991 0.0000000000
21045  -25.552  -94.604  -0.613 0.0000000000
21046  -25.180  -95.611  -0.500 0.0000000000
21047  -25.428  -95.687  -1.882 0.0000000000
21049  -25.081  -97.789  -4.472 0.0000000000
21051  -24.331  -99.721  -5.736 0.0000000000
21408  -11.610  -104.403  -6.461 0.0000000000
21414  -10.390  -105.192  -8.938 0.0000000000
21415  -12.455  -106.456  -10.967 0.0000000000
21416  -11.380  -106.290  -11.049 0.0000000000
21417  -11.800  -106.732  -12.079 0.0000000000
21418  -11.156  -106.942  -13.127 0.0000000000
21618  -6.890  -105.652  -13.764 0.0000000000
21619  -8.019  -106.083  -13.549 0.0000000000
21620  -8.564  -106.546  -14.415 0.0000000000
21621  -9.105  -106.439  -13.360 0.0000000000
22434  -11.722  -107.696  -16.968 0.0000000000
23122  -7.603  -106.604  -16.520 0.0000000000
23123  -7.162  -106.550  -17.607 0.0000000000
23124  -8.268  -106.946  -17.209 0.0000000000
23125  -8.980  -107.214  -17.805 0.0000000000
23126  -9.747  -107.412  -18.317 0.0000000000
24074  -18.041  -101.884  -0.654 0.0000000000
24075  -18.574  -102.423  -1.899 0.0000000000
24076  -19.001  -101.612  -0.539 0.0000000000
24077  -19.914  -101.259  -0.442 0.0000000000
24078  -20.776  -100.822  -0.365 0.0000000000
27584  -13.515  -106.554  -10.912 0.0000000000
27585  -13.858  -106.919  -12.022 0.0000000000
27586  -14.557  -106.580  -10.881 0.0000000000
27587  -15.580  -106.533  -10.869 0.0000000000
27588  -16.583  -106.408  -10.872 0.0000000000
27589  -20.322  -103.999  -7.026 0.0000000000
27590  -19.770  -104.702  -8.346 0.0000000000
27591  -20.644  -104.240  -8.344 0.0000000000
27598  -23.088  -96.718  3.713 0.0000000000
27599  -22.869  -97.733  2.397 0.0000000000
27600  -23.505  -97.004  2.375 0.0000000000
27601  -23.891  -97.248  1.023 0.0000000000
27602  -24.242  -97.448  -0.340 0.0000000000
27603  -25.943  -94.644  -3.384 0.0000000000
27604  -25.641  -95.724  -3.267 0.0000000000
27819  -13.900  -103.505  -3.746 0.0000000000
27821  -13.336  -104.071  -5.046 0.0000000000
27822  -12.750  -104.583  -6.323 0.0000000000
27823  -12.145  -105.039  -7.578 0.0000000000
27824  -11.527  -105.437  -8.805 0.0000000000
27825  -12.647  -105.611  -8.692 0.0000000000
27826  -13.107  -106.116  -9.803 0.0000000000
28994  -5.056  -105.685  -20.266 0.0000000000
28995  -6.729  -106.436  -18.721 0.0000000000
28996  -6.296  -106.257  -19.855 0.0000000000
31214  -16.035  -104.682  -5.982 0.0000000000
31215  -16.491  -105.158  -7.189 0.0000000000
31216  -17.070  -104.559  -5.894 0.0000000000
31217  -18.068  -104.356  -5.822 0.0000000000
31218  -19.030  -104.069  -5.764 0.0000000000
31219  -19.072  -102.905  -3.156 0.0000000000
31220  -19.532  -103.330  -4.429 0.0000000000
31221  -19.950  -103.695  -5.720 0.0000000000
31222  -20.822  -103.236  -5.689 0.0000000000
31223  -21.641  -102.693  -5.672 0.0000000000
31224  -22.405  -102.068  -5.667 0.0000000000
31226  -25.030  -94.416  2.142 0.0000000000
31227  -25.407  -93.431  2.013 0.0000000000
31228  -25.649  -93.505  0.635 0.0000000000
31229  -25.858  -93.544  -0.748 0.0000000000
31231  -26.098  -92.440  -0.904 0.0000000000
31232  -26.035  -93.549  -2.132 0.0000000000
31401  -15.001  -103.544  -3.603 0.0000000000
31402  -15.537  -104.143  -4.789 0.0000000000
33593  -23.864  -94.917  4.956 0.0000000000
33594  -24.380  -94.079  4.869 0.0000000000
38530  -10.842  -107.356  -14.925 0.0000000000
38531  -10.960  -107.519  -15.748 0.0000000000
38532  -11.680  -107.492  -14.993 0.0000000000
38533  -12.564  -107.577  -15.113 0.0000000000
38535  -14.125  -107.209  -13.137 0.0000000000
38536  -14.311  -107.421  -14.261 0.0000000000
38541  -16.899  -105.572  -8.409 0.0000000000
38542  -17.258  -105.921  -9.642 0.0000000000
38543  -17.563  -106.201  -10.886 0.0000000000
38544  -19.167  -105.340  -9.641 0.0000000000
38545  -18.513  -105.911  -10.908 0.0000000000
38560  -21.112  -99.908  0.997 0.0000000000
38561  -21.586  -100.303  -0.310 0.0000000000
38562  -22.622  -98.730  1.065 0.0000000000
38563  -22.342  -99.703  -0.279 0.0000000000
38564  -22.027  -100.647  -1.632 0.0000000000
38565  -22.430  -100.939  -2.970 0.0000000000
38566  -22.792  -101.178  -4.320 0.0000000000
38567  -23.110  -101.361  -5.676 0.0000000000
38568  -24.900  -95.496  0.877 0.0000000000
38569  -24.744  -96.560  -0.409 0.0000000000
38570  -24.559  -97.606  -1.712 0.0000000000
38571  -25.274  -96.751  -3.169 0.0000000000
38572  -24.839  -97.720  -3.090 0.0000000000
38573  -24.336  -98.629  -3.030 0.0000000000
38574  -24.070  -99.622  -4.361 0.0000000000
38575  -23.753  -100.578  -5.699 0.0000000000
39010  -9.171  -105.752  -11.298 0.0000000000
39011  -10.905  -105.776  -10.001 0.0000000000
39012  -10.286  -106.055  -11.159 0.0000000000
39013  -9.682  -106.276  -12.278 0.0000000000
39014  -10.147  -106.724  -13.216 0.0000000000
39015  -10.546  -107.088  -14.099 0.0000000000
39016  -10.012  -107.176  -14.990 0.0000000000
39255  -5.811  -105.691  -16.031 0.0000000000
39257  -6.342  -105.701  -14.898 0.0000000000
39258  -6.965  -106.188  -15.745 0.0000000000
39259  -8.065  -106.602  -15.461 0.0000000000
39260  -9.090  -106.930  -15.195 0.0000000000
40234  -10.910  -107.596  -16.668 0.0000000000
40235  -10.770  -107.603  -17.684 0.0000000000
40236  -10.568  -107.540  -18.763 0.0000000000
41006  -10.017  -107.320  -15.698 0.0000000000
41007  -9.885  -107.342  -16.109 0.0000000000
41008  -10.274  -107.413  -15.905 0.0000000000
43484  -15.138  -105.500  -7.896 0.0000000000
43485  -15.354  -105.730  -8.486 0.0000000000
43486  -15.666  -105.478  -7.859 0.0000000000
43487  -22.342  -102.584  -7.015 0.0000000000
43488  -22.108  -102.993  -7.685 0.0000000000
43489  -22.479  -102.658  -7.691 0.0000000000
43491  -22.834  -102.303  -7.700 0.0000000000
43492  -24.489  -94.716  3.560 0.0000000000
43493  -24.417  -95.251  2.926 0.0000000000
43494  -24.656  -94.806  2.879 0.0000000000
43615  -15.211  -104.991  -6.673 0.0000000000
43616  -14.671  -104.994  -6.723 0.0000000000
43617  -14.910  -105.255  -7.308 0.0000000000
43618  -14.602  -105.504  -7.936 0.0000000000
44296  -5.889  -105.898  -17.014 0.0000000000
44297  -5.642  -105.850  -17.582 0.0000000000
44298  -6.233  -106.117  -17.413 0.0000000000
44299  -9.055  -107.221  -19.156 0.0000000000
44300  -8.484  -107.053  -19.438 0.0000000000
44301  -8.893  -107.146  -19.713 0.0000000000
44302  -8.725  -107.054  -20.277 0.0000000000
44303  -9.312  -107.220  -19.974 0.0000000000
45884  -17.355  -103.030  -2.683 0.0000000000
45885  -17.614  -103.298  -3.298 0.0000000000
45886  -17.855  -102.931  -2.627 0.0000000000
45887  -20.829  -101.468  -1.695 0.0000000000
45888  -20.635  -101.901  -2.374 0.0000000000
45889  -21.055  -101.657  -2.348 0.0000000000
45890  -21.271  -101.832  -3.005 0.0000000000
45891  -21.462  -101.392  -2.326 0.0000000000
46015  -17.321  -102.374  -1.396 0.0000000000
46016  -16.812  -102.450  -1.461 0.0000000000
46017  -17.087  -102.747  -2.071 0.0000000000
46018  -16.845  -103.108  -2.742 0.0000000000
51734  -12.491  -106.987  -12.573 0.0000000000
51735  -12.643  -107.150  -13.092 0.0000000000
51736  -12.996  -107.033  -12.568 0.0000000000
51737  -16.359  -106.750  -12.077 0.0000000000
51738  -15.984  -106.939  -12.658 0.0000000000
51739  -16.472  -106.857  -12.684 0.0000000000
51742  -18.959  -104.594  -7.064 0.0000000000
51743  -18.673  -104.921  -7.717 0.0000000000
51744  -19.144  -104.755  -7.705 0.0000000000
51758  -21.935  -98.198  3.046 0.0000000000
51759  -22.299  -97.894  3.057 0.0000000000
51760  -23.853  -98.378  -0.975 0.0000000000
51761  -23.552  -98.775  -0.959 0.0000000000
51762  -23.731  -98.881  -1.640 0.0000000000
51763  -23.598  -99.378  -2.308 0.0000000000
51764  -23.900  -98.976  -2.323 0.0000000000
51765  -25.662  -94.628  -1.305 0.0000000000
51766  -25.493  -95.148  -1.245 0.0000000000
51767  -25.604  -95.172  -1.937 0.0000000000
52134  -10.698  -105.017  -8.328 0.0000000000
52135  -12.653  -106.668  -11.502 0.0000000000
52136  -12.127  -106.602  -11.530 0.0000000000
52137  -12.319  -106.805  -12.053 0.0000000000
52138  -11.985  -106.925  -12.588 0.0000000000
52338  -7.739  -105.822  -13.091 0.0000000000
52339  -8.299  -106.021  -12.994 0.0000000000
52340  -8.567  -106.270  -13.450 0.0000000000
52341  -8.849  -106.202  -12.904 0.0000000000
53896  -8.142  -106.795  -16.350 0.0000000000
53897  -7.931  -106.784  -16.876 0.0000000000
53898  -8.462  -106.961  -16.688 0.0000000000
53899  -9.631  -107.359  -17.042 0.0000000000
53900  -9.136  -107.237  -17.286 0.0000000000
53901  -9.497  -107.348  -17.547 0.0000000000
53902  -9.356  -107.322  -18.071 0.0000000000
53903  -9.874  -107.442  -17.788 0.0000000000
55485  -18.526  -101.758  -0.594 0.0000000000
55488  -19.656  -101.017  0.195 0.0000000000
55489  -20.100  -100.822  0.241 0.0000000000
55490  -20.351  -101.051  -0.401 0.0000000000
55491  -20.531  -100.606  0.282 0.0000000000
61334  -13.850  -106.376  -10.331 0.0000000000
61335  -14.038  -106.576  -10.894 0.0000000000
61336  -14.376  -106.389  -10.309 0.0000000000
61337  -15.747  -106.139  -9.672 0.0000000000
61338  -15.413  -106.361  -10.278 0.0000000000
61339  -15.923  -106.319  -10.269 0.0000000000
61340  -16.084  -106.480  -10.869 0.0000000000
61341  -16.427  -106.256  -10.264 0.0000000000
61342  -20.752  -103.757  -7.019 0.0000000000
61343  -20.490  -104.127  -7.684 0.0000000000
61344  -20.914  -103.875  -7.681 0.0000000000
61345  -21.598  -103.770  -9.019 0.0000000000
61346  -21.198  -104.064  -9.012 0.0000000000
61357  -23.400  -96.352  3.697 0.0000000000
61358  -23.300  -96.867  3.046 0.0000000000
61359  -23.603  -96.488  3.026 0.0000000000
61360  -24.257  -96.310  1.644 0.0000000000
61361  -23.987  -96.729  1.676 0.0000000000
61362  -24.167  -96.834  0.996 0.0000000000
61363  -24.071  -97.353  0.343 0.0000000000
61364  -24.339  -96.928  0.313 0.0000000000
61725  -14.178  -103.833  -4.329 0.0000000000
61727  -13.896  -104.118  -4.978 0.0000000000
61728  -13.571  -104.943  -6.831 0.0000000000
61729  -13.313  -104.646  -6.259 0.0000000000
61730  -13.013  -104.890  -6.891 0.0000000000
61731  -12.449  -104.818  -6.953 0.0000000000
61732  -12.709  -105.119  -7.516 0.0000000000
61733  -12.401  -105.333  -8.135 0.0000000000
61734  -12.959  -105.403  -8.079 0.0000000000
61735  -13.970  -105.956  -9.167 0.0000000000
61736  -13.429  -105.923  -9.205 0.0000000000
61737  -13.646  -106.158  -9.768 0.0000000000
61738  -13.318  -106.344  -10.358 0.0000000000
63769  -5.154  -105.706  -18.727 0.0000000000
63771  -4.912  -105.609  -19.302 0.0000000000
63772  -4.669  -105.496  -19.878 0.0000000000
63773  -5.291  -105.805  -19.692 0.0000000000
63774  -7.519  -106.720  -17.955 0.0000000000
63775  -6.945  -106.501  -18.161 0.0000000000
63776  -7.315  -106.666  -18.508 0.0000000000
63777  -7.302  -106.645  -19.958 0.0000000000
63778  -6.903  -106.509  -19.631 0.0000000000
63779  -6.694  -106.406  -20.198 0.0000000000
63780  -6.077  -106.143  -20.425 0.0000000000
63781  -6.482  -106.285  -20.768 0.0000000000
63784  -8.368  -106.817  -21.419 0.0000000000
68534  -16.318  -104.379  -5.332 0.0000000000
68535  -16.557  -104.631  -5.936 0.0000000000
68536  -16.836  -104.319  -5.284 0.0000000000
68537  -18.104  -103.790  -4.536 0.0000000000
68538  -17.844  -104.136  -5.199 0.0000000000
68539  -18.334  -104.014  -5.162 0.0000000000
68540  -18.553  -104.223  -5.792 0.0000000000
68541  -18.815  -103.871  -5.128 0.0000000000
68542  -19.049  -102.273  -1.849 0.0000000000
68543  -18.827  -102.671  -2.526 0.0000000000
68544  -19.298  -102.510  -2.481 0.0000000000
68545  -20.213  -102.735  -3.727 0.0000000000
68546  -19.766  -102.940  -3.757 0.0000000000
68547  -19.986  -103.134  -4.401 0.0000000000
68548  -19.746  -103.520  -5.072 0.0000000000
68549  -20.195  -103.312  -5.050 0.0000000000
68550  -20.392  -103.476  -5.703 0.0000000000
68551  -20.630  -103.083  -5.031 0.0000000000
68552  -21.673  -102.139  -4.330 0.0000000000
68553  -21.462  -102.563  -5.005 0.0000000000
68554  -21.857  -102.272  -4.998 0.0000000000
68555  -22.031  -102.390  -5.668 0.0000000000
68556  -22.239  -101.961  -4.994 0.0000000000
68558  -25.275  -93.381  2.700 0.0000000000
68559  -25.447  -92.878  2.628 0.0000000000
68560  -25.825  -92.418  1.169 0.0000000000
68561  -25.687  -92.951  1.250 0.0000000000
68562  -25.794  -92.975  0.559 0.0000000000
68563  -25.757  -93.529  -0.056 0.0000000000
68564  -25.894  -92.991  -0.132 0.0000000000
68570  -26.174  -92.430  -1.596 0.0000000000
68571  -26.070  -92.996  -1.515 0.0000000000
68572  -26.147  -92.986  -2.207 0.0000000000
68573  -26.112  -93.538  -2.825 0.0000000000
68933  -14.722  -103.222  -3.013 0.0000000000
68934  -15.265  -103.223  -2.941 0.0000000000
68935  -16.336  -103.792  -4.073 0.0000000000
68936  -15.809  -103.831  -4.132 0.0000000000
68937  -16.068  -104.113  -4.731 0.0000000000
68938  -15.791  -104.420  -5.384 0.0000000000
73954  -23.940  -94.386  5.591 0.0000000000
73955  -24.130  -94.506  4.916 0.0000000000
86084  -11.151  -107.318  -14.512 0.0000000000
86085  -11.255  -107.429  -14.949 0.0000000000
86086  -11.594  -107.388  -14.528 0.0000000000
86087  -12.879  -107.414  -14.130 0.0000000000
86088  -12.499  -107.488  -14.603 0.0000000000
86089  -12.961  -107.515  -14.653 0.0000000000
86090  -13.019  -107.597  -15.181 0.0000000000
86091  -13.429  -107.527  -14.708 0.0000000000
86092  -14.365  -106.923  -12.025 0.0000000000
86093  -14.001  -107.074  -12.579 0.0000000000
86094  -14.501  -107.068  -12.593 0.0000000000
86095  -15.199  -107.258  -13.776 0.0000000000
86096  -14.714  -107.301  -13.736 0.0000000000
86097  -14.792  -107.388  -14.311 0.0000000000
86107  -17.002  -105.087  -7.156 0.0000000000
86108  -16.701  -105.373  -7.797 0.0000000000
86109  -17.207  -105.291  -7.772 0.0000000000
86110  -18.068  -105.528  -9.005 0.0000000000
86111  -17.580  -105.652  -9.013 0.0000000000
86112  -17.748  -105.807  -9.638 0.0000000000
86113  -17.418  -106.070  -10.263 0.0000000000
86114  -17.903  -105.946  -10.266 0.0000000000
86115  -19.923  -104.819  -8.998 0.0000000000
86116  -19.475  -105.029  -8.997 0.0000000000
86117  -19.620  -105.141  -9.646 0.0000000000
86119  -18.975  -105.734  -10.922 0.0000000000
86121  -18.167  -106.170  -11.529 0.0000000000
86155  -21.660  -99.167  1.700 0.0000000000
86156  -21.268  -99.439  1.676 0.0000000000
86157  -21.511  -99.643  1.024 0.0000000000
86158  -21.353  -100.112  0.345 0.0000000000
86159  -21.745  -99.835  0.368 0.0000000000
86160  -23.083  -97.885  1.729 0.0000000000
86161  -22.750  -98.234  1.733 0.0000000000
86162  -22.963  -98.387  1.065 0.0000000000
86163  -22.902  -99.515  -0.945 0.0000000000
86164  -22.699  -99.374  -0.273 0.0000000000
86165  -22.553  -99.857  -0.947 0.0000000000
86166  -22.189  -100.179  -0.955 0.0000000000
86167  -22.398  -100.333  -1.622 0.0000000000
86168  -22.233  -100.800  -2.299 0.0000000000
86169  -22.597  -100.473  -2.294 0.0000000000
86170  -23.301  -100.347  -3.651 0.0000000000
86171  -22.966  -100.716  -3.645 0.0000000000
86172  -23.135  -100.817  -4.324 0.0000000000
86173  -22.957  -101.277  -4.997 0.0000000000
86174  -23.293  -100.905  -5.004 0.0000000000
86175  -25.172  -94.476  1.456 0.0000000000
86176  -24.968  -94.957  1.512 0.0000000000
86177  -25.111  -95.019  0.825 0.0000000000
86178  -25.107  -96.146  -1.141 0.0000000000
86179  -24.970  -96.093  -0.451 0.0000000000
86180  -24.890  -96.623  -1.097 0.0000000000
86181  -24.656  -97.086  -1.058 0.0000000000
86182  -24.801  -97.149  -1.746 0.0000000000
86183  -25.567  -96.256  -3.909 0.0000000000
86184  -25.466  -96.244  -3.216 0.0000000000
86185  -25.383  -96.772  -3.862 0.0000000000
86186  -24.854  -98.271  -4.437 0.0000000000
86187  -24.965  -97.760  -3.780 0.0000000000
86188  -24.730  -98.233  -3.747 0.0000000000
86189  -24.596  -98.182  -3.058 0.0000000000
86190  -24.478  -98.689  -3.718 0.0000000000
86191  -24.209  -99.130  -3.694 0.0000000000
86192  -24.348  -99.188  -4.382 0.0000000000
86194  -24.050  -100.158  -5.716 0.0000000000
86195  -23.881  -100.628  -6.385 0.0000000000
86196  -23.575  -101.040  -6.370 0.0000000000
87280  -9.508  -105.198  -9.612 0.0000000000
87284  -9.471  -105.633  -10.719 0.0000000000
87285  -11.776  -105.718  -9.349 0.0000000000
87286  -11.216  -105.614  -9.407 0.0000000000
87287  -11.462  -105.887  -9.943 0.0000000000
87288  -11.064  -106.421  -11.610 0.0000000000
87289  -10.835  -106.181  -11.100 0.0000000000
87290  -10.525  -106.306  -11.663 0.0000000000
87291  -9.981  -106.173  -11.724 0.0000000000
87292  -10.220  -106.415  -12.214 0.0000000000
87293  -9.921  -106.510  -12.753 0.0000000000
87294  -10.445  -106.638  -12.694 0.0000000000
87295  -11.328  -107.113  -13.599 0.0000000000
87296  -10.845  -107.023  -13.623 0.0000000000
87297  -11.012  -107.182  -14.072 0.0000000000
87298  -10.711  -107.235  -14.519 0.0000000000
87895  -7.185  -105.917  -14.214 0.0000000000
87896  -6.614  -105.684  -14.332 0.0000000000
87897  -6.916  -105.943  -14.772 0.0000000000
87898  -6.652  -105.954  -15.330 0.0000000000
87899  -7.218  -106.183  -15.196 0.0000000000
87900  -7.523  -106.406  -15.602 0.0000000000
87901  -7.771  -106.392  -15.065 0.0000000000
87902  -9.083  -106.709  -14.311 0.0000000000
87903  -8.829  -106.749  -14.818 0.0000000000
87904  -9.329  -106.897  -14.710 0.0000000000
87905  -9.566  -107.063  -15.081 0.0000000000
87906  -9.808  -107.026  -14.620 0.0000000000
90338  -11.346  -107.582  -15.848 0.0000000000
90339  -10.950  -107.567  -16.194 0.0000000000
90340  -11.339  -107.627  -16.325 0.0000000000
90341  -11.674  -107.699  -17.498 0.0000000000
90342  -11.254  -107.662  -17.337 0.0000000000
90343  -11.183  -107.651  -17.868 0.0000000000
90344  -10.676  -107.580  -18.217 0.0000000000
92242  -9.152  -107.107  -16.012 0.0000000000
92243  -8.969  -107.113  -16.498 0.0000000000
92244  -9.446  -107.241  -16.305 0.0000000000
92245  -9.759  -107.357  -16.560 0.0000000000
92246  -10.098  -107.456  -16.784 0.0000000000
96704  -14.505  -105.970  -9.133 0.0000000000
96705  -14.708  -106.186  -9.711 0.0000000000
96706  -15.034  -105.966  -9.103 0.0000000000
96707  -15.557  -105.943  -9.078 0.0000000000
96708  -16.073  -105.900  -9.056 0.0000000000
96709  -21.574  -103.212  -7.011 0.0000000000
96710  -21.326  -103.602  -7.680 0.0000000000
96711  -21.724  -103.308  -7.682 0.0000000000
96712  -21.861  -103.389  -8.354 0.0000000000
96718  -23.976  -95.568  3.643 0.0000000000
96719  -23.890  -96.093  3.000 0.0000000000
96720  -24.162  -95.680  2.966 0.0000000000
96721  -24.340  -95.783  2.287 0.0000000000
96722  -24.510  -95.875  1.606 0.0000000000
96939  -14.713  -104.442  -5.497 0.0000000000
96940  -14.163  -104.425  -5.558 0.0000000000
96941  -14.422  -104.717  -6.139 0.0000000000
96942  -14.124  -104.978  -6.775 0.0000000000
96943  -13.821  -105.224  -7.405 0.0000000000
96944  -13.512  -105.455  -8.027 0.0000000000
96945  -14.060  -105.489  -7.980 0.0000000000
96946  -14.289  -105.738  -8.556 0.0000000000
98167  -5.397  -105.786  -18.153 0.0000000000
98168  -5.761  -105.993  -18.547 0.0000000000
98169  -8.265  -107.007  -18.593 0.0000000000
98170  -7.694  -106.813  -18.836 0.0000000000
98171  -8.084  -106.943  -19.146 0.0000000000
98172  -7.899  -106.861  -19.705 0.0000000000
98173  -7.709  -106.763  -20.269 0.0000000000
98175  -8.125  -106.863  -20.565 0.0000000000
98177  -8.981  -107.007  -21.114 0.0000000000
101024  -16.855  -103.732  -4.017 0.0000000000
101025  -17.104  -103.992  -4.626 0.0000000000
101026  -17.364  -103.652  -3.964 0.0000000000
101027  -17.864  -103.551  -3.915 0.0000000000
101028  -18.355  -103.430  -3.870 0.0000000000
101029  -19.965  -101.912  -1.763 0.0000000000
101030  -19.756  -102.328  -2.441 0.0000000000
101031  -20.202  -102.125  -2.405 0.0000000000
101032  -20.430  -102.324  -3.052 0.0000000000
101033  -20.648  -102.508  -3.702 0.0000000000
101034  -20.856  -102.678  -4.358 0.0000000000
101035  -21.069  -102.261  -3.682 0.0000000000
101036  -21.477  -101.992  -3.666 0.0000000000
101037  -21.871  -101.704  -3.654 0.0000000000
101264  -15.801  -103.205  -2.871 0.0000000000
101265  -16.328  -103.166  -2.805 0.0000000000
101266  -16.595  -103.457  -3.410 0.0000000000
111554  -11.809  -107.189  -13.591 0.0000000000
111555  -11.940  -107.328  -14.075 0.0000000000
111556  -12.291  -107.248  -13.595 0.0000000000
111557  -12.773  -107.292  -13.610 0.0000000000
111558  -13.257  -107.320  -13.633 0.0000000000
111559  -15.369  -106.875  -12.045 0.0000000000
111560  -14.998  -107.044  -12.612 0.0000000000
111561  -15.492  -107.001  -12.634 0.0000000000
111562  -15.597  -107.108  -13.225 0.0000000000
111563  -15.683  -107.196  -13.818 0.0000000000
111565  -16.166  -107.114  -13.860 0.0000000000
111568  -17.998  -104.882  -7.103 0.0000000000
111569  -17.704  -105.189  -7.750 0.0000000000
111570  -18.193  -105.065  -7.732 0.0000000000
111571  -18.376  -105.232  -8.365 0.0000000000
111572  -18.546  -105.383  -9.000 0.0000000000
111573  -20.189  -105.007  -10.310 0.0000000000
111574  -19.752  -105.237  -10.298 0.0000000000
111598  -21.801  -98.685  2.375 0.0000000000
111599  -22.037  -98.876  1.718 0.0000000000
111600  -23.486  -98.154  0.383 0.0000000000
111601  -23.168  -98.528  0.394 0.0000000000
111602  -23.365  -98.657  -0.281 0.0000000000
111603  -23.235  -99.154  -0.949 0.0000000000
111604  -23.096  -99.645  -1.620 0.0000000000
111605  -22.947  -100.127  -2.293 0.0000000000
111606  -23.280  -99.762  -2.298 0.0000000000
111607  -23.455  -99.867  -2.979 0.0000000000
111608  -23.620  -99.959  -3.661 0.0000000000
111609  -25.433  -94.570  0.078 0.0000000000
111610  -25.247  -95.071  0.136 0.0000000000
111611  -25.374  -95.114  -0.554 0.0000000000
111612  -25.308  -95.654  -1.190 0.0000000000
111613  -25.235  -96.189  -1.832 0.0000000000
111615  -25.291  -97.292  -4.512 0.0000000000
111617  -24.968  -98.297  -5.129 0.0000000000
111618  -24.731  -98.773  -5.098 0.0000000000
111619  -24.477  -99.234  -5.070 0.0000000000
112262  -11.908  -104.170  -5.828 0.0000000000
112273  -9.814  -105.044  -9.010 0.0000000000
112274  -10.082  -105.354  -9.539 0.0000000000
112275  -12.242  -106.227  -10.430 0.0000000000
112276  -11.697  -106.143  -10.475 0.0000000000
112277  -11.920  -106.382  -11.004 0.0000000000
112278  -11.598  -106.520  -11.566 0.0000000000
112279  -11.278  -106.643  -12.114 0.0000000000
112280  -10.963  -106.750  -12.647 0.0000000000
112281  -11.476  -106.846  -12.612 0.0000000000
112282  -11.653  -107.028  -13.104 0.0000000000
112641  -7.171  -105.605  -13.194 0.0000000000
112642  -7.460  -105.877  -13.654 0.0000000000
112643  -7.745  -106.130  -14.100 0.0000000000
112644  -8.028  -106.365  -14.528 0.0000000000
112645  -8.294  -106.324  -13.991 0.0000000000
112646  -8.829  -106.499  -13.890 0.0000000000
112647  -9.351  -106.656  -13.800 0.0000000000
114107  -12.182  -107.671  -16.054 0.0000000000
114108  -11.750  -107.675  -16.452 0.0000000000
114109  -12.177  -107.707  -16.574 0.0000000000
114110  -12.151  -107.722  -17.107 0.0000000000
115390  -7.045  -106.391  -16.688 0.0000000000
115391  -6.814  -106.361  -17.239 0.0000000000
115392  -7.380  -106.584  -17.060 0.0000000000
115393  -7.724  -106.759  -17.411 0.0000000000
115394  -8.077  -106.917  -17.741 0.0000000000
115395  -8.792  -107.108  -17.000 0.0000000000
115396  -8.617  -107.089  -17.518 0.0000000000
115397  -8.442  -107.056  -18.050 0.0000000000
115398  -8.819  -107.177  -18.339 0.0000000000
115399  -9.209  -107.280  -18.608 0.0000000000
115400  -9.611  -107.365  -18.860 0.0000000000
117614  -17.821  -102.277  -1.334 0.0000000000
117615  -18.087  -102.551  -1.953 0.0000000000
117616  -18.311  -102.160  -1.275 0.0000000000
117617  -18.792  -102.023  -1.220 0.0000000000
117618  -19.261  -101.865  -1.170 0.0000000000
117619  -19.200  -101.192  0.144 0.0000000000
117620  -19.463  -101.446  -0.488 0.0000000000
117621  -19.718  -101.686  -1.124 0.0000000000
117622  -20.163  -101.487  -1.082 0.0000000000
117623  -20.595  -101.266  -1.046 0.0000000000
117624  -21.014  -101.025  -1.015 0.0000000000
125804  -13.176  -106.715  -11.481 0.0000000000
125805  -13.347  -106.898  -12.026 0.0000000000
125806  -13.695  -106.746  -11.467 0.0000000000
125807  -14.211  -106.759  -11.459 0.0000000000
125808  -14.722  -106.753  -11.456 0.0000000000
125809  -14.897  -106.385  -10.291 0.0000000000
125810  -15.071  -106.566  -10.873 0.0000000000
125811  -15.229  -106.730  -11.458 0.0000000000
125812  -15.731  -106.687  -11.463 0.0000000000
125813  -16.230  -106.625  -11.472 0.0000000000
125814  -16.723  -106.542  -11.483 0.0000000000
125815  -19.879  -104.219  -7.036 0.0000000000
125816  -19.604  -104.568  -7.695 0.0000000000
125817  -20.053  -104.358  -7.688 0.0000000000
125818  -20.213  -104.481  -8.344 0.0000000000
125819  -20.360  -104.589  -9.002 0.0000000000
125820  -21.063  -103.977  -8.346 0.0000000000
125821  -20.786  -104.337  -9.006 0.0000000000
125822  -20.494  -104.680  -9.661 0.0000000000
125823  -20.615  -104.755  -10.322 0.0000000000
125837  -22.648  -97.570  3.061 0.0000000000
125838  -22.982  -97.227  3.057 0.0000000000
125839  -23.195  -97.378  2.390 0.0000000000
125840  -23.401  -97.517  1.719 0.0000000000
125841  -23.799  -96.614  2.352 0.0000000000
125842  -23.702  -97.132  1.700 0.0000000000
125843  -23.598  -97.645  1.044 0.0000000000
125844  -23.786  -97.762  0.366 0.0000000000
125845  -23.966  -97.868  -0.314 0.0000000000
125846  -24.137  -97.963  -0.997 0.0000000000
125847  -25.858  -94.648  -2.690 0.0000000000
125848  -25.707  -95.186  -2.630 0.0000000000
125849  -25.801  -95.190  -3.323 0.0000000000
126355  -12.771  -104.007  -5.117 0.0000000000
126356  -13.607  -104.389  -5.621 0.0000000000
126357  -13.046  -104.334  -5.688 0.0000000000
126358  -12.479  -104.261  -5.756 0.0000000000
126359  -12.182  -104.502  -6.391 0.0000000000
126360  -11.881  -104.729  -7.020 0.0000000000
126361  -11.577  -104.942  -7.643 0.0000000000
126362  -11.270  -105.140  -8.260 0.0000000000
126363  -11.837  -105.246  -8.195 0.0000000000
126364  -12.089  -105.533  -8.746 0.0000000000
126365  -12.332  -105.804  -9.296 0.0000000000
126366  -13.200  -105.671  -8.642 0.0000000000
126367  -12.883  -105.872  -9.248 0.0000000000
126368  -12.563  -106.058  -9.844 0.0000000000
126369  -12.782  -106.294  -10.391 0.0000000000
126370  -12.987  -106.514  -10.936 0.0000000000
129163  -4.427  -105.366  -20.454 0.0000000000
129165  -6.585  -106.317  -17.796 0.0000000000
129166  -6.358  -106.258  -18.358 0.0000000000
129167  -6.133  -106.183  -18.925 0.0000000000
129168  -7.110  -106.596  -19.067 0.0000000000
129169  -6.513  -106.355  -19.286 0.0000000000
129170  -5.907  -106.091  -19.495 0.0000000000
129171  -5.680  -105.982  -20.067 0.0000000000
135194  -15.744  -104.969  -6.627 0.0000000000
135195  -15.972  -105.210  -7.225 0.0000000000
135196  -16.269  -104.928  -6.584 0.0000000000
135197  -16.785  -104.866  -6.545 0.0000000000
135198  -17.293  -104.785  -6.509 0.0000000000
135199  -17.344  -104.238  -5.239 0.0000000000
135200  -17.573  -104.468  -5.857 0.0000000000
135201  -17.791  -104.683  -6.478 0.0000000000
135202  -18.281  -104.560  -6.450 0.0000000000
135203  -18.762  -104.416  -6.426 0.0000000000
135204  -19.233  -104.251  -6.405 0.0000000000
135205  -18.346  -102.811  -2.575 0.0000000000
135206  -18.596  -103.057  -3.200 0.0000000000
135207  -18.836  -103.288  -3.828 0.0000000000
135208  -19.537  -102.732  -3.117 0.0000000000
135209  -19.307  -103.125  -3.790 0.0000000000
135210  -19.066  -103.505  -4.461 0.0000000000
135211  -19.286  -103.706  -5.099 0.0000000000
135212  -19.496  -103.893  -5.740 0.0000000000
135213  -19.693  -104.064  -6.386 0.0000000000
135214  -20.142  -103.855  -6.371 0.0000000000
135215  -20.578  -103.624  -6.359 0.0000000000
135216  -21.002  -103.373  -6.350 0.0000000000
135217  -21.053  -102.834  -5.017 0.0000000000
135218  -21.238  -102.975  -5.679 0.0000000000
135219  -21.412  -103.101  -6.344 0.0000000000
135220  -21.809  -102.808  -6.340 0.0000000000
135221  -22.192  -102.494  -6.340 0.0000000000
135222  -22.560  -102.160  -6.343 0.0000000000
135223  -24.936  -93.801  3.451 0.0000000000
135224  -24.879  -94.346  2.826 0.0000000000
135225  -25.085  -93.870  2.767 0.0000000000
135226  -25.227  -93.930  2.081 0.0000000000
135227  -25.360  -93.981  1.393 0.0000000000
135228  -25.571  -92.919  1.940 0.0000000000
135229  -25.532  -93.472  1.325 0.0000000000
135230  -25.486  -94.023  0.704 0.0000000000
135231  -25.604  -94.056  0.014 0.0000000000
135232  -25.713  -94.080  -0.678 0.0000000000
135233  -25.815  -94.095  -1.369 0.0000000000
135239  -26.015  -92.441  -0.213 0.0000000000
135240  -25.986  -92.997  -0.823 0.0000000000
135241  -25.951  -93.551  -1.439 0.0000000000
135242  -25.908  -94.101  -2.062 0.0000000000
135243  -25.993  -94.098  -2.755 0.0000000000
135699  -14.172  -103.202  -3.088 0.0000000000
135700  -14.454  -103.534  -3.674 0.0000000000
135701  -14.729  -103.851  -4.261 0.0000000000
135702  -15.541  -103.535  -3.536 0.0000000000
135703  -15.273  -103.851  -4.195 0.0000000000
135704  -14.997  -104.154  -4.849 0.0000000000
135705  -15.256  -104.441  -5.439 0.0000000000
135706  -15.505  -104.713  -6.032 0.0000000000
141906  -23.493  -95.833  4.345 0.0000000000
141908  -23.582  -95.311  4.988 0.0000000000
141909  -23.782  -95.445  4.317 0.0000000000
141910  -24.056  -95.039  4.282 0.0000000000
141911  -24.313  -94.616  4.239 0.0000000000
141912  -24.554  -94.178  4.190 0.0000000000
141939  -24.778  -93.723  4.133 0.0000000000
156550  -10.559  -107.376  -15.292 0.0000000000
156551  -10.610  -107.448  -15.653 0.0000000000
156552  -10.927  -107.450  -15.329 0.0000000000
156553  -11.320  -107.517  -15.391 0.0000000000
156554  -11.733  -107.573  -15.466 0.0000000000
156555  -12.043  -107.445  -14.560 0.0000000000
156556  -12.117  -107.541  -15.049 0.0000000000
156557  -12.162  -107.617  -15.546 0.0000000000
156558  -12.604  -107.645  -15.630 0.0000000000
156561  -13.500  -107.062  -12.570 0.0000000000
156562  -13.632  -107.206  -13.116 0.0000000000
156563  -13.742  -107.331  -13.663 0.0000000000
156564  -14.617  -107.194  -13.163 0.0000000000
156565  -14.228  -107.325  -13.698 0.0000000000
156566  -13.832  -107.436  -14.213 0.0000000000
156567  -13.900  -107.521  -14.767 0.0000000000
156579  -16.188  -105.435  -7.826 0.0000000000
156580  -16.391  -105.645  -8.431 0.0000000000
156581  -16.583  -105.838  -9.038 0.0000000000
156582  -17.400  -105.480  -8.391 0.0000000000
156583  -17.085  -105.755  -9.024 0.0000000000
156584  -16.761  -106.014  -9.649 0.0000000000
156585  -16.926  -106.173  -10.262 0.0000000000
156586  -17.076  -106.315  -10.878 0.0000000000
156587  -17.211  -106.439  -11.497 0.0000000000
156588  -19.316  -104.900  -8.349 0.0000000000
156589  -19.016  -105.217  -8.997 0.0000000000
156590  -18.704  -105.517  -9.638 0.0000000000
156591  -19.305  -105.446  -10.288 0.0000000000
156592  -18.847  -105.634  -10.279 0.0000000000
156593  -18.379  -105.800  -10.271 0.0000000000
156594  -18.042  -106.067  -10.896 0.0000000000
156595  -17.693  -106.315  -11.512 0.0000000000
156596  -17.331  -106.544  -12.118 0.0000000000
156638  -20.701  -100.152  0.964 0.0000000000
156639  -20.949  -100.369  0.316 0.0000000000
156640  -21.188  -100.573  -0.334 0.0000000000
156641  -21.419  -100.764  -0.989 0.0000000000
156642  -22.528  -98.069  2.397 0.0000000000
156643  -22.401  -98.564  1.729 0.0000000000
156644  -22.266  -99.054  1.058 0.0000000000
156645  -22.835  -98.883  0.398 0.0000000000
156646  -22.487  -99.220  0.395 0.0000000000
156647  -22.123  -99.537  0.385 0.0000000000
156648  -21.971  -100.013  -0.291 0.0000000000
156649  -21.811  -100.482  -0.969 0.0000000000
156650  -21.641  -100.941  -1.648 0.0000000000
156651  -21.854  -101.106  -2.310 0.0000000000
156652  -22.058  -101.257  -2.977 0.0000000000
156653  -22.251  -101.395  -3.647 0.0000000000
156654  -22.787  -100.601  -2.968 0.0000000000
156655  -22.616  -101.065  -3.644 0.0000000000
156656  -22.434  -101.519  -4.319 0.0000000000
156657  -22.605  -101.629  -4.994 0.0000000000
156658  -22.765  -101.725  -5.670 0.0000000000
156659  -22.914  -101.806  -6.349 0.0000000000
156660  -24.816  -94.887  2.197 0.0000000000
156661  -24.747  -95.424  1.562 0.0000000000
156662  -24.672  -95.957  0.922 0.0000000000
156663  -25.044  -95.558  0.189 0.0000000000
156664  -24.825  -96.030  0.236 0.0000000000
156665  -24.590  -96.487  0.278 0.0000000000
156666  -24.501  -97.012  -0.371 0.0000000000
156667  -24.405  -97.532  -1.025 0.0000000000
156668  -24.300  -98.047  -1.682 0.0000000000
156669  -25.539  -95.711  -2.574 0.0000000000
156670  -25.355  -96.222  -2.523 0.0000000000
156671  -25.154  -96.719  -2.477 0.0000000000
156672  -25.183  -97.273  -3.819 0.0000000000
156673  -25.065  -97.243  -3.127 0.0000000000
156674  -24.937  -97.201  -2.436 0.0000000000
156675  -24.703  -97.669  -2.400 0.0000000000
156676  -24.452  -98.121  -2.369 0.0000000000
156677  -24.185  -98.557  -2.344 0.0000000000
156678  -24.059  -99.059  -3.008 0.0000000000
156679  -23.923  -99.553  -3.675 0.0000000000
156680  -23.774  -100.039  -4.345 0.0000000000
156681  -24.206  -99.678  -5.048 0.0000000000
156682  -23.918  -100.105  -5.029 0.0000000000
156683  -23.614  -100.514  -5.015 0.0000000000
156684  -23.440  -100.979  -5.686 0.0000000000
156685  -23.252  -101.433  -6.358 0.0000000000
156686  -23.050  -101.874  -7.029 0.0000000000
157990  -8.875  -105.856  -11.869 0.0000000000
157991  -10.961  -105.324  -8.869 0.0000000000
157992  -10.651  -105.493  -9.471 0.0000000000
157993  -10.342  -105.647  -10.064 0.0000000000
157994  -11.148  -106.042  -10.527 0.0000000000
157995  -10.594  -105.923  -10.585 0.0000000000
157996  -10.035  -105.787  -10.649 0.0000000000
157997  -9.731  -105.912  -11.225 0.0000000000
157998  -9.431  -106.023  -11.793 0.0000000000
157999  -9.137  -106.119  -12.352 0.0000000000
158000  -9.389  -106.364  -12.823 0.0000000000
158001  -9.631  -106.590  -13.281 0.0000000000
158002  -9.859  -106.795  -13.724 0.0000000000
158003  -10.655  -106.841  -13.164 0.0000000000
158004  -10.356  -106.917  -13.665 0.0000000000
158005  -10.073  -106.978  -14.149 0.0000000000
158006  -10.266  -107.138  -14.554 0.0000000000
158007  -10.434  -107.272  -14.936 0.0000000000
158008  -10.194  -107.297  -15.320 0.0000000000
158721  -6.139  -105.932  -16.450 0.0000000000
158728  -6.074  -105.704  -15.464 0.0000000000
158729  -6.394  -105.950  -15.889 0.0000000000
158730  -6.717  -106.179  -16.297 0.0000000000
158731  -7.281  -106.405  -16.143 0.0000000000
158732  -7.830  -106.610  -15.988 0.0000000000
158733  -8.361  -106.792  -15.834 0.0000000000
158734  -8.309  -106.581  -14.937 0.0000000000
158735  -8.589  -106.776  -15.324 0.0000000000
158736  -8.868  -106.952  -15.684 0.0000000000
158737  -9.349  -107.089  -15.542 0.0000000000
158738  -9.793  -107.204  -15.416 0.0000000000
161656  -10.590  -107.495  -16.057 0.0000000000
161657  -10.536  -107.525  -16.504 0.0000000000
161658  -10.462  -107.539  -16.983 0.0000000000
161659  -11.307  -107.654  -16.822 0.0000000000
161660  -10.849  -107.608  -17.166 0.0000000000
161661  -10.372  -107.538  -17.487 0.0000000000
161662  -10.268  -107.519  -18.010 0.0000000000
161663  -10.152  -107.484  -18.547 0.0000000000
161664  -10.025  -107.432  -19.097 0.0000000000
161671  -10.995  -107.577  -18.967 0.0000000000
161673  -9.887  -107.363  -19.655 0.0000000000
