#!ascii label  , from subject fsaverage vox2ras=TkReg
1040
31  -24.339  -80.276  -18.194 0.0000000000
338  -25.461  -91.905  -17.984 0.0000000000
339  -20.641  -96.674  -27.367 0.0000000000
340  -22.343  -85.896  -26.582 0.0000000000
438  -21.299  -73.219  -25.907 0.0000000000
616  -15.325  -103.886  -26.860 0.0000000000
818  -25.196  -86.227  -18.039 0.0000000000
819  -24.181  -89.420  -22.559 0.0000000000
820  -23.829  -83.451  -22.336 0.0000000000
1761  -22.274  -99.623  -22.870 0.0000000000
1762  -23.713  -94.877  -22.787 0.0000000000
1763  -21.961  -91.627  -27.040 0.0000000000
1980  -23.021  -77.227  -22.229 0.0000000000
2485  -18.385  -100.818  -27.356 0.0000000000
2491  -22.049  -79.672  -26.159 0.0000000000
2738  -24.816  -83.270  -18.098 0.0000000000
2739  -24.564  -84.955  -20.253 0.0000000000
2740  -24.179  -81.929  -20.235 0.0000000000
3894  -24.356  -96.102  -20.432 0.0000000000
3895  -24.743  -93.515  -20.394 0.0000000000
3896  -23.330  -87.796  -24.639 0.0000000000
3897  -23.236  -90.672  -24.820 0.0000000000
3898  -22.258  -88.838  -26.815 0.0000000000
3899  -20.861  -89.580  -28.938 0.0000000000
3900  -21.144  -86.728  -28.667 0.0000000000
5561  -16.073  -105.084  -24.514 0.0000000000
5563  -13.570  -104.957  -26.401 0.0000000000
5565  -12.704  -103.568  -28.664 0.0000000000
5566  -21.539  -98.287  -25.197 0.0000000000
5567  -20.488  -100.393  -25.180 0.0000000000
5568  -19.624  -98.866  -27.414 0.0000000000
5570  -14.955  -98.939  -31.400 0.0000000000
5581  -22.219  -75.347  -24.109 0.0000000000
5582  -22.652  -78.540  -24.179 0.0000000000
5583  -21.720  -76.462  -26.006 0.0000000000
6080  -25.425  -89.119  -18.003 0.0000000000
6081  -24.891  -90.781  -20.337 0.0000000000
6082  -24.819  -87.922  -20.289 0.0000000000
6083  -24.087  -86.482  -22.443 0.0000000000
6084  -23.233  -84.789  -24.460 0.0000000000
7083  -17.724  -103.815  -24.851 0.0000000000
7084  -19.593  -94.767  -29.377 0.0000000000
7085  -18.612  -97.049  -29.491 0.0000000000
7948  -23.723  -98.507  -20.436 0.0000000000
7949  -23.116  -97.355  -22.857 0.0000000000
7950  -22.351  -95.944  -25.126 0.0000000000
7951  -24.064  -92.225  -22.679 0.0000000000
7952  -22.915  -93.394  -24.991 0.0000000000
7953  -21.424  -94.250  -27.234 0.0000000000
7954  -20.346  -92.267  -29.184 0.0000000000
8525  -23.814  -77.248  -18.336 0.0000000000
8526  -23.719  -78.865  -20.262 0.0000000000
8527  -23.207  -75.771  -20.339 0.0000000000
8528  -22.516  -74.070  -22.256 0.0000000000
8529  -21.721  -72.132  -24.097 0.0000000000
10009  -21.187  -101.641  -22.805 0.0000000000
10010  -19.207  -102.243  -25.066 0.0000000000
10011  -16.941  -102.498  -27.175 0.0000000000
10012  -17.415  -99.092  -29.495 0.0000000000
10013  -16.012  -100.875  -29.367 0.0000000000
10014  -14.433  -102.372  -29.096 0.0000000000
10015  -11.722  -101.849  -30.808 0.0000000000
10027  -23.463  -80.358  -22.257 0.0000000000
10028  -22.994  -81.694  -24.300 0.0000000000
10029  -22.260  -82.825  -26.354 0.0000000000
10418  -24.586  -81.777  -18.140 0.0000000000
10419  -24.508  -82.627  -19.182 0.0000000000
10420  -24.280  -81.117  -19.205 0.0000000000
11574  -25.026  -94.073  -19.199 0.0000000000
11575  -25.139  -92.737  -19.189 0.0000000000
11576  -22.852  -86.881  -25.627 0.0000000000
11577  -22.834  -88.354  -25.732 0.0000000000
11578  -22.325  -87.386  -26.699 0.0000000000
11579  -21.717  -87.817  -27.759 0.0000000000
11580  -21.783  -86.348  -27.631 0.0000000000
13241  -15.718  -104.523  -25.699 0.0000000000
13242  -14.849  -105.068  -25.484 0.0000000000
13243  -14.462  -104.462  -26.648 0.0000000000
13244  -13.153  -104.303  -27.545 0.0000000000
13245  -14.040  -103.777  -27.789 0.0000000000
13246  -21.109  -97.516  -26.302 0.0000000000
13247  -20.621  -98.620  -26.321 0.0000000000
13248  -20.160  -97.799  -27.402 0.0000000000
13261  -21.773  -74.313  -25.018 0.0000000000
13262  -21.998  -75.926  -25.053 0.0000000000
13263  -21.519  -74.842  -25.949 0.0000000000
13973  -25.332  -87.686  -18.018 0.0000000000
13974  -25.137  -88.550  -19.161 0.0000000000
13975  -25.036  -87.096  -19.160 0.0000000000
13976  -24.209  -84.233  -21.311 0.0000000000
13977  -24.357  -85.742  -21.346 0.0000000000
13978  -23.975  -84.976  -22.387 0.0000000000
13979  -23.675  -85.669  -23.467 0.0000000000
13980  -23.566  -84.146  -23.396 0.0000000000
15645  -18.831  -103.645  -23.775 0.0000000000
15646  -19.022  -93.705  -30.322 0.0000000000
15647  -18.567  -94.895  -30.406 0.0000000000
17441  -24.054  -95.521  -21.628 0.0000000000
17442  -23.778  -96.766  -21.651 0.0000000000
17443  -23.446  -96.140  -22.828 0.0000000000
17444  -22.753  -96.683  -24.012 0.0000000000
17445  -23.074  -95.450  -23.966 0.0000000000
17446  -24.554  -90.133  -21.465 0.0000000000
17447  -24.517  -91.534  -21.509 0.0000000000
17448  -24.151  -90.841  -22.619 0.0000000000
17449  -22.640  -91.188  -25.937 0.0000000000
17450  -23.105  -92.053  -24.908 0.0000000000
17451  -22.458  -92.547  -26.035 0.0000000000
17452  -22.214  -93.863  -26.123 0.0000000000
17453  -21.723  -92.962  -27.142 0.0000000000
17454  -20.902  -93.294  -28.228 0.0000000000
17455  -21.195  -91.988  -28.122 0.0000000000
18789  -23.520  -76.536  -19.349 0.0000000000
18790  -23.246  -74.996  -19.415 0.0000000000
18792  -22.602  -73.377  -21.347 0.0000000000
18793  -22.245  -72.481  -22.285 0.0000000000
18794  -22.131  -73.130  -23.186 0.0000000000
18795  -21.864  -71.528  -23.205 0.0000000000
22444  -13.035  -105.910  -24.946 0.0000000000
22456  -22.580  -100.190  -21.650 0.0000000000
22457  -22.058  -101.210  -21.620 0.0000000000
22458  -21.761  -100.665  -22.848 0.0000000000
22459  -19.473  -100.649  -26.285 0.0000000000
22460  -19.875  -101.351  -25.135 0.0000000000
22461  -18.815  -101.567  -26.226 0.0000000000
22462  -18.107  -102.416  -26.141 0.0000000000
22463  -17.686  -101.693  -27.280 0.0000000000
22464  -17.495  -97.102  -30.500 0.0000000000
22465  -18.040  -98.101  -29.508 0.0000000000
22466  -16.880  -98.115  -30.503 0.0000000000
22467  -14.206  -99.775  -31.311 0.0000000000
22468  -15.499  -99.946  -30.405 0.0000000000
22469  -14.739  -100.756  -30.301 0.0000000000
22470  -15.243  -101.659  -29.250 0.0000000000
22471  -13.938  -101.495  -30.160 0.0000000000
22472  -13.099  -102.161  -29.979 0.0000000000
22473  -12.585  -101.231  -31.019 0.0000000000
22501  -23.381  -78.075  -21.258 0.0000000000
22502  -23.614  -79.628  -21.252 0.0000000000
22503  -23.251  -78.796  -22.237 0.0000000000
22504  -22.382  -79.131  -25.168 0.0000000000
22505  -22.835  -80.123  -24.234 0.0000000000
22506  -22.536  -80.716  -25.243 0.0000000000
22507  -22.663  -82.287  -25.328 0.0000000000
22508  -22.169  -81.257  -26.251 0.0000000000
23360  -25.022  -84.753  -18.065 0.0000000000
23361  -24.894  -85.619  -19.162 0.0000000000
23362  -24.716  -84.129  -19.169 0.0000000000
23363  -24.385  -83.448  -20.241 0.0000000000
23364  -24.031  -82.710  -21.281 0.0000000000
25440  -24.619  -96.624  -19.203 0.0000000000
25441  -24.853  -95.370  -19.204 0.0000000000
25442  -24.580  -94.830  -20.417 0.0000000000
25443  -24.269  -94.231  -21.595 0.0000000000
25444  -23.773  -88.641  -23.617 0.0000000000
25445  -23.749  -90.081  -23.693 0.0000000000
25446  -23.309  -89.252  -24.730 0.0000000000
25447  -22.765  -89.790  -25.835 0.0000000000
25448  -22.138  -90.252  -26.929 0.0000000000
25449  -21.427  -90.637  -28.007 0.0000000000
25450  -21.600  -89.247  -27.884 0.0000000000
25451  -21.030  -88.174  -28.804 0.0000000000
28444  -13.952  -105.531  -25.234 0.0000000000
28445  -12.656  -105.368  -26.115 0.0000000000
28449  -11.327  -103.257  -29.482 0.0000000000
28450  -21.928  -98.989  -24.053 0.0000000000
28451  -21.423  -100.052  -24.043 0.0000000000
28452  -21.043  -99.371  -25.201 0.0000000000
28453  -20.076  -99.665  -26.316 0.0000000000
28454  -19.031  -99.873  -27.400 0.0000000000
28477  -22.635  -76.319  -23.179 0.0000000000
28478  -22.862  -77.903  -23.198 0.0000000000
28479  -22.446  -76.947  -24.136 0.0000000000
28480  -22.202  -77.534  -25.104 0.0000000000
28481  -21.898  -78.074  -26.077 0.0000000000
29546  -25.470  -90.525  -17.992 0.0000000000
29547  -25.194  -91.370  -19.177 0.0000000000
29548  -25.192  -89.974  -19.167 0.0000000000
29549  -24.880  -89.367  -20.311 0.0000000000
29550  -24.536  -88.698  -21.423 0.0000000000
29551  -24.711  -86.448  -20.270 0.0000000000
29552  -24.469  -87.233  -21.384 0.0000000000
29553  -24.158  -87.965  -22.501 0.0000000000
29554  -23.747  -87.169  -23.542 0.0000000000
29555  -23.302  -86.306  -24.548 0.0000000000
29556  -22.826  -85.375  -25.523 0.0000000000
31886  -16.918  -104.489  -24.698 0.0000000000
31887  -16.555  -103.897  -25.880 0.0000000000
31888  -20.135  -95.757  -28.392 0.0000000000
31889  -19.663  -96.906  -28.444 0.0000000000
31890  -19.130  -95.937  -29.446 0.0000000000
31891  -18.058  -96.028  -30.466 0.0000000000
34188  -23.040  -99.106  -21.664 0.0000000000
34189  -24.070  -97.330  -20.439 0.0000000000
34190  -23.439  -97.963  -21.663 0.0000000000
34191  -22.726  -98.518  -22.872 0.0000000000
34192  -22.371  -97.864  -24.042 0.0000000000
34193  -21.975  -97.144  -25.171 0.0000000000
34194  -21.539  -96.353  -26.260 0.0000000000
34195  -24.846  -92.164  -20.366 0.0000000000
34196  -24.422  -92.901  -21.554 0.0000000000
34197  -23.918  -93.571  -22.736 0.0000000000
34198  -23.669  -91.484  -23.768 0.0000000000
34199  -23.530  -92.847  -23.841 0.0000000000
34200  -23.333  -94.169  -23.908 0.0000000000
34201  -22.664  -94.692  -25.064 0.0000000000
34202  -21.908  -95.134  -26.200 0.0000000000
34203  -21.063  -95.490  -27.310 0.0000000000
34204  -20.548  -94.552  -28.319 0.0000000000
34205  -19.999  -93.542  -29.289 0.0000000000
34206  -19.420  -92.463  -30.220 0.0000000000
34207  -20.634  -90.945  -29.066 0.0000000000
35843  -24.081  -78.766  -18.260 0.0000000000
35844  -24.037  -79.598  -19.241 0.0000000000
35845  -23.783  -78.071  -19.291 0.0000000000
35846  -23.469  -77.321  -20.296 0.0000000000
35847  -23.134  -76.516  -21.277 0.0000000000
35848  -22.935  -74.215  -20.390 0.0000000000
35849  -22.874  -74.950  -21.307 0.0000000000
35850  -22.775  -75.652  -22.236 0.0000000000
35851  -22.390  -74.728  -23.176 0.0000000000
35852  -21.976  -73.742  -24.097 0.0000000000
35853  -21.534  -72.696  -24.998 0.0000000000
35861  -21.285  -71.075  -24.990 0.0000000000
38606  -25.470  -86.782  -16.885 0.0000000000
38609  -25.303  -85.326  -16.929 0.0000000000
38610  -25.102  -83.859  -16.982 0.0000000000
38611  -24.873  -82.384  -17.045 0.0000000000
38612  -24.624  -80.901  -17.118 0.0000000000
38693  -24.363  -79.409  -17.202 0.0000000000
40264  -20.858  -101.050  -24.009 0.0000000000
40265  -20.235  -101.984  -23.954 0.0000000000
40266  -19.558  -102.850  -23.876 0.0000000000
40267  -18.489  -103.065  -24.972 0.0000000000
40268  -17.352  -103.194  -26.027 0.0000000000
40269  -16.154  -103.230  -27.036 0.0000000000
40270  -19.135  -97.995  -28.473 0.0000000000
40271  -18.553  -99.025  -28.474 0.0000000000
40272  -17.917  -99.993  -28.446 0.0000000000
40273  -16.214  -99.064  -30.472 0.0000000000
40274  -16.738  -100.018  -29.449 0.0000000000
40275  -17.229  -100.895  -28.385 0.0000000000
40276  -16.494  -101.725  -28.290 0.0000000000
40277  -15.715  -102.484  -28.161 0.0000000000
40278  -14.896  -103.170  -27.994 0.0000000000
40279  -13.584  -103.011  -28.901 0.0000000000
40280  -12.225  -102.750  -29.754 0.0000000000
40281  -10.830  -102.387  -30.548 0.0000000000
40315  -23.956  -80.401  -20.242 0.0000000000
40316  -23.832  -81.174  -21.259 0.0000000000
40317  -23.657  -81.911  -22.291 0.0000000000
40318  -23.071  -79.481  -23.231 0.0000000000
40319  -23.259  -81.049  -23.275 0.0000000000
40320  -23.425  -82.605  -23.331 0.0000000000
40321  -23.128  -83.250  -24.376 0.0000000000
40322  -22.761  -83.841  -25.422 0.0000000000
40323  -22.319  -84.374  -26.465 0.0000000000
40330  -21.731  -81.742  -27.255 0.0000000000
40332  -21.802  -84.842  -27.501 0.0000000000
41138  -24.464  -81.028  -18.165 0.0000000000
41139  -24.435  -81.454  -18.676 0.0000000000
41140  -24.314  -80.700  -18.697 0.0000000000
42294  -25.272  -93.004  -18.588 0.0000000000
42295  -25.309  -92.328  -18.586 0.0000000000
42296  -22.601  -86.397  -26.109 0.0000000000
42297  -22.598  -87.143  -26.164 0.0000000000
42298  -22.339  -86.645  -26.640 0.0000000000
42299  -22.058  -86.876  -27.169 0.0000000000
42300  -22.072  -86.131  -27.108 0.0000000000
43961  -15.526  -104.214  -26.283 0.0000000000
43962  -15.097  -104.504  -26.180 0.0000000000
43963  -14.898  -104.184  -26.759 0.0000000000
43964  -14.255  -104.130  -27.222 0.0000000000
43965  -14.689  -103.844  -27.331 0.0000000000
43966  -20.880  -97.104  -26.839 0.0000000000
43967  -20.645  -97.669  -26.855 0.0000000000
43968  -20.408  -97.244  -27.387 0.0000000000
43981  -21.540  -73.773  -25.465 0.0000000000
43982  -21.653  -74.583  -25.483 0.0000000000
43983  -21.411  -74.031  -25.926 0.0000000000
44693  -25.269  -86.959  -18.028 0.0000000000
44694  -25.188  -87.398  -18.593 0.0000000000
44695  -25.123  -86.666  -18.598 0.0000000000
44696  -24.022  -83.850  -21.827 0.0000000000
44697  -24.100  -84.610  -21.849 0.0000000000
44698  -23.906  -84.215  -22.361 0.0000000000
44699  -23.774  -84.569  -22.896 0.0000000000
44700  -23.706  -83.805  -22.865 0.0000000000
46365  -19.358  -103.527  -23.221 0.0000000000
46367  -18.507  -93.754  -30.827 0.0000000000
48161  -23.888  -95.207  -22.213 0.0000000000
48162  -23.760  -95.840  -22.230 0.0000000000
48163  -23.587  -95.514  -22.809 0.0000000000
48164  -23.265  -95.803  -23.402 0.0000000000
48165  -23.404  -95.173  -23.379 0.0000000000
48166  -24.372  -89.785  -22.017 0.0000000000
48167  -24.362  -90.495  -22.042 0.0000000000
48168  -24.173  -90.135  -22.589 0.0000000000
48169  -22.311  -91.418  -26.491 0.0000000000
48170  -22.557  -91.873  -25.987 0.0000000000
48171  -22.214  -92.096  -26.542 0.0000000000
48172  -22.102  -92.764  -26.591 0.0000000000
48173  -21.850  -92.300  -27.092 0.0000000000
48174  -21.464  -92.483  -27.637 0.0000000000
48175  -21.589  -91.818  -27.584 0.0000000000
49512  -22.288  -72.144  -21.838 0.0000000000
49514  -22.058  -72.012  -22.747 0.0000000000
49515  -21.921  -71.212  -22.762 0.0000000000
53164  -12.386  -105.815  -25.374 0.0000000000
53176  -22.432  -99.915  -22.265 0.0000000000
53177  -22.181  -100.439  -22.254 0.0000000000
53178  -22.025  -100.152  -22.862 0.0000000000
53179  -18.938  -100.744  -26.825 0.0000000000
53180  -19.151  -101.116  -26.259 0.0000000000
53181  -18.605  -101.202  -26.795 0.0000000000
53182  -18.259  -101.642  -26.759 0.0000000000
53183  -18.041  -101.264  -27.322 0.0000000000
53184  -16.913  -97.095  -30.989 0.0000000000
53185  -17.194  -97.617  -30.505 0.0000000000
53186  -16.601  -97.599  -30.990 0.0000000000
53188  -14.476  -100.275  -30.811 0.0000000000
53189  -14.083  -100.660  -30.749 0.0000000000
53190  -14.343  -101.134  -30.235 0.0000000000
53191  -13.680  -101.027  -30.677 0.0000000000
53192  -13.267  -101.375  -30.596 0.0000000000
53193  -13.005  -100.895  -31.107 0.0000000000
53221  -23.204  -77.658  -21.746 0.0000000000
53222  -23.322  -78.440  -21.745 0.0000000000
53223  -23.138  -78.012  -22.231 0.0000000000
53224  -22.224  -79.408  -25.664 0.0000000000
53225  -22.463  -79.925  -25.204 0.0000000000
53226  -22.296  -80.203  -25.704 0.0000000000
53227  -22.362  -80.993  -25.747 0.0000000000
53228  -22.113  -80.466  -26.204 0.0000000000
54293  -24.923  -84.013  -18.080 0.0000000000
54294  -24.872  -84.448  -18.621 0.0000000000
54295  -24.772  -83.703  -18.631 0.0000000000
54296  -24.346  -82.285  -19.712 0.0000000000
54297  -24.453  -83.042  -19.709 0.0000000000
54298  -24.285  -82.690  -20.237 0.0000000000
54299  -24.211  -83.086  -20.764 0.0000000000
54300  -24.112  -82.324  -20.756 0.0000000000
57761  -24.889  -93.801  -19.801 0.0000000000
57762  -24.813  -94.459  -19.809 0.0000000000
57763  -24.669  -94.177  -20.407 0.0000000000
57764  -24.429  -94.538  -21.011 0.0000000000
57765  -24.516  -93.881  -20.996 0.0000000000
57766  -23.556  -88.227  -24.132 0.0000000000
57767  -23.551  -88.956  -24.174 0.0000000000
57768  -23.326  -88.529  -24.684 0.0000000000
57769  -22.556  -88.606  -26.275 0.0000000000
57770  -22.806  -89.077  -25.784 0.0000000000
57771  -22.516  -89.323  -26.329 0.0000000000
57772  -22.462  -90.031  -26.384 0.0000000000
57773  -22.205  -89.550  -26.872 0.0000000000
57774  -21.873  -89.758  -27.411 0.0000000000
57775  -21.939  -89.052  -27.351 0.0000000000
57776  -21.435  -87.281  -28.217 0.0000000000
57777  -21.384  -88.005  -28.283 0.0000000000
57778  -21.093  -87.456  -28.736 0.0000000000
57779  -20.732  -87.612  -29.250 0.0000000000
62764  -14.216  -105.024  -25.949 0.0000000000
62765  -14.403  -105.310  -25.364 0.0000000000
62766  -13.766  -105.253  -25.820 0.0000000000
62767  -13.310  -105.462  -25.682 0.0000000000
62768  -13.116  -105.173  -26.263 0.0000000000
62769  -12.454  -105.068  -26.692 0.0000000000
62771  -12.932  -103.946  -28.108 0.0000000000
62772  -12.482  -104.186  -27.973 0.0000000000
62773  -12.254  -103.816  -28.530 0.0000000000
62774  -11.566  -103.660  -28.938 0.0000000000
62775  -12.020  -103.425  -29.081 0.0000000000
62776  -21.739  -98.647  -24.630 0.0000000000
62777  -21.496  -99.191  -24.631 0.0000000000
62778  -21.299  -98.837  -25.202 0.0000000000
62779  -20.132  -98.754  -26.871 0.0000000000
62780  -20.356  -99.150  -26.322 0.0000000000
62781  -19.854  -99.274  -26.870 0.0000000000
62782  -19.563  -99.780  -26.862 0.0000000000
62783  -19.334  -99.377  -27.411 0.0000000000
62821  -22.431  -75.841  -23.647 0.0000000000
62822  -22.546  -76.638  -23.656 0.0000000000
62823  -22.335  -76.148  -24.121 0.0000000000
62824  -21.866  -76.199  -25.529 0.0000000000
62825  -22.103  -76.731  -25.077 0.0000000000
62826  -21.965  -77.006  -25.558 0.0000000000
62827  -22.058  -77.810  -25.590 0.0000000000
62828  -21.812  -77.269  -26.040 0.0000000000
64958  -25.454  -89.826  -17.997 0.0000000000
64959  -25.335  -90.256  -18.583 0.0000000000
64960  -25.316  -89.553  -18.584 0.0000000000
64961  -24.982  -88.243  -19.729 0.0000000000
64962  -25.017  -88.964  -19.735 0.0000000000
64963  -24.856  -88.648  -20.299 0.0000000000
64964  -24.713  -89.041  -20.871 0.0000000000
64965  -24.686  -88.316  -20.855 0.0000000000
64966  -24.733  -85.294  -19.712 0.0000000000
64967  -24.810  -86.039  -19.715 0.0000000000
64968  -24.642  -85.704  -20.261 0.0000000000
64969  -24.231  -86.118  -21.894 0.0000000000
64970  -24.418  -86.490  -21.365 0.0000000000
64971  -24.282  -86.865  -21.918 0.0000000000
64972  -24.322  -87.606  -21.942 0.0000000000
64973  -24.128  -87.227  -22.472 0.0000000000
64974  -23.957  -87.575  -23.026 0.0000000000
64975  -23.926  -86.833  -22.992 0.0000000000
64976  -23.458  -85.238  -23.967 0.0000000000
64977  -23.498  -85.995  -24.008 0.0000000000
64978  -23.272  -85.551  -24.504 0.0000000000
64979  -23.068  -85.849  -25.040 0.0000000000
64980  -23.039  -85.089  -24.992 0.0000000000
69971  -17.896  -104.099  -24.252 0.0000000000
69972  -17.495  -104.438  -24.178 0.0000000000
69973  -17.326  -104.162  -24.778 0.0000000000
69974  -16.741  -104.202  -25.293 0.0000000000
69975  -17.147  -103.868  -25.372 0.0000000000
69976  -19.868  -95.272  -28.890 0.0000000000
69977  -19.641  -95.858  -28.923 0.0000000000
69978  -19.369  -95.359  -29.414 0.0000000000
69979  -18.029  -94.925  -30.907 0.0000000000
69980  -18.319  -95.468  -30.439 0.0000000000
69981  -17.770  -95.490  -30.938 0.0000000000
69982  -17.497  -96.040  -30.962 0.0000000000
75359  -23.182  -99.376  -21.048 0.0000000000
75360  -23.392  -98.817  -21.052 0.0000000000
75361  -24.492  -96.371  -19.821 0.0000000000
75362  -24.355  -96.986  -19.822 0.0000000000
75363  -24.221  -96.722  -20.437 0.0000000000
75364  -23.457  -97.070  -22.256 0.0000000000
75365  -23.616  -97.371  -21.659 0.0000000000
75366  -23.283  -97.667  -22.265 0.0000000000
75367  -23.093  -98.251  -22.270 0.0000000000
75368  -22.929  -97.943  -22.866 0.0000000000
75369  -22.554  -98.200  -23.461 0.0000000000
75370  -22.754  -97.620  -23.452 0.0000000000
75371  -22.557  -96.322  -24.574 0.0000000000
75372  -22.375  -96.924  -24.595 0.0000000000
75373  -22.171  -96.551  -25.151 0.0000000000
75374  -21.762  -96.757  -25.721 0.0000000000
75375  -21.956  -96.159  -25.697 0.0000000000
75376  -25.047  -91.083  -19.761 0.0000000000
75377  -25.029  -91.774  -19.771 0.0000000000
75378  -24.876  -91.477  -20.352 0.0000000000
75379  -24.301  -91.888  -22.095 0.0000000000
75380  -24.477  -92.222  -21.532 0.0000000000
75381  -24.248  -92.571  -22.121 0.0000000000
75382  -24.181  -93.245  -22.146 0.0000000000
75383  -23.999  -92.903  -22.708 0.0000000000
75384  -23.502  -90.386  -24.258 0.0000000000
75385  -23.716  -90.787  -23.731 0.0000000000
75386  -23.457  -91.087  -24.299 0.0000000000
75387  -23.017  -92.729  -24.951 0.0000000000
75388  -23.322  -92.459  -24.380 0.0000000000
75389  -23.233  -93.130  -24.418 0.0000000000
75390  -23.439  -93.513  -23.876 0.0000000000
75391  -23.128  -93.790  -24.454 0.0000000000
75392  -23.009  -94.440  -24.489 0.0000000000
75393  -22.797  -94.048  -25.029 0.0000000000
75394  -21.830  -94.067  -26.681 0.0000000000
75395  -22.069  -94.505  -26.163 0.0000000000
75396  -21.671  -94.701  -26.722 0.0000000000
75397  -21.496  -95.323  -26.758 0.0000000000
75398  -21.251  -94.877  -27.274 0.0000000000
75399  -20.810  -95.030  -27.819 0.0000000000
75400  -20.997  -94.412  -27.779 0.0000000000
75401  -20.628  -92.789  -28.710 0.0000000000
75402  -20.460  -93.429  -28.761 0.0000000000
75403  -20.180  -92.911  -29.238 0.0000000000
75404  -19.713  -93.011  -29.759 0.0000000000
75405  -19.892  -92.375  -29.705 0.0000000000
75406  -21.148  -90.117  -28.477 0.0000000000
75407  -21.041  -90.801  -28.539 0.0000000000
75408  -20.755  -90.268  -29.003 0.0000000000
75410  -19.908  -90.509  -30.037 0.0000000000
79403  -23.949  -78.008  -18.297 0.0000000000
79404  -23.934  -78.425  -18.779 0.0000000000
79405  -23.803  -77.663  -18.811 0.0000000000
79406  -23.366  -76.160  -19.847 0.0000000000
79407  -23.498  -76.932  -19.821 0.0000000000
79408  -23.339  -76.547  -20.316 0.0000000000
79409  -23.304  -76.925  -20.789 0.0000000000
79410  -23.175  -76.147  -20.806 0.0000000000
79414  -22.564  -73.728  -21.800 0.0000000000
79415  -22.739  -74.164  -21.326 0.0000000000
79416  -22.698  -74.518  -21.784 0.0000000000
79417  -22.830  -75.305  -21.770 0.0000000000
79418  -22.647  -74.862  -22.245 0.0000000000
79419  -22.586  -75.198  -22.709 0.0000000000
79420  -22.458  -74.404  -22.715 0.0000000000
79421  -21.929  -72.638  -23.644 0.0000000000
79422  -22.059  -73.441  -23.640 0.0000000000
79423  -21.849  -72.938  -24.096 0.0000000000
79424  -21.758  -73.227  -24.550 0.0000000000
79425  -21.633  -72.419  -24.547 0.0000000000
79442  -21.530  -70.223  -23.667 0.0000000000
79445  -21.157  -70.261  -24.989 0.0000000000
79446  -21.057  -70.524  -25.429 0.0000000000
79447  -21.181  -71.338  -25.434 0.0000000000
86270  -25.539  -87.504  -16.865 0.0000000000
86278  -25.433  -85.593  -16.350 0.0000000000
86279  -25.338  -84.865  -16.381 0.0000000000
86280  -25.206  -84.593  -16.955 0.0000000000
86284  -24.886  -81.932  -16.527 0.0000000000
86285  -24.751  -81.644  -17.080 0.0000000000
86286  -24.760  -81.194  -16.569 0.0000000000
90411  -21.336  -101.911  -22.191 0.0000000000
90414  -20.966  -100.233  -24.616 0.0000000000
90415  -21.148  -100.559  -24.029 0.0000000000
90416  -20.678  -100.730  -24.599 0.0000000000
90417  -19.547  -101.805  -25.103 0.0000000000
90418  -20.060  -101.676  -24.548 0.0000000000
90419  -19.730  -102.124  -24.514 0.0000000000
90420  -19.903  -102.425  -23.918 0.0000000000
90421  -19.387  -102.555  -24.475 0.0000000000
90422  -19.032  -102.968  -24.429 0.0000000000
90423  -18.854  -102.663  -25.022 0.0000000000
90424  -17.532  -102.469  -26.663 0.0000000000
90425  -17.735  -102.814  -26.088 0.0000000000
90426  -17.152  -102.855  -26.605 0.0000000000
90427  -16.761  -103.224  -26.537 0.0000000000
90428  -16.553  -102.873  -27.110 0.0000000000
90429  -19.146  -96.988  -28.972 0.0000000000
90430  -19.406  -97.458  -28.462 0.0000000000
90431  -18.878  -97.531  -28.987 0.0000000000
90432  -17.734  -98.605  -29.506 0.0000000000
90433  -18.301  -98.573  -28.996 0.0000000000
90434  -17.992  -99.070  -28.990 0.0000000000
90435  -18.242  -99.517  -28.464 0.0000000000
90436  -17.670  -99.552  -28.976 0.0000000000
90438  -15.941  -98.559  -30.967 0.0000000000
90439  -15.592  -99.014  -30.942 0.0000000000
90440  -15.760  -100.420  -29.891 0.0000000000
90441  -16.126  -99.994  -29.933 0.0000000000
90442  -16.381  -100.455  -29.412 0.0000000000
90443  -16.988  -100.466  -28.922 0.0000000000
90444  -16.628  -100.897  -28.882 0.0000000000
90445  -16.867  -101.319  -28.342 0.0000000000
90446  -16.257  -101.310  -28.834 0.0000000000
90447  -14.843  -102.025  -29.178 0.0000000000
90448  -15.483  -102.081  -28.710 0.0000000000
90449  -15.081  -102.440  -28.635 0.0000000000
90450  -15.311  -102.836  -28.082 0.0000000000
90451  -14.669  -102.781  -28.550 0.0000000000
90452  -14.247  -103.103  -28.454 0.0000000000
90453  -14.013  -102.701  -29.004 0.0000000000
90454  -12.415  -102.018  -30.401 0.0000000000
90455  -12.666  -102.466  -29.872 0.0000000000
90456  -11.977  -102.310  -30.286 0.0000000000
90457  -11.532  -102.581  -30.158 0.0000000000
90458  -11.279  -102.128  -30.684 0.0000000000
90541  -23.880  -79.238  -19.755 0.0000000000
90542  -24.001  -80.003  -19.739 0.0000000000
90543  -23.839  -79.634  -20.250 0.0000000000
90544  -23.545  -79.998  -21.753 0.0000000000
90545  -23.725  -80.402  -21.254 0.0000000000
90546  -23.650  -80.774  -21.762 0.0000000000
90547  -23.751  -81.547  -21.774 0.0000000000
90548  -23.562  -81.136  -22.273 0.0000000000
90549  -22.764  -78.227  -23.687 0.0000000000
90550  -22.969  -78.693  -23.213 0.0000000000
90551  -22.865  -79.018  -23.708 0.0000000000
90552  -22.918  -80.910  -24.266 0.0000000000
90553  -23.050  -80.594  -23.758 0.0000000000
90554  -23.134  -81.378  -23.787 0.0000000000
90555  -23.345  -81.829  -23.302 0.0000000000
90556  -23.213  -82.158  -23.819 0.0000000000
90557  -23.285  -82.934  -23.853 0.0000000000
90558  -23.065  -82.474  -24.337 0.0000000000
90559  -22.470  -82.563  -25.841 0.0000000000
90560  -22.716  -83.066  -25.374 0.0000000000
90561  -22.514  -83.342  -25.892 0.0000000000
90562  -22.549  -84.115  -25.944 0.0000000000
90563  -22.293  -83.603  -26.409 0.0000000000
90580  -21.693  -80.953  -27.200 0.0000000000
90585  -21.797  -84.077  -27.437 0.0000000000
92480  -24.704  -82.524  -18.117 0.0000000000
92481  -24.665  -82.955  -18.644 0.0000000000
92482  -24.552  -82.205  -18.658 0.0000000000
92483  -24.396  -81.873  -19.192 0.0000000000
92484  -24.235  -81.527  -19.718 0.0000000000
94561  -25.220  -93.671  -18.589 0.0000000000
94562  -25.090  -93.409  -19.195 0.0000000000
94563  -24.951  -93.134  -19.792 0.0000000000
94564  -23.095  -87.347  -25.137 0.0000000000
94565  -23.092  -88.084  -25.186 0.0000000000
94566  -22.849  -87.622  -25.679 0.0000000000
94567  -22.583  -87.879  -26.220 0.0000000000
94568  -22.298  -88.117  -26.757 0.0000000000
94569  -21.992  -88.336  -27.291 0.0000000000
94570  -22.031  -87.611  -27.230 0.0000000000
94571  -21.756  -87.088  -27.695 0.0000000000
94572  -21.473  -86.547  -28.150 0.0000000000
97561  -15.901  -104.812  -25.110 0.0000000000
97562  -15.468  -105.087  -25.006 0.0000000000
97563  -15.287  -104.805  -25.596 0.0000000000
97564  -14.660  -104.775  -26.069 0.0000000000
97565  -14.019  -104.720  -26.529 0.0000000000
97566  -13.366  -104.640  -26.976 0.0000000000
97567  -13.814  -104.395  -27.103 0.0000000000
97568  -13.600  -104.051  -27.672 0.0000000000
97569  -13.378  -103.686  -28.233 0.0000000000
97570  -21.329  -97.910  -25.754 0.0000000000
97571  -21.090  -98.465  -25.763 0.0000000000
97572  -20.872  -98.075  -26.314 0.0000000000
97573  -20.395  -98.218  -26.866 0.0000000000
97574  -19.899  -98.340  -27.411 0.0000000000
97597  -22.000  -74.838  -24.566 0.0000000000
97598  -22.115  -75.642  -24.580 0.0000000000
97599  -21.888  -75.120  -25.034 0.0000000000
97600  -21.762  -75.392  -25.504 0.0000000000
97601  -21.622  -75.653  -25.975 0.0000000000
98879  -25.384  -88.406  -18.010 0.0000000000
98880  -25.285  -88.841  -18.586 0.0000000000
98881  -25.242  -88.123  -18.589 0.0000000000
98882  -25.092  -87.826  -19.160 0.0000000000
98883  -24.935  -87.514  -19.724 0.0000000000
98884  -24.390  -84.601  -20.786 0.0000000000
98885  -24.468  -85.354  -20.799 0.0000000000
98886  -24.287  -84.989  -21.328 0.0000000000
98887  -24.170  -85.366  -21.871 0.0000000000
98888  -24.036  -85.731  -22.415 0.0000000000
98889  -23.885  -86.084  -22.959 0.0000000000
98890  -23.834  -85.329  -22.927 0.0000000000
98891  -23.625  -84.910  -23.431 0.0000000000
98892  -23.408  -84.475  -23.928 0.0000000000
101888  -18.450  -104.014  -23.714 0.0000000000
101889  -18.286  -103.741  -24.318 0.0000000000
101890  -19.311  -94.245  -29.855 0.0000000000
101891  -19.089  -94.842  -29.896 0.0000000000
101892  -18.801  -94.307  -30.367 0.0000000000
105121  -24.210  -95.819  -21.035 0.0000000000
105122  -24.077  -96.443  -21.043 0.0000000000
105123  -23.924  -96.149  -21.641 0.0000000000
105124  -23.617  -96.461  -22.244 0.0000000000
105125  -23.289  -96.754  -22.844 0.0000000000
105126  -22.940  -97.027  -23.439 0.0000000000
105127  -23.110  -96.421  -23.422 0.0000000000
105128  -22.921  -96.073  -23.991 0.0000000000
105129  -22.723  -95.707  -24.549 0.0000000000
105130  -24.727  -90.465  -20.905 0.0000000000
105131  -24.714  -91.165  -20.923 0.0000000000
105132  -24.543  -90.838  -21.487 0.0000000000
105133  -24.339  -91.196  -22.069 0.0000000000
105134  -24.115  -91.538  -22.649 0.0000000000
105135  -22.948  -90.940  -25.380 0.0000000000
105136  -23.177  -91.368  -24.865 0.0000000000
105137  -22.878  -91.630  -25.428 0.0000000000
105138  -22.792  -92.310  -25.474 0.0000000000
105139  -22.691  -92.980  -25.518 0.0000000000
105140  -22.576  -93.639  -25.559 0.0000000000
105141  -22.344  -93.211  -26.080 0.0000000000
105142  -21.974  -93.422  -26.638 0.0000000000
105143  -21.582  -93.612  -27.190 0.0000000000
105144  -21.168  -93.781  -27.736 0.0000000000
105145  -21.323  -93.138  -27.688 0.0000000000
105146  -21.056  -92.647  -28.177 0.0000000000
105147  -20.780  -92.138  -28.656 0.0000000000
105149  -20.461  -89.718  -29.457 0.0000000000
107547  -23.669  -76.899  -18.846 0.0000000000
107548  -23.533  -76.133  -18.882 0.0000000000
107549  -23.384  -75.766  -19.381 0.0000000000
107550  -23.231  -75.387  -19.875 0.0000000000
107552  -22.632  -73.019  -20.896 0.0000000000
107553  -22.463  -72.589  -21.370 0.0000000000
107554  -22.427  -72.936  -21.818 0.0000000000
107555  -22.382  -73.276  -22.270 0.0000000000
107556  -22.327  -73.608  -22.723 0.0000000000
107557  -22.193  -72.810  -22.734 0.0000000000
107558  -21.998  -72.329  -23.195 0.0000000000
107559  -21.798  -71.834  -23.650 0.0000000000
114150  -22.326  -100.709  -21.637 0.0000000000
114151  -21.915  -100.946  -22.238 0.0000000000
114152  -21.481  -101.161  -22.829 0.0000000000
114153  -19.990  -100.531  -25.737 0.0000000000
114154  -20.188  -100.880  -25.161 0.0000000000
114155  -19.679  -101.009  -25.714 0.0000000000
114156  -19.354  -101.470  -25.685 0.0000000000
114157  -19.016  -101.914  -25.649 0.0000000000
114158  -18.666  -102.340  -25.608 0.0000000000
114159  -18.467  -102.000  -26.187 0.0000000000
114160  -17.901  -102.064  -26.715 0.0000000000
114161  -17.319  -102.104  -27.232 0.0000000000
114162  -18.062  -97.087  -30.000 0.0000000000
114163  -18.333  -97.583  -29.503 0.0000000000
114164  -17.771  -97.611  -30.009 0.0000000000
114165  -17.468  -98.120  -30.011 0.0000000000
114166  -17.152  -98.613  -30.004 0.0000000000
114168  -15.231  -99.452  -30.908 0.0000000000
114169  -14.859  -99.873  -30.864 0.0000000000
114170  -15.124  -100.360  -30.357 0.0000000000
114171  -15.382  -100.828  -29.840 0.0000000000
114172  -15.633  -101.276  -29.313 0.0000000000
114173  -14.995  -101.217  -29.780 0.0000000000
114174  -14.597  -101.589  -29.711 0.0000000000
114175  -14.189  -101.943  -29.633 0.0000000000
114176  -13.772  -102.279  -29.544 0.0000000000
114177  -13.523  -101.837  -30.075 0.0000000000
114178  -12.845  -101.706  -30.504 0.0000000000
114229  -23.553  -78.477  -20.763 0.0000000000
114230  -23.672  -79.250  -20.755 0.0000000000
114231  -23.500  -78.852  -21.253 0.0000000000
114232  -23.435  -79.219  -21.747 0.0000000000
114233  -23.359  -79.578  -22.245 0.0000000000
114234  -22.525  -78.842  -24.673 0.0000000000
114235  -22.746  -79.333  -24.205 0.0000000000
114236  -22.612  -79.635  -24.704 0.0000000000
114237  -22.694  -80.426  -24.738 0.0000000000
114238  -22.769  -81.213  -24.775 0.0000000000
114239  -22.837  -81.997  -24.814 0.0000000000
114240  -22.603  -81.503  -25.284 0.0000000000
114241  -22.420  -81.780  -25.793 0.0000000000
114242  -22.218  -82.043  -26.301 0.0000000000
115946  -25.114  -85.492  -18.051 0.0000000000
115947  -25.048  -85.930  -18.605 0.0000000000
115948  -24.965  -85.190  -18.612 0.0000000000
115949  -24.809  -84.875  -19.165 0.0000000000
115950  -24.647  -84.546  -19.710 0.0000000000
115951  -24.615  -83.379  -19.174 0.0000000000
115952  -24.553  -83.795  -19.709 0.0000000000
115953  -24.478  -84.203  -20.246 0.0000000000
115954  -24.304  -83.845  -20.775 0.0000000000
115955  -24.123  -83.473  -21.295 0.0000000000
115956  -23.938  -83.085  -21.807 0.0000000000
120800  -24.744  -96.002  -19.204 0.0000000000
120801  -24.615  -95.744  -19.819 0.0000000000
120802  -24.947  -94.726  -19.202 0.0000000000
120803  -24.721  -95.107  -19.815 0.0000000000
120804  -24.476  -95.471  -20.426 0.0000000000
120805  -24.327  -95.184  -21.024 0.0000000000
120806  -24.169  -94.881  -21.613 0.0000000000
120807  -24.001  -94.563  -22.193 0.0000000000
120808  -23.982  -89.039  -23.093 0.0000000000
120809  -23.975  -89.759  -23.127 0.0000000000
120810  -23.768  -89.366  -23.655 0.0000000000
120811  -23.534  -89.675  -24.216 0.0000000000
120812  -23.279  -89.967  -24.775 0.0000000000
120813  -23.076  -88.812  -25.235 0.0000000000
120814  -23.047  -89.531  -25.284 0.0000000000
120815  -23.005  -90.240  -25.332 0.0000000000
120816  -22.710  -90.494  -25.887 0.0000000000
120817  -22.394  -90.729  -26.438 0.0000000000
120818  -22.057  -90.945  -26.985 0.0000000000
120819  -21.698  -91.141  -27.528 0.0000000000
120820  -21.793  -90.454  -27.470 0.0000000000
120821  -21.521  -89.947  -27.946 0.0000000000
120822  -21.241  -89.423  -28.413 0.0000000000
120823  -21.666  -88.537  -27.822 0.0000000000
120824  -21.319  -88.719  -28.349 0.0000000000
120825  -20.952  -88.882  -28.872 0.0000000000
120826  -20.656  -88.324  -29.320 0.0000000000
127806  -15.028  -105.342  -24.894 0.0000000000
127809  -13.496  -105.731  -25.095 0.0000000000
127810  -12.850  -105.649  -25.533 0.0000000000
127811  -12.193  -105.542  -25.956 0.0000000000
127816  -12.701  -104.536  -27.409 0.0000000000
127820  -10.870  -103.479  -29.330 0.0000000000
127822  -22.106  -99.315  -23.466 0.0000000000
127823  -21.860  -99.849  -23.461 0.0000000000
127824  -21.683  -99.528  -24.051 0.0000000000
127825  -21.239  -99.720  -24.627 0.0000000000
127826  -20.773  -99.890  -25.194 0.0000000000
127827  -20.837  -99.004  -25.766 0.0000000000
127828  -20.570  -99.529  -25.762 0.0000000000
127829  -20.287  -100.038  -25.753 0.0000000000
127830  -19.782  -100.165  -26.304 0.0000000000
127831  -19.257  -100.270  -26.847 0.0000000000
127832  -18.715  -100.354  -27.382 0.0000000000
127834  -15.994  -97.557  -31.464 0.0000000000
127885  -22.831  -76.781  -22.707 0.0000000000
127886  -22.948  -77.570  -22.712 0.0000000000
127887  -22.751  -77.112  -23.187 0.0000000000
127888  -22.658  -77.433  -23.670 0.0000000000
127889  -22.551  -77.744  -24.156 0.0000000000
127890  -22.226  -76.445  -24.597 0.0000000000
127891  -22.331  -77.246  -24.619 0.0000000000
127892  -22.431  -78.045  -24.644 0.0000000000
127893  -22.295  -78.334  -25.135 0.0000000000
127894  -22.144  -78.611  -25.626 0.0000000000
127895  -21.977  -78.875  -26.117 0.0000000000
130664  -25.473  -91.219  -17.988 0.0000000000
130665  -25.332  -91.644  -18.585 0.0000000000
130666  -25.341  -90.954  -18.583 0.0000000000
130667  -25.200  -90.676  -19.171 0.0000000000
130668  -25.050  -90.384  -19.751 0.0000000000
130669  -25.171  -89.266  -19.164 0.0000000000
130670  -25.040  -89.678  -19.743 0.0000000000
130671  -24.893  -90.078  -20.324 0.0000000000
130672  -24.726  -89.757  -20.888 0.0000000000
130673  -24.552  -89.420  -21.444 0.0000000000
130674  -24.368  -89.066  -21.991 0.0000000000
130675  -24.970  -86.360  -19.161 0.0000000000
130676  -24.877  -86.779  -19.719 0.0000000000
130677  -24.770  -87.188  -20.279 0.0000000000
130678  -24.538  -86.103  -20.812 0.0000000000
130679  -24.598  -86.847  -20.826 0.0000000000
130680  -24.648  -87.585  -20.840 0.0000000000
130681  -24.508  -87.969  -21.403 0.0000000000
130682  -24.351  -88.340  -21.967 0.0000000000
130683  -24.176  -88.697  -22.530 0.0000000000
130684  -23.975  -88.311  -23.059 0.0000000000
130685  -23.766  -87.909  -23.579 0.0000000000
130686  -23.548  -87.490  -24.090 0.0000000000
130687  -23.716  -86.422  -23.504 0.0000000000
130688  -23.529  -86.746  -24.049 0.0000000000
130689  -23.322  -87.055  -24.593 0.0000000000
130690  -23.087  -86.602  -25.088 0.0000000000
130691  -22.844  -86.132  -25.575 0.0000000000
130692  -22.594  -85.644  -26.053 0.0000000000
137016  -16.500  -104.796  -24.610 0.0000000000
137017  -16.325  -104.517  -25.205 0.0000000000
137018  -16.141  -104.220  -25.794 0.0000000000
137019  -15.947  -103.904  -26.377 0.0000000000
137020  -20.392  -96.225  -27.884 0.0000000000
137021  -20.161  -96.801  -27.909 0.0000000000
137022  -19.906  -96.339  -28.421 0.0000000000
137023  -19.401  -96.431  -28.950 0.0000000000
137024  -18.878  -96.500  -29.471 0.0000000000
137025  -18.852  -95.425  -29.931 0.0000000000
137026  -18.602  -95.993  -29.961 0.0000000000
137027  -18.339  -96.548  -29.984 0.0000000000
137028  -17.783  -96.573  -30.487 0.0000000000
137029  -17.211  -96.575  -30.980 0.0000000000
137078  -21.161  -73.463  -26.363 0.0000000000
143627  -22.817  -99.656  -21.659 0.0000000000
143628  -22.668  -99.376  -22.271 0.0000000000
143630  -24.202  -97.589  -19.820 0.0000000000
143631  -23.904  -97.925  -20.438 0.0000000000
143632  -23.929  -97.056  -21.049 0.0000000000
143633  -23.765  -97.656  -21.053 0.0000000000
143634  -23.586  -98.243  -21.054 0.0000000000
143635  -23.247  -98.542  -21.665 0.0000000000
143636  -22.888  -98.820  -22.272 0.0000000000
143637  -22.508  -99.078  -22.873 0.0000000000
143638  -22.338  -98.765  -23.466 0.0000000000
143639  -22.157  -98.434  -24.050 0.0000000000
143640  -21.966  -98.087  -24.623 0.0000000000
143641  -22.570  -97.281  -24.029 0.0000000000
143642  -22.178  -97.513  -24.612 0.0000000000
143643  -21.764  -97.723  -25.187 0.0000000000
143644  -21.553  -97.341  -25.740 0.0000000000
143645  -21.332  -96.942  -26.284 0.0000000000
143646  -21.100  -96.524  -26.817 0.0000000000
143647  -25.174  -92.057  -19.183 0.0000000000
143648  -24.997  -92.458  -19.782 0.0000000000
143649  -24.802  -92.844  -20.381 0.0000000000
143650  -24.686  -91.857  -20.942 0.0000000000
143651  -24.644  -92.540  -20.961 0.0000000000
143652  -24.587  -93.215  -20.979 0.0000000000
143653  -24.353  -93.571  -21.575 0.0000000000
143654  -24.098  -93.909  -22.170 0.0000000000
143655  -23.823  -94.229  -22.763 0.0000000000
143656  -23.955  -90.470  -23.161 0.0000000000
143657  -23.920  -91.171  -23.195 0.0000000000
143658  -23.871  -91.863  -23.228 0.0000000000
143659  -23.397  -91.778  -24.340 0.0000000000
143660  -23.607  -92.170  -23.805 0.0000000000
143661  -23.807  -92.545  -23.261 0.0000000000
143662  -23.729  -93.217  -23.293 0.0000000000
143663  -23.636  -93.879  -23.324 0.0000000000
143664  -23.527  -94.532  -23.353 0.0000000000
143665  -23.211  -94.815  -23.938 0.0000000000
143666  -22.874  -95.080  -24.520 0.0000000000
143667  -22.515  -95.324  -25.097 0.0000000000
143668  -22.444  -94.287  -25.599 0.0000000000
143669  -22.297  -94.924  -25.635 0.0000000000
143670  -22.134  -95.548  -25.668 0.0000000000
143671  -21.731  -95.750  -26.232 0.0000000000
143672  -21.306  -95.931  -26.790 0.0000000000
143673  -20.859  -96.089  -27.341 0.0000000000
143674  -20.609  -95.635  -27.854 0.0000000000
143675  -20.349  -95.162  -28.358 0.0000000000
143676  -20.080  -94.671  -28.852 0.0000000000
143677  -20.732  -93.929  -28.275 0.0000000000
143678  -20.277  -94.056  -28.809 0.0000000000
143679  -19.803  -94.161  -29.335 0.0000000000
143680  -19.519  -93.634  -29.809 0.0000000000
143681  -19.228  -93.090  -30.273 0.0000000000
143682  -18.930  -92.529  -30.727 0.0000000000
143683  -21.319  -91.318  -28.066 0.0000000000
143684  -20.918  -91.475  -28.599 0.0000000000
143685  -20.497  -91.612  -29.126 0.0000000000
143686  -20.341  -90.399  -29.523 0.0000000000
143687  -20.206  -91.069  -29.587 0.0000000000
143688  -20.057  -91.728  -29.647 0.0000000000
143689  -19.597  -91.823  -30.162 0.0000000000
148517  -24.211  -79.522  -18.226 0.0000000000
148518  -24.190  -79.944  -18.721 0.0000000000
148519  -24.063  -79.186  -18.748 0.0000000000
148520  -23.911  -78.835  -19.264 0.0000000000
148521  -23.755  -78.471  -19.774 0.0000000000
148522  -23.653  -77.304  -19.319 0.0000000000
148523  -23.628  -77.703  -19.796 0.0000000000
148524  -23.595  -78.094  -20.277 0.0000000000
148525  -23.430  -77.702  -20.774 0.0000000000
148526  -23.259  -77.296  -21.266 0.0000000000
148527  -23.083  -76.876  -21.751 0.0000000000
148530  -23.073  -74.994  -20.364 0.0000000000
148531  -22.772  -73.803  -20.871 0.0000000000
148532  -22.909  -74.586  -20.847 0.0000000000
148533  -23.043  -75.368  -20.826 0.0000000000
148534  -23.005  -75.734  -21.291 0.0000000000
148535  -22.958  -76.091  -21.759 0.0000000000
148536  -22.900  -76.441  -22.231 0.0000000000
148537  -22.711  -75.990  -22.706 0.0000000000
148538  -22.514  -75.524  -23.176 0.0000000000
148539  -22.310  -75.043  -23.641 0.0000000000
148540  -22.262  -73.930  -23.180 0.0000000000
148541  -22.186  -74.243  -23.639 0.0000000000
148542  -22.099  -74.545  -24.101 0.0000000000
148543  -21.881  -74.033  -24.556 0.0000000000
148544  -21.655  -73.505  -25.007 0.0000000000
148545  -21.423  -72.963  -25.452 0.0000000000
148564  -21.728  -70.725  -23.217 0.0000000000
148565  -21.664  -71.029  -23.658 0.0000000000
148566  -21.590  -71.325  -24.101 0.0000000000
148568  -21.377  -70.800  -24.547 0.0000000000
148569  -21.506  -71.611  -24.546 0.0000000000
148570  -21.411  -71.886  -24.993 0.0000000000
148571  -21.303  -72.151  -25.441 0.0000000000
148572  -21.184  -72.406  -25.891 0.0000000000
156768  -25.597  -90.782  -17.393 0.0000000000
156769  -25.583  -90.086  -17.402 0.0000000000
156770  -25.557  -89.384  -17.413 0.0000000000
156773  -25.519  -88.675  -17.424 0.0000000000
156774  -25.469  -87.960  -17.436 0.0000000000
156775  -25.408  -87.238  -17.450 0.0000000000
156776  -25.337  -86.511  -17.465 0.0000000000
156784  -25.391  -86.055  -16.906 0.0000000000
156785  -25.256  -85.780  -17.482 0.0000000000
156786  -25.166  -85.046  -17.501 0.0000000000
156787  -25.068  -84.309  -17.521 0.0000000000
156788  -24.962  -83.571  -17.544 0.0000000000
156789  -25.125  -83.402  -16.448 0.0000000000
156790  -24.990  -83.122  -17.013 0.0000000000
156791  -24.850  -82.830  -17.569 0.0000000000
156792  -24.732  -82.087  -17.596 0.0000000000
156793  -24.610  -81.342  -17.627 0.0000000000
156794  -24.484  -80.595  -17.660 0.0000000000
157035  -24.630  -80.453  -16.615 0.0000000000
157036  -24.495  -80.156  -17.159 0.0000000000
157037  -24.355  -79.846  -17.696 0.0000000000
157038  -24.224  -79.094  -17.735 0.0000000000
157039  -24.090  -78.340  -17.776 0.0000000000
157040  -23.955  -77.584  -17.819 0.0000000000
161746  -21.597  -100.367  -23.450 0.0000000000
161747  -21.320  -100.868  -23.434 0.0000000000
161748  -21.027  -101.354  -23.411 0.0000000000
161749  -20.376  -101.211  -24.576 0.0000000000
161750  -20.553  -101.525  -23.984 0.0000000000
161751  -20.720  -101.823  -23.384 0.0000000000
161752  -20.400  -102.275  -23.352 0.0000000000
161753  -20.065  -102.711  -23.314 0.0000000000
161754  -19.718  -103.128  -23.270 0.0000000000
161755  -19.200  -103.256  -23.829 0.0000000000
161756  -18.665  -103.364  -24.377 0.0000000000
161757  -18.112  -103.450  -24.916 0.0000000000
161758  -18.303  -102.750  -25.560 0.0000000000
161759  -17.929  -103.141  -25.505 0.0000000000
161760  -17.543  -103.514  -25.443 0.0000000000
161761  -16.959  -103.555  -25.958 0.0000000000
161762  -16.359  -103.573  -26.462 0.0000000000
161763  -15.744  -103.568  -26.953 0.0000000000
161764  -19.916  -97.362  -27.928 0.0000000000
161765  -19.657  -97.908  -27.941 0.0000000000
161766  -19.384  -98.440  -27.949 0.0000000000
161767  -18.596  -98.059  -28.995 0.0000000000
161768  -18.851  -98.517  -28.477 0.0000000000
161769  -19.097  -98.956  -27.949 0.0000000000
161770  -18.797  -99.458  -27.942 0.0000000000
161771  -18.483  -99.945  -27.928 0.0000000000
161772  -18.155  -100.415  -27.906 0.0000000000
161773  -16.277  -98.087  -30.983 0.0000000000
161774  -16.554  -98.598  -30.491 0.0000000000
161775  -16.822  -99.090  -29.989 0.0000000000
161776  -15.863  -99.514  -30.443 0.0000000000
161777  -16.480  -99.551  -29.965 0.0000000000
161778  -17.083  -99.564  -29.476 0.0000000000
161779  -17.335  -100.018  -28.953 0.0000000000
161780  -17.579  -100.453  -28.420 0.0000000000
161781  -17.815  -100.868  -27.876 0.0000000000
161782  -17.462  -101.304  -27.837 0.0000000000
161783  -17.097  -101.721  -27.791 0.0000000000
161784  -16.722  -102.121  -27.737 0.0000000000
161785  -15.875  -101.704  -28.776 0.0000000000
161786  -16.110  -102.113  -28.230 0.0000000000
161787  -16.336  -102.503  -27.674 0.0000000000
161788  -15.939  -102.867  -27.602 0.0000000000
161789  -15.532  -103.212  -27.521 0.0000000000
161790  -15.115  -103.538  -27.431 0.0000000000
161791  -14.472  -103.484  -27.897 0.0000000000
161792  -13.816  -103.404  -28.349 0.0000000000
161793  -13.147  -103.300  -28.788 0.0000000000
161794  -13.345  -102.596  -29.445 0.0000000000
161795  -12.910  -102.893  -29.335 0.0000000000
161796  -12.468  -103.170  -29.213 0.0000000000
161797  -11.779  -103.014  -29.624 0.0000000000
161798  -11.081  -102.832  -30.019 0.0000000000
161799  -10.376  -102.625  -30.399 0.0000000000
161899  -24.160  -80.359  -19.221 0.0000000000
161900  -24.120  -80.766  -19.727 0.0000000000
161901  -24.070  -81.166  -20.237 0.0000000000
161902  -23.787  -80.022  -20.750 0.0000000000
161903  -23.900  -80.792  -20.749 0.0000000000
161904  -24.008  -81.559  -20.751 0.0000000000
161905  -23.934  -81.943  -21.269 0.0000000000
161906  -23.847  -82.318  -21.789 0.0000000000
161907  -23.746  -82.683  -22.312 0.0000000000
161908  -23.060  -78.357  -22.720 0.0000000000
161909  -23.167  -79.143  -22.732 0.0000000000
161910  -23.270  -79.927  -22.747 0.0000000000
161911  -22.960  -79.808  -23.732 0.0000000000
161912  -23.167  -80.266  -23.251 0.0000000000
161913  -23.368  -80.709  -22.765 0.0000000000
161914  -23.461  -81.488  -22.786 0.0000000000
161915  -23.548  -82.264  -22.810 0.0000000000
161916  -23.630  -83.036  -22.837 0.0000000000
161917  -23.499  -83.378  -23.363 0.0000000000
161918  -23.351  -83.707  -23.890 0.0000000000
161919  -23.185  -84.022  -24.417 0.0000000000
161920  -22.899  -82.777  -24.856 0.0000000000
161921  -22.954  -83.553  -24.899 0.0000000000
161922  -23.001  -84.324  -24.945 0.0000000000
161923  -22.798  -84.611  -25.472 0.0000000000
161924  -22.576  -84.883  -25.999 0.0000000000
161925  -22.336  -85.139  -26.523 0.0000000000
161928  -21.467  -75.902  -26.448 0.0000000000
161931  -21.559  -76.712  -26.483 0.0000000000
161932  -21.644  -77.520  -26.522 0.0000000000
161933  -21.722  -78.325  -26.563 0.0000000000
161943  -21.857  -79.923  -26.653 0.0000000000
161944  -21.912  -80.717  -26.702 0.0000000000
161945  -21.959  -81.507  -26.754 0.0000000000
161946  -21.999  -82.292  -26.808 0.0000000000
161948  -21.761  -82.526  -27.313 0.0000000000
161949  -22.031  -83.073  -26.865 0.0000000000
161950  -22.055  -83.848  -26.924 0.0000000000
161951  -22.070  -84.616  -26.984 0.0000000000
161952  -22.076  -85.378  -27.046 0.0000000000
161953  -21.798  -85.599  -27.566 0.0000000000
161954  -21.500  -85.803  -28.083 0.0000000000
