#!ascii label  , from subject fsaverage vox2ras=TkReg
1063
131  -23.226  -101.495  -17.828 0.0000000000
551  -17.240  -106.902  -17.057 0.0000000000
553  -26.268  -94.410  -7.538 0.0000000000
1220  -26.529  -89.363  -8.104 0.0000000000
1373  -20.615  -104.826  -17.545 0.0000000000
1374  -16.664  -105.982  -22.077 0.0000000000
1375  -19.868  -103.389  -22.657 0.0000000000
1760  -24.842  -97.087  -17.944 0.0000000000
2291  -13.525  -107.687  -16.359 0.0000000000
2293  -20.481  -105.165  -12.287 0.0000000000
2294  -23.378  -102.348  -12.476 0.0000000000
2296  -25.028  -98.809  -7.177 0.0000000000
2297  -25.302  -98.367  -12.688 0.0000000000
2298  -26.173  -93.528  -12.942 0.0000000000
2299  -26.109  -88.146  -13.260 0.0000000000
2482  -13.022  -107.282  -21.035 0.0000000000
3293  -22.031  -103.312  -17.710 0.0000000000
3294  -20.346  -104.251  -20.136 0.0000000000
3295  -21.713  -102.617  -20.306 0.0000000000
3893  -25.271  -94.574  -17.970 0.0000000000
5089  -21.715  -103.830  -9.691 0.0000000000
5090  -22.043  -103.916  -12.381 0.0000000000
5091  -23.149  -102.410  -9.748 0.0000000000
5095  -26.087  -94.606  -4.770 0.0000000000
5096  -25.484  -96.781  -4.555 0.0000000000
5097  -25.782  -96.713  -7.334 0.0000000000
5098  -25.259  -98.691  -9.952 0.0000000000
5099  -25.911  -96.468  -10.099 0.0000000000
5100  -25.867  -96.035  -12.809 0.0000000000
5101  -26.300  -94.054  -10.275 0.0000000000
5103  -26.376  -88.832  -10.728 0.0000000000
5105  -25.801  -85.331  -13.467 0.0000000000
5558  -15.387  -107.452  -16.734 0.0000000000
5559  -13.396  -107.631  -18.657 0.0000000000
5560  -15.243  -107.270  -19.165 0.0000000000
5562  -14.297  -106.028  -24.047 0.0000000000
6803  -26.439  -92.251  -5.052 0.0000000000
6804  -26.509  -91.946  -7.795 0.0000000000
7079  -19.005  -106.026  -17.328 0.0000000000
7080  -17.065  -106.583  -19.576 0.0000000000
7081  -18.785  -105.574  -19.896 0.0000000000
7082  -18.348  -104.841  -22.415 0.0000000000
7946  -24.163  -99.405  -17.899 0.0000000000
7947  -22.843  -100.691  -20.400 0.0000000000
9433  -15.272  -107.335  -14.362 0.0000000000
9434  -17.175  -106.930  -14.564 0.0000000000
9436  -18.736  -106.079  -12.188 0.0000000000
9437  -18.992  -106.198  -14.753 0.0000000000
9438  -20.664  -105.133  -14.920 0.0000000000
9439  -22.143  -103.745  -15.061 0.0000000000
9440  -23.399  -102.047  -15.177 0.0000000000
9446  -23.997  -100.665  -7.073 0.0000000000
9447  -24.336  -100.684  -9.835 0.0000000000
9448  -24.469  -100.488  -12.577 0.0000000000
9449  -24.413  -100.063  -15.274 0.0000000000
9450  -25.161  -97.837  -15.358 0.0000000000
9451  -25.648  -95.410  -15.433 0.0000000000
9452  -25.890  -92.818  -15.511 0.0000000000
9453  -26.445  -91.496  -10.485 0.0000000000
9454  -26.245  -90.888  -13.091 0.0000000000
9455  -25.904  -90.102  -15.599 0.0000000000
9456  -25.715  -87.284  -15.702 0.0000000000
9457  -25.362  -84.398  -15.837 0.0000000000
10000  -11.609  -107.683  -18.042 0.0000000000
10001  -11.200  -107.442  -20.308 0.0000000000
10002  -10.601  -106.915  -22.649 0.0000000000
10003  -14.867  -106.797  -21.623 0.0000000000
10004  -12.449  -106.638  -23.430 0.0000000000
10973  -22.659  -102.440  -17.775 0.0000000000
10974  -21.899  -102.999  -19.017 0.0000000000
10975  -22.511  -102.097  -19.079 0.0000000000
11573  -25.395  -93.256  -17.978 0.0000000000
12770  -22.462  -103.160  -9.716 0.0000000000
12771  -22.952  -102.353  -8.382 0.0000000000
12775  -26.195  -94.528  -6.155 0.0000000000
12776  -25.957  -95.672  -6.043 0.0000000000
12777  -26.057  -95.585  -7.430 0.0000000000
12778  -25.868  -96.613  -8.721 0.0000000000
12779  -26.117  -95.455  -8.811 0.0000000000
12780  -26.138  -95.282  -10.183 0.0000000000
12781  -26.303  -94.253  -8.913 0.0000000000
13238  -16.320  -107.218  -16.902 0.0000000000
13239  -15.345  -107.398  -17.943 0.0000000000
13240  -16.271  -107.129  -18.138 0.0000000000
13583  -9.151  -107.122  -20.542 0.0000000000
15178  -26.356  -92.350  -3.671 0.0000000000
15638  -19.832  -105.465  -17.443 0.0000000000
15639  -18.923  -105.834  -18.616 0.0000000000
15640  -19.738  -105.242  -18.740 0.0000000000
15641  -20.132  -103.857  -21.408 0.0000000000
15642  -19.385  -104.590  -21.296 0.0000000000
15643  -19.131  -104.153  -22.548 0.0000000000
15644  -18.058  -104.364  -23.646 0.0000000000
17438  -24.534  -98.273  -17.925 0.0000000000
17439  -23.965  -98.988  -19.180 0.0000000000
17440  -24.323  -97.832  -19.195 0.0000000000
21020  -16.230  -107.173  -14.464 0.0000000000
21021  -17.046  -106.832  -13.328 0.0000000000
21025  -20.301  -105.076  -10.968 0.0000000000
21027  -19.629  -105.664  -12.238 0.0000000000
21028  -18.896  -106.174  -13.470 0.0000000000
21029  -19.769  -105.721  -13.539 0.0000000000
21030  -19.849  -105.707  -14.839 0.0000000000
21031  -20.602  -105.184  -13.604 0.0000000000
21032  -22.740  -103.170  -12.428 0.0000000000
21033  -22.121  -103.863  -13.724 0.0000000000
21034  -22.796  -103.084  -13.779 0.0000000000
21035  -22.800  -102.934  -15.122 0.0000000000
21036  -23.413  -102.229  -13.831 0.0000000000
21048  -25.282  -97.811  -5.859 0.0000000000
21050  -24.842  -98.797  -5.789 0.0000000000
21052  -24.547  -99.769  -7.118 0.0000000000
21053  -24.192  -100.701  -8.454 0.0000000000
21054  -24.714  -99.769  -8.505 0.0000000000
21055  -25.304  -98.555  -11.327 0.0000000000
21056  -24.899  -99.615  -11.266 0.0000000000
21057  -24.919  -99.457  -12.632 0.0000000000
21058  -24.464  -100.304  -13.933 0.0000000000
21059  -24.893  -99.244  -13.983 0.0000000000
21060  -24.820  -98.977  -15.317 0.0000000000
21061  -25.255  -98.128  -14.033 0.0000000000
21062  -26.051  -94.801  -12.874 0.0000000000
21063  -25.778  -95.748  -14.133 0.0000000000
21064  -25.945  -94.491  -14.184 0.0000000000
21065  -25.799  -94.132  -15.471 0.0000000000
21066  -26.051  -93.197  -14.238 0.0000000000
21067  -26.545  -90.667  -7.943 0.0000000000
21068  -26.494  -91.740  -9.148 0.0000000000
21069  -26.506  -90.439  -9.282 0.0000000000
21070  -26.258  -88.510  -12.006 0.0000000000
21071  -26.334  -89.873  -11.900 0.0000000000
21072  -26.201  -89.528  -13.172 0.0000000000
21073  -26.092  -90.518  -14.356 0.0000000000
21074  -26.034  -89.140  -14.421 0.0000000000
21075  -25.832  -88.705  -15.647 0.0000000000
21076  -25.928  -87.738  -14.492 0.0000000000
21078  -25.596  -84.888  -14.664 0.0000000000
22433  -12.620  -107.694  -16.157 0.0000000000
22435  -12.591  -107.732  -17.241 0.0000000000
22436  -13.237  -107.493  -19.840 0.0000000000
22437  -12.325  -107.583  -19.516 0.0000000000
22438  -12.104  -107.402  -20.690 0.0000000000
22439  -10.921  -107.215  -21.475 0.0000000000
22440  -11.834  -107.147  -21.874 0.0000000000
22441  -16.891  -106.318  -20.832 0.0000000000
22442  -15.996  -106.735  -20.628 0.0000000000
22443  -15.776  -106.430  -21.866 0.0000000000
22445  -13.378  -106.375  -23.758 0.0000000000
24359  -21.349  -104.108  -17.634 0.0000000000
24360  -20.508  -104.573  -18.847 0.0000000000
24361  -21.229  -103.825  -18.939 0.0000000000
24362  -21.056  -103.472  -20.230 0.0000000000
24363  -20.830  -103.048  -21.500 0.0000000000
25439  -25.087  -95.852  -17.959 0.0000000000
27592  -20.914  -104.418  -9.670 0.0000000000
27593  -21.129  -104.532  -11.001 0.0000000000
27594  -21.288  -104.581  -12.334 0.0000000000
27595  -21.907  -103.904  -11.035 0.0000000000
27596  -22.629  -103.195  -11.073 0.0000000000
27597  -23.291  -102.408  -11.114 0.0000000000
27605  -25.818  -95.719  -4.655 0.0000000000
27606  -25.654  -96.768  -5.944 0.0000000000
27607  -25.439  -97.789  -7.250 0.0000000000
27608  -25.167  -98.775  -8.567 0.0000000000
27609  -25.551  -97.722  -8.639 0.0000000000
27610  -25.619  -97.606  -10.022 0.0000000000
27611  -25.641  -97.440  -11.393 0.0000000000
27612  -25.618  -97.225  -12.747 0.0000000000
27613  -25.911  -96.275  -11.463 0.0000000000
27614  -26.116  -95.064  -11.539 0.0000000000
27615  -26.257  -93.813  -11.620 0.0000000000
27617  -26.467  -89.115  -9.427 0.0000000000
27618  -26.380  -87.771  -9.581 0.0000000000
27619  -26.272  -87.469  -10.863 0.0000000000
27620  -26.137  -87.127  -12.122 0.0000000000
27621  -25.974  -86.745  -13.358 0.0000000000
27622  -25.978  -85.730  -12.249 0.0000000000
28436  -14.451  -107.608  -16.553 0.0000000000
28437  -13.494  -107.697  -17.494 0.0000000000
28438  -14.417  -107.586  -17.729 0.0000000000
28439  -14.318  -107.491  -18.924 0.0000000000
28440  -14.160  -107.323  -20.132 0.0000000000
28441  -16.390  -105.570  -23.306 0.0000000000
28442  -15.508  -106.052  -23.091 0.0000000000
28443  -15.198  -105.597  -24.298 0.0000000000
31233  -26.181  -93.518  -3.517 0.0000000000
31234  -26.293  -93.448  -4.902 0.0000000000
31235  -26.372  -93.340  -6.283 0.0000000000
31236  -26.417  -93.195  -7.659 0.0000000000
31237  -26.490  -92.117  -6.427 0.0000000000
31238  -26.552  -90.861  -6.587 0.0000000000
31239  -26.561  -89.578  -6.763 0.0000000000
31877  -18.138  -106.505  -17.198 0.0000000000
31878  -17.182  -106.778  -18.315 0.0000000000
31879  -18.069  -106.346  -18.474 0.0000000000
31880  -17.942  -106.118  -19.747 0.0000000000
31881  -17.759  -105.821  -21.010 0.0000000000
31882  -19.588  -104.952  -20.025 0.0000000000
31883  -18.592  -105.244  -21.163 0.0000000000
31884  -17.524  -105.451  -22.259 0.0000000000
31885  -17.242  -105.007  -23.490 0.0000000000
34184  -23.727  -100.481  -17.868 0.0000000000
34185  -23.060  -101.125  -19.125 0.0000000000
34186  -23.545  -100.087  -19.157 0.0000000000
34187  -23.314  -99.629  -20.424 0.0000000000
38534  -13.481  -107.600  -15.252 0.0000000000
38537  -14.418  -107.554  -15.398 0.0000000000
38538  -15.364  -107.432  -15.541 0.0000000000
38539  -16.307  -107.233  -15.677 0.0000000000
38540  -17.239  -106.953  -15.806 0.0000000000
38546  -17.807  -106.410  -12.140 0.0000000000
38547  -17.986  -106.544  -13.399 0.0000000000
38548  -18.099  -106.605  -14.661 0.0000000000
38549  -18.149  -106.592  -15.927 0.0000000000
38550  -19.028  -106.148  -16.038 0.0000000000
38551  -19.870  -105.621  -16.141 0.0000000000
38552  -20.668  -105.013  -16.234 0.0000000000
38553  -21.388  -104.564  -13.666 0.0000000000
38554  -21.430  -104.478  -14.994 0.0000000000
38555  -21.416  -104.326  -16.317 0.0000000000
38556  -22.112  -103.561  -16.391 0.0000000000
38557  -22.754  -102.719  -16.454 0.0000000000
38558  -23.337  -101.802  -16.510 0.0000000000
38576  -23.382  -101.490  -7.041 0.0000000000
38577  -23.604  -101.564  -8.413 0.0000000000
38578  -23.775  -101.583  -9.788 0.0000000000
38579  -23.891  -101.547  -11.160 0.0000000000
38580  -24.831  -99.719  -9.890 0.0000000000
38581  -24.427  -100.614  -11.211 0.0000000000
38582  -23.955  -101.453  -12.526 0.0000000000
38583  -23.970  -101.301  -13.882 0.0000000000
38584  -23.938  -101.088  -15.227 0.0000000000
38585  -23.858  -100.815  -16.557 0.0000000000
38586  -24.313  -99.763  -16.597 0.0000000000
38587  -24.700  -98.654  -16.632 0.0000000000
38588  -25.023  -97.491  -16.662 0.0000000000
38589  -25.549  -96.961  -14.083 0.0000000000
38590  -25.436  -96.647  -15.396 0.0000000000
38591  -25.282  -96.278  -16.689 0.0000000000
38592  -25.478  -95.020  -16.713 0.0000000000
38593  -25.615  -93.721  -16.737 0.0000000000
38594  -25.693  -92.388  -16.761 0.0000000000
38595  -26.428  -93.012  -9.025 0.0000000000
38596  -26.401  -92.790  -10.376 0.0000000000
38597  -26.338  -92.528  -11.707 0.0000000000
38598  -26.436  -90.175  -10.602 0.0000000000
38599  -26.362  -91.213  -11.800 0.0000000000
38600  -26.237  -92.222  -13.014 0.0000000000
38601  -26.099  -91.871  -14.296 0.0000000000
38602  -25.925  -91.473  -15.554 0.0000000000
38603  -25.715  -91.025  -16.787 0.0000000000
38604  -25.681  -89.636  -16.815 0.0000000000
38605  -25.598  -88.221  -16.847 0.0000000000
38607  -25.781  -86.319  -14.573 0.0000000000
38608  -25.556  -85.847  -15.764 0.0000000000
40237  -12.489  -107.694  -18.363 0.0000000000
40238  -11.431  -107.597  -19.159 0.0000000000
40239  -10.317  -107.407  -19.884 0.0000000000
40240  -10.024  -107.206  -21.032 0.0000000000
40243  -16.162  -106.968  -19.382 0.0000000000
40244  -15.082  -107.070  -20.394 0.0000000000
40245  -13.946  -107.081  -21.346 0.0000000000
40246  -14.604  -106.450  -22.842 0.0000000000
40247  -13.684  -106.765  -22.557 0.0000000000
40248  -12.757  -106.997  -22.235 0.0000000000
40261  -22.310  -101.688  -20.362 0.0000000000
40262  -21.474  -102.164  -21.570 0.0000000000
40263  -20.554  -102.550  -22.742 0.0000000000
41693  -22.950  -101.977  -17.803 0.0000000000
41694  -22.592  -102.277  -18.430 0.0000000000
41695  -22.879  -101.806  -18.456 0.0000000000
42293  -25.435  -92.585  -17.981 0.0000000000
43490  -22.603  -102.719  -8.370 0.0000000000
43495  -26.236  -94.474  -6.847 0.0000000000
43496  -26.132  -95.059  -6.790 0.0000000000
43497  -26.170  -95.003  -7.482 0.0000000000
43498  -26.092  -95.525  -8.121 0.0000000000
43499  -26.199  -94.936  -8.172 0.0000000000
43500  -26.218  -94.859  -8.860 0.0000000000
43501  -26.290  -94.336  -8.226 0.0000000000
43958  -16.782  -107.070  -16.981 0.0000000000
43959  -16.303  -107.183  -17.519 0.0000000000
43960  -16.763  -107.026  -17.604 0.0000000000
46358  -20.229  -105.155  -17.495 0.0000000000
46359  -19.792  -105.362  -18.092 0.0000000000
46360  -20.186  -105.044  -18.147 0.0000000000
46361  -20.006  -103.632  -22.036 0.0000000000
46362  -19.641  -104.016  -21.983 0.0000000000
46363  -19.505  -103.781  -22.605 0.0000000000
46364  -18.986  -103.908  -23.165 0.0000000000
48158  -24.695  -97.686  -17.935 0.0000000000
48159  -24.434  -98.060  -18.563 0.0000000000
48160  -24.592  -97.468  -18.570 0.0000000000
51740  -16.567  -106.944  -13.293 0.0000000000
51741  -16.955  -106.754  -12.712 0.0000000000
51745  -20.398  -105.129  -11.627 0.0000000000
51746  -19.973  -105.379  -11.607 0.0000000000
51747  -20.061  -105.425  -12.262 0.0000000000
51748  -19.707  -105.701  -12.888 0.0000000000
51749  -20.133  -105.453  -12.917 0.0000000000
51750  -20.191  -105.463  -13.572 0.0000000000
51751  -20.549  -105.183  -12.946 0.0000000000
51752  -23.067  -102.769  -12.452 0.0000000000
51753  -22.775  -103.135  -13.104 0.0000000000
51754  -23.096  -102.725  -13.130 0.0000000000
51755  -23.112  -102.666  -13.805 0.0000000000
51756  -23.402  -102.296  -13.155 0.0000000000
51768  -25.162  -98.315  -6.517 0.0000000000
51769  -25.071  -98.312  -5.822 0.0000000000
51770  -24.940  -98.809  -6.483 0.0000000000
51771  -24.701  -99.288  -6.453 0.0000000000
51772  -24.796  -99.297  -7.146 0.0000000000
51773  -24.636  -99.775  -7.812 0.0000000000
51774  -24.879  -99.294  -7.841 0.0000000000
51775  -25.309  -98.468  -12.010 0.0000000000
51776  -25.120  -99.013  -11.980 0.0000000000
51777  -25.119  -98.919  -12.660 0.0000000000
51778  -24.912  -99.358  -13.309 0.0000000000
51779  -25.107  -98.813  -13.336 0.0000000000
51780  -25.083  -98.693  -14.008 0.0000000000
51781  -25.285  -98.254  -13.363 0.0000000000
51782  -26.120  -94.169  -12.907 0.0000000000
51783  -26.003  -94.652  -13.532 0.0000000000
51784  -26.067  -94.015  -13.562 0.0000000000
51785  -26.005  -93.849  -14.211 0.0000000000
51786  -26.117  -93.369  -13.593 0.0000000000
51787  -26.543  -90.018  -8.022 0.0000000000
51788  -26.530  -90.558  -8.615 0.0000000000
51789  -26.522  -89.903  -8.690 0.0000000000
51790  -26.187  -88.333  -12.636 0.0000000000
51791  -26.235  -89.022  -12.587 0.0000000000
51792  -26.161  -88.840  -13.215 0.0000000000
51793  -26.122  -89.340  -13.799 0.0000000000
51794  -26.078  -88.646  -13.838 0.0000000000
51795  -25.987  -88.442  -14.456 0.0000000000
51796  -26.023  -87.948  -13.879 0.0000000000
53153  -13.069  -107.699  -16.259 0.0000000000
53154  -12.615  -107.722  -16.694 0.0000000000
53155  -13.063  -107.721  -16.810 0.0000000000
53156  -13.137  -107.397  -20.437 0.0000000000
53157  -12.677  -107.459  -20.273 0.0000000000
53158  -12.562  -107.352  -20.867 0.0000000000
53159  -11.975  -107.283  -21.282 0.0000000000
53160  -12.434  -107.226  -21.463 0.0000000000
53161  -16.784  -106.159  -21.456 0.0000000000
53162  -16.341  -106.386  -21.356 0.0000000000
53163  -16.223  -106.216  -21.976 0.0000000000
55958  -21.697  -103.720  -17.674 0.0000000000
55959  -21.296  -103.975  -18.288 0.0000000000
55960  -21.640  -103.579  -18.329 0.0000000000
55961  -21.813  -102.816  -19.664 0.0000000000
55962  -21.488  -103.246  -19.628 0.0000000000
55963  -21.392  -103.054  -20.270 0.0000000000
55964  -20.950  -103.269  -20.868 0.0000000000
55965  -21.282  -102.844  -20.907 0.0000000000
57758  -25.186  -95.218  -17.965 0.0000000000
57759  -24.975  -95.618  -18.585 0.0000000000
57760  -25.071  -94.979  -18.588 0.0000000000
61347  -21.321  -104.134  -9.680 0.0000000000
61348  -21.028  -104.483  -10.335 0.0000000000
61349  -21.430  -104.189  -10.349 0.0000000000
61350  -21.525  -104.228  -11.018 0.0000000000
61351  -21.818  -103.875  -10.363 0.0000000000
61352  -22.813  -102.795  -9.731 0.0000000000
61353  -22.553  -103.185  -10.394 0.0000000000
61354  -22.898  -102.811  -10.412 0.0000000000
61355  -22.968  -102.811  -11.093 0.0000000000
61356  -23.227  -102.416  -10.432 0.0000000000
61365  -26.020  -94.630  -4.077 0.0000000000
61366  -25.885  -95.184  -4.017 0.0000000000
61367  -25.961  -95.168  -4.711 0.0000000000
61368  -25.876  -96.196  -6.686 0.0000000000
61369  -25.814  -96.227  -5.992 0.0000000000
61370  -25.723  -96.746  -6.639 0.0000000000
61371  -25.553  -97.283  -6.595 0.0000000000
61372  -25.619  -97.258  -7.290 0.0000000000
61373  -25.501  -97.761  -7.945 0.0000000000
61374  -25.674  -97.222  -7.985 0.0000000000
61375  -25.895  -96.546  -9.411 0.0000000000
61376  -25.751  -97.115  -9.370 0.0000000000
61377  -25.773  -97.043  -10.059 0.0000000000
61378  -25.635  -97.529  -10.709 0.0000000000
61379  -25.784  -96.959  -10.745 0.0000000000
61380  -25.784  -96.863  -11.427 0.0000000000
61381  -25.917  -96.377  -10.783 0.0000000000
61382  -26.227  -94.673  -10.228 0.0000000000
61383  -26.132  -95.178  -10.863 0.0000000000
61384  -26.216  -94.563  -10.906 0.0000000000
61385  -26.194  -94.443  -11.579 0.0000000000
61386  -26.284  -93.939  -10.950 0.0000000000
61391  -26.265  -86.941  -10.301 0.0000000000
61392  -26.204  -86.780  -10.935 0.0000000000
61393  -26.208  -87.303  -11.496 0.0000000000
61394  -26.136  -86.610  -11.563 0.0000000000
61395  -26.062  -86.430  -12.184 0.0000000000
62753  -14.919  -107.540  -16.645 0.0000000000
62754  -14.442  -107.607  -17.138 0.0000000000
62755  -14.908  -107.530  -17.239 0.0000000000
62756  -15.302  -107.343  -18.553 0.0000000000
62757  -14.838  -107.456  -18.442 0.0000000000
62758  -14.781  -107.391  -19.048 0.0000000000
62759  -14.246  -107.416  -19.527 0.0000000000
62760  -14.708  -107.308  -19.657 0.0000000000
62761  -16.237  -105.336  -23.913 0.0000000000
62762  -15.801  -105.595  -23.809 0.0000000000
62763  -15.639  -105.351  -24.410 0.0000000000
68574  -26.215  -92.967  -2.899 0.0000000000
68575  -26.401  -92.305  -4.362 0.0000000000
68576  -26.328  -92.901  -4.283 0.0000000000
68577  -26.373  -92.854  -4.974 0.0000000000
68578  -26.337  -93.399  -5.593 0.0000000000
68579  -26.410  -92.798  -5.664 0.0000000000
68580  -26.438  -92.733  -6.353 0.0000000000
68581  -26.469  -92.188  -5.740 0.0000000000
68583  -26.544  -90.945  -5.905 0.0000000000
68584  -26.561  -90.312  -5.994 0.0000000000
68585  -26.563  -90.222  -6.673 0.0000000000
69953  -18.576  -106.275  -17.265 0.0000000000
69954  -18.111  -106.434  -17.836 0.0000000000
69955  -18.546  -106.196  -17.906 0.0000000000
69956  -18.861  -105.712  -19.257 0.0000000000
69957  -18.441  -105.986  -19.187 0.0000000000
69958  -18.368  -105.856  -19.824 0.0000000000
69959  -17.857  -105.978  -20.380 0.0000000000
69960  -18.281  -105.708  -20.458 0.0000000000
69961  -20.434  -104.421  -19.494 0.0000000000
69962  -20.057  -104.773  -19.441 0.0000000000
69963  -19.973  -104.611  -20.083 0.0000000000
69964  -18.875  -104.726  -21.861 0.0000000000
69965  -18.994  -104.927  -21.232 0.0000000000
69966  -18.476  -105.052  -21.791 0.0000000000
69967  -18.067  -105.359  -21.716 0.0000000000
69968  -17.941  -105.156  -22.340 0.0000000000
69969  -17.388  -105.239  -22.877 0.0000000000
69970  -17.803  -104.935  -22.958 0.0000000000
75353  -23.953  -99.951  -17.885 0.0000000000
75354  -23.642  -100.292  -18.515 0.0000000000
75355  -23.864  -99.755  -18.530 0.0000000000
75356  -23.849  -98.755  -19.811 0.0000000000
75357  -23.650  -99.318  -19.803 0.0000000000
75358  -23.526  -99.075  -20.431 0.0000000000
86098  -14.374  -107.497  -14.827 0.0000000000
86099  -14.850  -107.455  -14.889 0.0000000000
86100  -14.890  -107.502  -15.470 0.0000000000
86101  -15.327  -107.393  -14.950 0.0000000000
86102  -16.705  -107.061  -14.514 0.0000000000
86103  -16.277  -107.212  -15.070 0.0000000000
86104  -16.748  -107.091  -15.128 0.0000000000
86105  -16.775  -107.103  -15.743 0.0000000000
86106  -17.215  -106.951  -15.184 0.0000000000
86118  -19.089  -105.817  -11.567 0.0000000000
86120  -18.633  -106.004  -11.547 0.0000000000
86122  -18.276  -106.255  -12.164 0.0000000000
86123  -17.905  -106.487  -12.769 0.0000000000
86124  -18.368  -106.322  -12.799 0.0000000000
86125  -18.952  -106.195  -14.112 0.0000000000
86126  -18.505  -106.400  -14.071 0.0000000000
86127  -18.550  -106.412  -14.708 0.0000000000
86128  -18.131  -106.608  -15.293 0.0000000000
86129  -18.579  -106.405  -15.345 0.0000000000
86130  -18.593  -106.380  -15.984 0.0000000000
86131  -19.018  -106.182  -15.395 0.0000000000
86132  -20.262  -105.430  -14.880 0.0000000000
86133  -19.867  -105.673  -15.490 0.0000000000
86134  -20.276  -105.387  -15.535 0.0000000000
86135  -20.275  -105.327  -16.189 0.0000000000
86136  -20.673  -105.082  -15.577 0.0000000000
86137  -21.672  -104.259  -12.358 0.0000000000
86138  -21.345  -104.581  -13.000 0.0000000000
86139  -21.724  -104.249  -13.027 0.0000000000
86140  -22.139  -103.812  -14.393 0.0000000000
86141  -21.784  -104.181  -14.362 0.0000000000
86142  -21.793  -104.121  -15.028 0.0000000000
86143  -21.430  -104.410  -15.656 0.0000000000
86144  -21.789  -104.045  -15.693 0.0000000000
86145  -21.771  -103.953  -16.355 0.0000000000
86146  -22.134  -103.661  -15.727 0.0000000000
86147  -23.107  -102.500  -15.150 0.0000000000
86148  -22.783  -102.834  -15.789 0.0000000000
86149  -23.086  -102.393  -15.818 0.0000000000
86150  -23.053  -102.270  -16.483 0.0000000000
86151  -23.374  -101.933  -15.845 0.0000000000
86193  -24.171  -100.198  -6.404 0.0000000000
86197  -23.697  -101.087  -7.055 0.0000000000
86198  -23.499  -101.534  -7.726 0.0000000000
86199  -23.808  -101.121  -7.743 0.0000000000
86200  -24.271  -100.699  -9.145 0.0000000000
86201  -23.991  -101.148  -9.122 0.0000000000
86202  -24.063  -101.142  -9.811 0.0000000000
86203  -23.840  -101.572  -10.475 0.0000000000
86204  -24.122  -101.123  -10.499 0.0000000000
86205  -25.219  -98.739  -9.260 0.0000000000
86206  -25.007  -99.252  -9.228 0.0000000000
86207  -25.053  -99.212  -9.920 0.0000000000
86208  -24.693  -100.058  -11.922 0.0000000000
86209  -24.671  -100.123  -11.238 0.0000000000
86210  -24.454  -100.558  -11.895 0.0000000000
86211  -24.200  -101.041  -11.869 0.0000000000
86212  -24.220  -100.979  -12.551 0.0000000000
86213  -23.968  -101.385  -13.205 0.0000000000
86214  -24.228  -100.902  -13.231 0.0000000000
86215  -24.444  -100.191  -14.606 0.0000000000
86216  -24.210  -100.705  -14.581 0.0000000000
86217  -24.183  -100.584  -15.251 0.0000000000
86218  -23.904  -100.959  -15.895 0.0000000000
86219  -24.145  -100.447  -15.917 0.0000000000
86220  -24.094  -100.297  -16.578 0.0000000000
86221  -24.369  -99.920  -15.938 0.0000000000
86222  -24.999  -98.413  -15.338 0.0000000000
86223  -24.766  -98.822  -15.977 0.0000000000
86224  -24.940  -98.253  -15.995 0.0000000000
86225  -24.869  -98.079  -16.648 0.0000000000
86226  -25.097  -97.671  -16.013 0.0000000000
86227  -25.751  -96.636  -12.778 0.0000000000
86228  -25.589  -97.099  -13.418 0.0000000000
86229  -25.717  -96.504  -13.446 0.0000000000
86230  -25.718  -95.586  -14.786 0.0000000000
86231  -25.616  -96.204  -14.764 0.0000000000
86232  -25.550  -96.034  -15.415 0.0000000000
86233  -25.364  -96.470  -16.045 0.0000000000
86234  -25.474  -95.851  -16.061 0.0000000000
86235  -25.388  -95.654  -16.701 0.0000000000
86236  -25.568  -95.222  -16.076 0.0000000000
86237  -25.852  -93.479  -15.491 0.0000000000
86238  -25.711  -93.933  -16.107 0.0000000000
86239  -25.761  -93.275  -16.123 0.0000000000
86240  -25.661  -93.059  -16.749 0.0000000000
86241  -25.796  -92.609  -16.140 0.0000000000
86242  -26.470  -92.575  -7.725 0.0000000000
86243  -26.427  -93.109  -8.344 0.0000000000
86244  -26.474  -92.482  -8.407 0.0000000000
86245  -26.474  -91.623  -9.819 0.0000000000
86246  -26.454  -92.268  -9.760 0.0000000000
86247  -26.430  -92.147  -10.429 0.0000000000
86248  -26.374  -92.664  -11.044 0.0000000000
86249  -26.398  -92.015  -11.094 0.0000000000
86250  -26.425  -88.978  -10.080 0.0000000000
86251  -26.456  -89.648  -10.011 0.0000000000
86252  -26.412  -89.506  -10.664 0.0000000000
86253  -26.296  -90.384  -12.493 0.0000000000
86254  -26.355  -90.546  -11.849 0.0000000000
86255  -26.308  -91.056  -12.449 0.0000000000
86256  -26.307  -91.721  -12.406 0.0000000000
86257  -26.248  -91.558  -13.052 0.0000000000
86258  -26.173  -92.053  -13.658 0.0000000000
86259  -26.180  -91.384  -13.692 0.0000000000
86260  -26.003  -90.316  -14.980 0.0000000000
86261  -26.016  -91.001  -14.954 0.0000000000
86262  -25.921  -90.791  -15.576 0.0000000000
86263  -25.824  -91.255  -16.173 0.0000000000
86264  -25.817  -90.568  -16.191 0.0000000000
86265  -25.704  -90.334  -16.800 0.0000000000
86266  -25.797  -89.875  -16.210 0.0000000000
86267  -25.779  -87.997  -15.674 0.0000000000
86268  -25.719  -88.469  -16.251 0.0000000000
86269  -25.663  -87.757  -16.273 0.0000000000
86271  -25.596  -87.039  -16.297 0.0000000000
86272  -25.892  -86.039  -13.411 0.0000000000
86273  -25.881  -86.537  -13.968 0.0000000000
86274  -25.796  -85.827  -14.017 0.0000000000
86276  -25.581  -85.370  -15.211 0.0000000000
86277  -25.463  -85.123  -15.799 0.0000000000
90345  -11.096  -107.623  -18.412 0.0000000000
90346  -13.453  -107.673  -18.072 0.0000000000
90347  -12.998  -107.707  -17.938 0.0000000000
90348  -12.940  -107.672  -18.513 0.0000000000
90349  -11.769  -107.524  -19.921 0.0000000000
90350  -11.875  -107.600  -19.342 0.0000000000
90351  -11.322  -107.528  -19.731 0.0000000000
90352  -10.881  -107.514  -19.531 0.0000000000
90353  -10.755  -107.434  -20.102 0.0000000000
90354  -10.176  -107.315  -20.456 0.0000000000
90355  -10.618  -107.336  -20.678 0.0000000000
90356  -10.766  -107.074  -22.061 0.0000000000
90357  -10.312  -107.086  -21.842 0.0000000000
90359  -9.516  -106.769  -22.776 0.0000000000
90361  -17.131  -106.690  -18.946 0.0000000000
90362  -16.680  -106.884  -18.855 0.0000000000
90363  -16.616  -106.786  -19.482 0.0000000000
90364  -15.439  -106.777  -21.133 0.0000000000
90365  -15.541  -106.913  -20.515 0.0000000000
90366  -14.981  -106.943  -21.009 0.0000000000
90367  -14.521  -107.087  -20.878 0.0000000000
90368  -14.408  -106.949  -21.489 0.0000000000
90369  -14.910  -106.052  -23.576 0.0000000000
90370  -15.058  -106.261  -22.971 0.0000000000
90371  -14.456  -106.249  -23.447 0.0000000000
90372  -12.914  -106.517  -23.599 0.0000000000
90373  -13.536  -106.579  -23.159 0.0000000000
90374  -13.072  -106.714  -23.001 0.0000000000
90375  -13.221  -106.892  -22.401 0.0000000000
90376  -12.608  -106.827  -22.833 0.0000000000
90377  -12.145  -106.920  -22.655 0.0000000000
90406  -22.958  -100.916  -19.766 0.0000000000
90407  -22.696  -101.417  -19.747 0.0000000000
90408  -22.585  -101.198  -20.383 0.0000000000
90409  -21.633  -101.437  -22.217 0.0000000000
90410  -21.773  -101.696  -21.597 0.0000000000
90412  -21.024  -102.368  -22.160 0.0000000000
90413  -20.878  -102.104  -22.776 0.0000000000
93479  -22.352  -102.886  -17.744 0.0000000000
93480  -21.972  -103.164  -18.366 0.0000000000
93481  -22.289  -102.730  -18.400 0.0000000000
93482  -22.213  -102.557  -19.051 0.0000000000
93483  -22.123  -102.368  -19.696 0.0000000000
94559  -25.340  -93.920  -17.975 0.0000000000
94560  -25.153  -94.330  -18.589 0.0000000000
96713  -21.985  -103.455  -9.028 0.0000000000
96714  -22.095  -103.505  -9.702 0.0000000000
96715  -22.357  -103.120  -9.038 0.0000000000
96716  -22.715  -102.764  -9.050 0.0000000000
96717  -23.057  -102.389  -9.065 0.0000000000
96723  -26.146  -94.572  -5.463 0.0000000000
96724  -26.027  -95.142  -5.404 0.0000000000
96725  -26.084  -95.106  -6.097 0.0000000000
96726  -26.012  -95.634  -6.737 0.0000000000
96727  -25.928  -96.155  -7.380 0.0000000000
96728  -25.830  -96.669  -8.028 0.0000000000
96729  -25.969  -96.103  -8.073 0.0000000000
96730  -26.001  -96.040  -8.765 0.0000000000
96731  -26.022  -95.966  -9.454 0.0000000000
96732  -26.033  -95.880  -10.140 0.0000000000
96733  -26.133  -95.374  -9.498 0.0000000000
96734  -26.228  -94.771  -9.546 0.0000000000
96735  -26.307  -94.159  -9.596 0.0000000000
97556  -15.854  -107.345  -16.820 0.0000000000
97557  -15.374  -107.434  -17.337 0.0000000000
97558  -15.839  -107.319  -17.430 0.0000000000
97559  -15.809  -107.274  -18.043 0.0000000000
97560  -15.764  -107.211  -18.659 0.0000000000
101048  -26.303  -92.386  -2.979 0.0000000000
101049  -26.376  -91.795  -3.065 0.0000000000
101050  -26.421  -91.752  -3.755 0.0000000000
101051  -26.460  -91.700  -4.445 0.0000000000
101052  -26.490  -91.640  -5.134 0.0000000000
101876  -19.424  -105.755  -17.387 0.0000000000
101877  -18.971  -105.938  -17.972 0.0000000000
101878  -19.387  -105.660  -18.034 0.0000000000
101879  -19.336  -105.548  -18.680 0.0000000000
101880  -19.270  -105.419  -19.323 0.0000000000
101881  -20.246  -104.063  -20.775 0.0000000000
101882  -19.875  -104.431  -20.721 0.0000000000
101883  -19.764  -104.233  -21.355 0.0000000000
101884  -19.264  -104.381  -21.925 0.0000000000
101885  -18.745  -104.507  -22.484 0.0000000000
101886  -18.208  -104.612  -23.033 0.0000000000
101887  -18.603  -104.270  -23.102 0.0000000000
105116  -24.356  -98.846  -17.913 0.0000000000
105117  -24.070  -99.204  -18.542 0.0000000000
105118  -24.260  -98.639  -18.553 0.0000000000
105119  -24.152  -98.417  -19.188 0.0000000000
105120  -24.033  -98.179  -19.817 0.0000000000
111564  -15.752  -107.264  -14.413 0.0000000000
111566  -16.644  -107.012  -13.903 0.0000000000
111567  -17.119  -106.890  -13.946 0.0000000000
111575  -19.870  -105.317  -10.952 0.0000000000
111576  -19.536  -105.608  -11.587 0.0000000000
111577  -19.187  -105.882  -12.213 0.0000000000
111578  -18.824  -106.136  -12.829 0.0000000000
111579  -19.270  -105.929  -12.859 0.0000000000
111580  -19.337  -105.958  -13.505 0.0000000000
111581  -19.389  -105.970  -14.151 0.0000000000
111582  -19.426  -105.963  -14.797 0.0000000000
111583  -19.817  -105.723  -14.189 0.0000000000
111584  -20.234  -105.456  -14.226 0.0000000000
111585  -20.640  -105.168  -14.262 0.0000000000
111586  -22.399  -103.553  -12.405 0.0000000000
111587  -22.089  -103.897  -13.053 0.0000000000
111588  -22.439  -103.526  -13.079 0.0000000000
111589  -22.466  -103.483  -13.752 0.0000000000
111590  -22.479  -103.424  -14.423 0.0000000000
111591  -22.478  -103.349  -15.092 0.0000000000
111592  -22.804  -103.017  -14.451 0.0000000000
111593  -23.115  -102.591  -14.479 0.0000000000
111594  -23.412  -102.146  -14.505 0.0000000000
111614  -25.389  -97.300  -5.205 0.0000000000
111616  -25.187  -97.806  -5.165 0.0000000000
111620  -24.595  -99.267  -5.761 0.0000000000
111621  -24.445  -99.751  -6.426 0.0000000000
111622  -24.280  -100.226  -7.094 0.0000000000
111623  -24.101  -100.689  -7.763 0.0000000000
111624  -24.377  -100.241  -7.786 0.0000000000
111625  -24.461  -100.243  -8.478 0.0000000000
111626  -24.533  -100.233  -9.171 0.0000000000
111627  -25.287  -98.630  -10.641 0.0000000000
111628  -25.087  -99.159  -10.609 0.0000000000
111629  -25.110  -99.093  -11.296 0.0000000000
111630  -24.915  -99.543  -11.950 0.0000000000
111631  -24.702  -99.980  -12.604 0.0000000000
111632  -24.472  -100.403  -13.257 0.0000000000
111633  -24.700  -99.888  -13.283 0.0000000000
111634  -24.687  -99.782  -13.958 0.0000000000
111635  -24.662  -99.661  -14.629 0.0000000000
111636  -24.625  -99.527  -15.296 0.0000000000
111637  -24.863  -99.117  -14.652 0.0000000000
111638  -25.047  -98.560  -14.675 0.0000000000
111639  -25.214  -97.989  -14.698 0.0000000000
111640  -25.967  -95.423  -12.841 0.0000000000
111641  -25.828  -95.897  -13.474 0.0000000000
111642  -25.923  -95.280  -13.503 0.0000000000
111643  -25.869  -95.125  -14.158 0.0000000000
111644  -25.805  -94.957  -14.808 0.0000000000
111645  -25.731  -94.776  -15.452 0.0000000000
111646  -25.876  -94.318  -14.830 0.0000000000
111647  -25.933  -93.670  -14.854 0.0000000000
111648  -25.975  -93.014  -14.878 0.0000000000
111649  -26.534  -91.310  -7.867 0.0000000000
111650  -26.506  -91.848  -8.473 0.0000000000
111651  -26.525  -91.206  -8.543 0.0000000000
111652  -26.507  -91.093  -9.214 0.0000000000
111653  -26.481  -90.970  -9.881 0.0000000000
111654  -26.321  -88.676  -11.370 0.0000000000
111655  -26.361  -89.355  -11.311 0.0000000000
111656  -26.302  -89.194  -11.952 0.0000000000
111657  -26.272  -89.706  -12.539 0.0000000000
111658  -26.229  -90.211  -13.131 0.0000000000
111659  -26.173  -90.709  -13.727 0.0000000000
111660  -26.154  -90.027  -13.762 0.0000000000
111661  -26.069  -89.832  -14.388 0.0000000000
111662  -25.976  -89.625  -15.008 0.0000000000
111663  -25.874  -89.406  -15.622 0.0000000000
111664  -25.937  -88.928  -15.037 0.0000000000
111665  -25.887  -88.225  -15.068 0.0000000000
111666  -25.825  -87.517  -15.100 0.0000000000
111667  -25.702  -84.620  -13.526 0.0000000000
111668  -25.702  -85.115  -14.068 0.0000000000
111669  -25.600  -84.400  -14.123 0.0000000000
114111  -12.106  -107.719  -17.652 0.0000000000
114112  -13.324  -107.571  -19.246 0.0000000000
114113  -12.867  -107.619  -19.095 0.0000000000
114114  -12.779  -107.548  -19.682 0.0000000000
114115  -12.221  -107.502  -20.101 0.0000000000
114116  -11.650  -107.431  -20.504 0.0000000000
114117  -11.066  -107.337  -20.890 0.0000000000
114118  -11.519  -107.320  -21.091 0.0000000000
114119  -11.376  -107.191  -21.680 0.0000000000
114121  -16.985  -106.460  -20.205 0.0000000000
114122  -16.538  -106.670  -20.108 0.0000000000
114123  -16.446  -106.537  -20.733 0.0000000000
114124  -15.892  -106.592  -21.248 0.0000000000
114125  -15.324  -106.624  -21.749 0.0000000000
114126  -13.672  -105.981  -24.503 0.0000000000
114127  -13.840  -106.212  -23.908 0.0000000000
114128  -13.211  -106.152  -24.354 0.0000000000
114129  -12.747  -106.302  -24.194 0.0000000000
114148  -22.717  -100.449  -21.029 0.0000000000
114149  -22.461  -100.962  -21.014 0.0000000000
118277  -20.988  -104.476  -17.591 0.0000000000
118278  -20.568  -104.707  -18.197 0.0000000000
118279  -20.938  -104.351  -18.244 0.0000000000
118280  -20.875  -104.208  -18.895 0.0000000000
118281  -20.798  -104.049  -19.542 0.0000000000
118282  -21.571  -103.421  -18.980 0.0000000000
118283  -21.149  -103.657  -19.587 0.0000000000
118284  -20.708  -103.872  -20.186 0.0000000000
118285  -20.604  -103.676  -20.824 0.0000000000
118286  -20.488  -103.462  -21.457 0.0000000000
118287  -20.359  -103.229  -22.083 0.0000000000
120797  -24.972  -96.476  -17.953 0.0000000000
120798  -24.735  -96.863  -18.577 0.0000000000
120799  -24.863  -96.246  -18.582 0.0000000000
125824  -20.721  -104.815  -10.985 0.0000000000
125825  -20.813  -104.857  -11.648 0.0000000000
125826  -20.891  -104.883  -12.311 0.0000000000
125827  -21.216  -104.565  -11.668 0.0000000000
125828  -21.606  -104.252  -11.688 0.0000000000
125829  -21.982  -103.918  -11.708 0.0000000000
125830  -22.193  -103.540  -10.378 0.0000000000
125831  -22.276  -103.560  -11.054 0.0000000000
125832  -22.344  -103.564  -11.729 0.0000000000
125833  -22.692  -103.190  -11.751 0.0000000000
125834  -23.024  -102.797  -11.773 0.0000000000
125835  -23.342  -102.386  -11.796 0.0000000000
125850  -25.735  -95.726  -3.961 0.0000000000
125851  -25.659  -96.257  -4.603 0.0000000000
125852  -25.893  -95.701  -5.349 0.0000000000
125853  -25.742  -96.247  -5.297 0.0000000000
125854  -25.574  -96.780  -5.250 0.0000000000
125855  -25.476  -97.297  -5.900 0.0000000000
125856  -25.366  -97.806  -6.554 0.0000000000
125857  -25.242  -98.306  -7.212 0.0000000000
125858  -25.103  -98.798  -7.872 0.0000000000
125859  -25.311  -98.287  -7.907 0.0000000000
125860  -25.368  -98.255  -8.602 0.0000000000
125861  -25.413  -98.212  -9.295 0.0000000000
125862  -25.718  -97.174  -8.679 0.0000000000
125863  -25.591  -97.670  -9.332 0.0000000000
125864  -25.447  -98.155  -9.986 0.0000000000
125865  -25.470  -98.086  -10.674 0.0000000000
125866  -25.481  -98.004  -11.359 0.0000000000
125867  -25.480  -97.910  -12.041 0.0000000000
125868  -25.469  -97.803  -12.718 0.0000000000
125869  -25.635  -97.339  -12.072 0.0000000000
125870  -25.773  -96.756  -12.105 0.0000000000
125871  -25.895  -96.161  -12.139 0.0000000000
125872  -26.033  -95.783  -10.822 0.0000000000
125873  -26.022  -95.675  -11.500 0.0000000000
125874  -26.000  -95.555  -12.174 0.0000000000
125875  -26.089  -94.938  -12.209 0.0000000000
125876  -26.162  -94.312  -12.246 0.0000000000
125877  -26.220  -93.676  -12.284 0.0000000000
125879  -26.501  -89.244  -8.768 0.0000000000
125880  -26.469  -88.579  -8.848 0.0000000000
125881  -26.429  -88.446  -9.502 0.0000000000
125882  -26.382  -88.304  -10.151 0.0000000000
125884  -26.329  -87.624  -10.225 0.0000000000
125885  -26.329  -88.153  -10.794 0.0000000000
125886  -26.269  -87.992  -11.432 0.0000000000
125887  -26.203  -87.821  -12.063 0.0000000000
125888  -26.129  -87.639  -12.688 0.0000000000
125889  -26.047  -87.447  -13.308 0.0000000000
125890  -26.059  -86.941  -12.743 0.0000000000
125891  -25.981  -86.240  -12.800 0.0000000000
125892  -25.893  -85.536  -12.861 0.0000000000
125895  -25.797  -84.829  -12.924 0.0000000000
127790  -13.986  -107.657  -16.457 0.0000000000
127791  -13.518  -107.701  -16.923 0.0000000000
127792  -13.979  -107.664  -17.032 0.0000000000
127793  -13.954  -107.651  -17.614 0.0000000000
127794  -13.913  -107.620  -18.201 0.0000000000
127795  -14.881  -107.502  -17.838 0.0000000000
127796  -14.375  -107.548  -18.324 0.0000000000
127797  -13.856  -107.571  -18.794 0.0000000000
127798  -13.784  -107.504  -19.390 0.0000000000
127799  -13.698  -107.418  -19.990 0.0000000000
127800  -13.598  -107.314  -20.592 0.0000000000
127801  -16.532  -105.785  -22.694 0.0000000000
127802  -16.093  -106.028  -22.591 0.0000000000
127803  -15.952  -105.821  -23.203 0.0000000000
127804  -15.358  -105.834  -23.697 0.0000000000
127805  -14.751  -105.823  -24.177 0.0000000000
127807  -14.582  -105.576  -24.773 0.0000000000
127808  -14.130  -105.789  -24.643 0.0000000000
135244  -26.070  -94.086  -3.448 0.0000000000
135245  -26.138  -94.064  -4.141 0.0000000000
135246  -26.276  -92.939  -3.592 0.0000000000
135247  -26.241  -93.488  -4.210 0.0000000000
135248  -26.198  -94.032  -4.834 0.0000000000
135249  -26.249  -93.990  -5.526 0.0000000000
135250  -26.291  -93.939  -6.217 0.0000000000
135251  -26.325  -93.878  -6.908 0.0000000000
135252  -26.350  -93.807  -7.597 0.0000000000
135253  -26.399  -93.272  -6.972 0.0000000000
135254  -26.459  -92.658  -7.040 0.0000000000
135255  -26.504  -92.036  -7.112 0.0000000000
135256  -26.513  -91.571  -5.820 0.0000000000
135257  -26.528  -91.492  -6.505 0.0000000000
135258  -26.535  -91.406  -7.188 0.0000000000
135259  -26.553  -90.768  -7.267 0.0000000000
135260  -26.557  -90.124  -7.350 0.0000000000
136991  -17.693  -106.714  -17.129 0.0000000000
136992  -17.219  -106.849  -17.685 0.0000000000
136993  -17.668  -106.652  -17.762 0.0000000000
136994  -17.629  -106.572  -18.397 0.0000000000
136995  -17.576  -106.475  -19.031 0.0000000000
136996  -18.501  -106.100  -18.547 0.0000000000
136997  -18.013  -106.241  -19.111 0.0000000000
136998  -17.507  -106.361  -19.664 0.0000000000
136999  -17.425  -106.229  -20.295 0.0000000000
137000  -17.329  -106.080  -20.924 0.0000000000
137001  -17.220  -105.912  -21.549 0.0000000000
137002  -20.128  -104.917  -18.795 0.0000000000
137003  -19.669  -105.106  -19.384 0.0000000000
137004  -19.191  -105.272  -19.963 0.0000000000
137005  -19.493  -104.780  -20.663 0.0000000000
137006  -19.099  -105.109  -20.600 0.0000000000
137007  -18.695  -105.418  -20.531 0.0000000000
137008  -18.180  -105.542  -21.089 0.0000000000
137009  -17.647  -105.645  -21.636 0.0000000000
137010  -17.098  -105.727  -22.171 0.0000000000
137011  -16.964  -105.522  -22.789 0.0000000000
137012  -16.820  -105.299  -23.401 0.0000000000
137013  -16.665  -105.057  -24.008 0.0000000000
137014  -17.655  -104.695  -23.571 0.0000000000
137015  -17.085  -104.757  -24.097 0.0000000000
143618  -23.485  -100.996  -17.849 0.0000000000
143619  -23.150  -101.318  -18.479 0.0000000000
143620  -23.404  -100.813  -18.499 0.0000000000
143621  -23.311  -100.614  -19.143 0.0000000000
143622  -23.204  -100.399  -19.781 0.0000000000
143623  -23.763  -99.544  -19.169 0.0000000000
143624  -23.435  -99.866  -19.793 0.0000000000
143625  -23.086  -100.168  -20.414 0.0000000000
143626  -22.957  -99.920  -21.040 0.0000000000
143629  -24.479  -97.234  -19.200 0.0000000000
156559  -13.055  -107.658  -15.716 0.0000000000
156560  -13.513  -107.653  -15.802 0.0000000000
156568  -13.948  -107.586  -15.325 0.0000000000
156569  -13.976  -107.631  -15.888 0.0000000000
156570  -14.443  -107.590  -15.972 0.0000000000
156571  -14.913  -107.531  -16.055 0.0000000000
156572  -15.383  -107.452  -16.135 0.0000000000
156573  -15.803  -107.313  -15.010 0.0000000000
156574  -15.836  -107.342  -15.610 0.0000000000
156575  -15.853  -107.353  -16.213 0.0000000000
156576  -16.322  -107.235  -16.288 0.0000000000
156577  -16.787  -107.096  -16.361 0.0000000000
156578  -17.247  -106.937  -16.430 0.0000000000
156597  -17.433  -106.631  -12.740 0.0000000000
156598  -17.519  -106.698  -13.363 0.0000000000
156599  -17.588  -106.747  -13.988 0.0000000000
156600  -18.445  -106.370  -13.435 0.0000000000
156601  -18.050  -106.584  -14.030 0.0000000000
156602  -17.640  -106.777  -14.613 0.0000000000
156603  -17.676  -106.789  -15.240 0.0000000000
156604  -17.697  -106.783  -15.867 0.0000000000
156605  -17.702  -106.757  -16.497 0.0000000000
156606  -18.151  -106.557  -16.562 0.0000000000
156607  -18.592  -106.337  -16.624 0.0000000000
156608  -19.024  -106.096  -16.683 0.0000000000
156609  -19.447  -105.938  -15.444 0.0000000000
156610  -19.454  -105.895  -16.091 0.0000000000
156611  -19.446  -105.834  -16.739 0.0000000000
156612  -19.858  -105.552  -16.792 0.0000000000
156613  -20.259  -105.249  -16.843 0.0000000000
156614  -20.648  -104.927  -16.890 0.0000000000
156615  -20.953  -104.892  -12.973 0.0000000000
156616  -21.001  -104.884  -13.635 0.0000000000
156617  -21.034  -104.859  -14.297 0.0000000000
156618  -21.761  -104.223  -13.695 0.0000000000
156619  -21.416  -104.530  -14.330 0.0000000000
156620  -21.053  -104.816  -14.958 0.0000000000
156621  -21.058  -104.756  -15.618 0.0000000000
156622  -21.048  -104.679  -16.277 0.0000000000
156623  -21.025  -104.586  -16.935 0.0000000000
156624  -21.389  -104.225  -16.977 0.0000000000
156625  -21.740  -103.844  -17.016 0.0000000000
156626  -22.078  -103.445  -17.052 0.0000000000
156627  -22.465  -103.257  -15.759 0.0000000000
156628  -22.440  -103.149  -16.424 0.0000000000
156629  -22.402  -103.026  -17.086 0.0000000000
156630  -22.712  -102.588  -17.117 0.0000000000
156631  -23.008  -102.131  -17.145 0.0000000000
156632  -23.288  -101.656  -17.171 0.0000000000
156687  -23.174  -101.928  -7.712 0.0000000000
156688  -23.286  -101.968  -8.396 0.0000000000
156689  -23.385  -101.994  -9.082 0.0000000000
156690  -23.906  -101.141  -8.432 0.0000000000
156691  -23.696  -101.580  -9.101 0.0000000000
156692  -23.470  -102.006  -9.767 0.0000000000
156693  -23.541  -102.003  -10.453 0.0000000000
156694  -23.599  -101.986  -11.137 0.0000000000
156695  -23.643  -101.955  -11.820 0.0000000000
156696  -24.949  -99.279  -8.535 0.0000000000
156697  -24.779  -99.750  -9.198 0.0000000000
156698  -24.592  -100.209  -9.861 0.0000000000
156699  -24.871  -99.674  -10.579 0.0000000000
156700  -24.638  -100.173  -10.551 0.0000000000
156701  -24.388  -100.656  -10.524 0.0000000000
156702  -24.167  -101.089  -11.185 0.0000000000
156703  -23.929  -101.507  -11.844 0.0000000000
156704  -23.674  -101.910  -12.501 0.0000000000
156705  -23.693  -101.849  -13.180 0.0000000000
156706  -23.699  -101.774  -13.857 0.0000000000
156707  -23.693  -101.683  -14.531 0.0000000000
156708  -24.225  -100.811  -13.908 0.0000000000
156709  -23.959  -101.202  -14.557 0.0000000000
156710  -23.676  -101.577  -15.202 0.0000000000
156711  -23.647  -101.455  -15.870 0.0000000000
156712  -23.606  -101.317  -16.535 0.0000000000
156713  -23.552  -101.164  -17.194 0.0000000000
156714  -23.799  -100.656  -17.215 0.0000000000
156715  -24.030  -100.131  -17.234 0.0000000000
156716  -24.244  -99.592  -17.251 0.0000000000
156717  -24.576  -99.378  -15.958 0.0000000000
156718  -24.514  -99.215  -16.615 0.0000000000
156719  -24.441  -99.038  -17.267 0.0000000000
156720  -24.622  -98.471  -17.281 0.0000000000
156721  -24.788  -97.890  -17.294 0.0000000000
156722  -24.937  -97.296  -17.306 0.0000000000
156723  -25.445  -97.683  -13.390 0.0000000000
156724  -25.410  -97.551  -14.058 0.0000000000
156725  -25.364  -97.406  -14.720 0.0000000000
156726  -25.672  -96.360  -14.108 0.0000000000
156727  -25.498  -96.811  -14.742 0.0000000000
156728  -25.307  -97.248  -15.377 0.0000000000
156729  -25.239  -97.076  -16.029 0.0000000000
156730  -25.160  -96.891  -16.676 0.0000000000
156731  -25.071  -96.690  -17.317 0.0000000000
156732  -25.189  -96.072  -17.327 0.0000000000
156733  -25.292  -95.443  -17.336 0.0000000000
156734  -25.379  -94.804  -17.345 0.0000000000
156735  -25.647  -94.582  -16.091 0.0000000000
156736  -25.554  -94.375  -16.725 0.0000000000
156737  -25.452  -94.154  -17.353 0.0000000000
156738  -25.509  -93.496  -17.361 0.0000000000
156739  -25.553  -92.828  -17.369 0.0000000000
156740  -25.582  -92.153  -17.377 0.0000000000
156741  -26.366  -93.727  -8.283 0.0000000000
156742  -26.373  -93.637  -8.968 0.0000000000
156743  -26.371  -93.537  -9.648 0.0000000000
156744  -26.468  -92.380  -9.086 0.0000000000
156745  -26.419  -92.906  -9.703 0.0000000000
156746  -26.358  -93.426  -10.325 0.0000000000
156747  -26.336  -93.306  -10.996 0.0000000000
156748  -26.305  -93.175  -11.663 0.0000000000
156749  -26.263  -93.032  -12.324 0.0000000000
156750  -26.493  -89.780  -9.353 0.0000000000
156751  -26.475  -90.312  -9.945 0.0000000000
156752  -26.447  -90.838  -10.542 0.0000000000
156753  -26.389  -90.029  -11.254 0.0000000000
156754  -26.405  -90.697  -11.199 0.0000000000
156755  -26.408  -91.359  -11.146 0.0000000000
156756  -26.357  -91.874  -11.753 0.0000000000
156757  -26.292  -92.380  -12.364 0.0000000000
156758  -26.212  -92.879  -12.978 0.0000000000
156759  -26.152  -92.714  -13.625 0.0000000000
156760  -26.082  -92.538  -14.267 0.0000000000
156761  -26.003  -92.350  -14.902 0.0000000000
156762  -26.103  -91.198  -14.326 0.0000000000
156763  -26.016  -91.678  -14.928 0.0000000000
156764  -25.914  -92.149  -15.532 0.0000000000
156765  -25.817  -91.936  -16.156 0.0000000000
156766  -25.711  -91.710  -16.774 0.0000000000
156767  -25.596  -91.471  -17.384 0.0000000000
156771  -25.764  -89.175  -16.230 0.0000000000
156772  -25.645  -88.931  -16.830 0.0000000000
156777  -25.957  -87.244  -13.922 0.0000000000
156778  -25.859  -87.030  -14.531 0.0000000000
156779  -25.754  -86.805  -15.135 0.0000000000
156780  -25.693  -85.604  -14.617 0.0000000000
156781  -25.672  -86.089  -15.172 0.0000000000
156782  -25.640  -86.567  -15.732 0.0000000000
156783  -25.519  -86.318  -16.322 0.0000000000
161665  -13.039  -107.723  -17.370 0.0000000000
161666  -12.548  -107.722  -17.798 0.0000000000
161667  -12.045  -107.697  -18.206 0.0000000000
161668  -12.414  -107.647  -18.937 0.0000000000
161669  -11.967  -107.657  -18.771 0.0000000000
161670  -11.527  -107.649  -18.596 0.0000000000
161672  -10.449  -107.482  -19.320 0.0000000000
161674  -9.740  -107.277  -20.221 0.0000000000
161675  -9.584  -107.173  -20.793 0.0000000000
161677  -10.470  -107.220  -21.259 0.0000000000
161683  -16.729  -106.964  -18.229 0.0000000000
161684  -16.224  -107.057  -18.760 0.0000000000
161685  -15.704  -107.129  -19.277 0.0000000000
161686  -16.086  -106.860  -20.005 0.0000000000
161687  -15.629  -107.030  -19.896 0.0000000000
161688  -15.170  -107.179  -19.779 0.0000000000
161689  -14.621  -107.207  -20.267 0.0000000000
161690  -14.059  -107.211  -20.739 0.0000000000
161691  -13.484  -107.192  -21.195 0.0000000000
161692  -15.648  -106.250  -22.481 0.0000000000
161693  -15.197  -106.452  -22.362 0.0000000000
161694  -14.741  -106.633  -22.234 0.0000000000
161695  -13.997  -106.424  -23.308 0.0000000000
161696  -14.145  -106.618  -22.704 0.0000000000
161697  -14.282  -106.793  -22.098 0.0000000000
161698  -13.821  -106.932  -21.952 0.0000000000
161699  -13.358  -107.051  -21.798 0.0000000000
161700  -12.896  -107.149  -21.635 0.0000000000
161701  -12.295  -107.082  -22.059 0.0000000000
161702  -11.683  -106.992  -22.468 0.0000000000
161737  -22.794  -101.620  -19.104 0.0000000000
161738  -22.417  -101.901  -19.724 0.0000000000
161739  -22.019  -102.161  -20.336 0.0000000000
161740  -22.190  -101.458  -20.994 0.0000000000
161741  -21.903  -101.937  -20.970 0.0000000000
161742  -21.600  -102.399  -20.941 0.0000000000
161743  -21.159  -102.615  -21.537 0.0000000000
161744  -20.698  -102.808  -22.125 0.0000000000
161745  -20.218  -102.979  -22.702 0.0000000000
