#!ascii label  , from subject fsaverage vox2ras=TkReg
680
130  -19.191  -99.332  3.464 0.0000000000
206  -1.593  -103.521  -17.956 0.0000000000
568  -6.294  -103.287  -8.355 0.0000000000
1257  -15.264  -100.010  2.845 0.0000000000
1258  -13.326  -102.807  -2.583 0.0000000000
2342  -8.688  -101.784  -3.256 0.0000000000
2372  -3.899  -103.899  -13.220 0.0000000000
3134  -18.457  -101.068  0.714 0.0000000000
3175  -18.023  -98.102  5.955 0.0000000000
3176  -16.076  -98.401  5.621 0.0000000000
3177  -17.299  -99.826  3.188 0.0000000000
3178  -16.469  -101.436  0.433 0.0000000000
3497  2.119  -101.001  -20.610 0.0000000000
3498  -0.466  -102.942  -20.284 0.0000000000
3735  -21.898  -94.585  8.952 0.0000000000
5216  -12.202  -103.924  -5.190 0.0000000000
5282  -3.876  -102.131  -8.661 0.0000000000
5283  -2.655  -102.410  -11.128 0.0000000000
5284  -5.086  -103.713  -10.809 0.0000000000
5285  -6.294  -105.070  -12.823 0.0000000000
5286  -7.466  -104.743  -10.455 0.0000000000
5842  -4.082  -105.001  -17.464 0.0000000000
5843  -3.031  -104.589  -19.788 0.0000000000
6871  -13.117  -99.900  2.461 0.0000000000
6872  -12.126  -101.254  -0.258 0.0000000000
6873  -14.351  -101.491  0.102 0.0000000000
6874  -15.522  -102.889  -2.273 0.0000000000
6915  -5.099  -101.619  -6.147 0.0000000000
7724  -19.823  -97.499  6.200 0.0000000000
7725  -20.909  -98.521  3.649 0.0000000000
7726  -21.442  -96.586  6.329 0.0000000000
7727  -22.845  -95.364  6.338 0.0000000000
9586  -7.503  -102.639  -5.838 0.0000000000
9587  -11.040  -102.433  -2.916 0.0000000000
9588  -9.881  -103.416  -5.504 0.0000000000
9589  -8.673  -104.190  -8.023 0.0000000000
9669  -0.255  -102.219  -15.949 0.0000000000
9671  -1.453  -102.440  -13.554 0.0000000000
9672  -2.736  -103.837  -15.600 0.0000000000
9673  -5.165  -105.158  -15.147 0.0000000000
10814  -18.839  -100.215  2.088 0.0000000000
10815  -19.391  -100.763  0.829 0.0000000000
10816  -19.747  -99.878  2.201 0.0000000000
10855  -18.615  -98.739  4.716 0.0000000000
10856  -17.673  -98.975  4.573 0.0000000000
10857  -18.265  -99.619  3.336 0.0000000000
10858  -17.889  -100.471  1.956 0.0000000000
11176  -0.330  -102.665  -18.148 0.0000000000
11177  0.251  -102.368  -19.314 0.0000000000
11178  -1.028  -103.265  -19.125 0.0000000000
12962  -5.089  -102.740  -8.513 0.0000000000
12963  -4.480  -102.947  -9.751 0.0000000000
12964  -5.688  -103.529  -9.588 0.0000000000
12965  -6.285  -104.262  -10.633 0.0000000000
12966  -6.884  -104.045  -9.419 0.0000000000
13577  -4.790  -105.487  -18.320 0.0000000000
15288  -15.682  -99.219  4.231 0.0000000000
15290  -14.640  -99.229  4.039 0.0000000000
15292  -14.203  -99.990  2.656 0.0000000000
15293  -13.741  -100.718  1.284 0.0000000000
15294  -14.821  -100.769  1.468 0.0000000000
15295  -17.043  -102.075  -0.784 0.0000000000
15296  -16.010  -102.185  -0.927 0.0000000000
16255  -2.509  -104.282  -20.944 0.0000000000
16964  -20.110  -96.557  7.551 0.0000000000
16965  -20.658  -97.081  6.280 0.0000000000
16966  -20.920  -96.114  7.615 0.0000000000
16967  -22.575  -93.963  8.935 0.0000000000
16968  -22.382  -94.996  7.651 0.0000000000
16969  -23.029  -94.324  7.622 0.0000000000
16970  -23.459  -94.642  6.296 0.0000000000
17098  -19.253  -96.922  7.456 0.0000000000
21037  -21.692  -97.997  3.699 0.0000000000
21400  -8.081  -100.899  -2.115 0.0000000000
21402  -7.499  -101.367  -3.423 0.0000000000
21403  -6.905  -101.787  -4.718 0.0000000000
21404  -8.101  -102.236  -4.554 0.0000000000
21405  -12.733  -102.056  -1.420 0.0000000000
21406  -11.593  -101.867  -1.595 0.0000000000
21407  -12.192  -102.656  -2.747 0.0000000000
21409  -11.050  -103.705  -5.342 0.0000000000
21410  -10.454  -104.151  -6.612 0.0000000000
21411  -9.281  -103.831  -6.774 0.0000000000
21412  -9.847  -104.543  -7.862 0.0000000000
21413  -9.235  -104.878  -9.087 0.0000000000
21610  -3.274  -103.180  -12.191 0.0000000000
21611  -2.052  -102.456  -12.345 0.0000000000
21612  -2.679  -103.204  -13.397 0.0000000000
21613  -2.088  -103.166  -14.597 0.0000000000
21614  -3.315  -103.899  -14.412 0.0000000000
21615  -3.960  -104.536  -15.384 0.0000000000
21616  -4.529  -104.560  -14.208 0.0000000000
21617  -7.455  -105.544  -12.620 0.0000000000
24149  -17.066  -98.289  5.798 0.0000000000
24150  -16.694  -99.135  4.410 0.0000000000
24151  -16.297  -99.956  3.023 0.0000000000
24152  -15.875  -100.746  1.643 0.0000000000
24153  -16.899  -100.648  1.806 0.0000000000
24154  -17.482  -101.292  0.581 0.0000000000
24726  1.530  -101.402  -19.464 0.0000000000
24727  0.828  -102.005  -20.468 0.0000000000
25155  -21.165  -95.131  8.937 0.0000000000
27820  -12.775  -103.392  -3.897 0.0000000000
27940  -2.659  -101.463  -8.793 0.0000000000
27941  -2.044  -101.593  -10.032 0.0000000000
27942  -3.263  -102.301  -9.900 0.0000000000
27943  -3.874  -103.095  -10.976 0.0000000000
27944  -4.489  -103.836  -12.019 0.0000000000
27945  -5.106  -104.521  -13.026 0.0000000000
27946  -5.692  -104.422  -11.835 0.0000000000
27947  -6.876  -104.936  -11.645 0.0000000000
27948  -8.035  -105.379  -11.462 0.0000000000
28990  -2.845  -104.300  -17.727 0.0000000000
28991  -2.298  -104.086  -18.895 0.0000000000
28992  -3.554  -104.828  -18.627 0.0000000000
28993  -4.290  -105.290  -19.475 0.0000000000
31394  -11.506  -100.406  0.905 0.0000000000
31395  -12.635  -100.596  1.095 0.0000000000
31396  -13.250  -101.408  -0.076 0.0000000000
31397  -13.852  -102.172  -1.249 0.0000000000
31398  -15.425  -101.502  0.273 0.0000000000
31399  -14.945  -102.216  -1.083 0.0000000000
31400  -14.437  -102.885  -2.424 0.0000000000
31495  -3.276  -101.272  -7.543 0.0000000000
31496  -4.489  -101.902  -7.410 0.0000000000
31497  -5.698  -102.476  -7.263 0.0000000000
32685  -1.755  -103.805  -20.058 0.0000000000
32686  -1.211  -103.456  -21.211 0.0000000000
33584  -19.518  -98.425  4.836 0.0000000000
33585  -20.074  -98.966  3.570 0.0000000000
33586  -20.377  -98.032  4.931 0.0000000000
33587  -21.186  -97.561  4.996 0.0000000000
33588  -21.942  -97.013  5.031 0.0000000000
33589  -21.678  -95.594  7.649 0.0000000000
33590  -22.171  -96.013  6.349 0.0000000000
33591  -22.642  -96.387  5.037 0.0000000000
33592  -23.284  -95.688  5.013 0.0000000000
33753  -18.354  -97.210  7.332 0.0000000000
33754  -18.943  -97.839  6.091 0.0000000000
38559  -20.607  -99.461  2.290 0.0000000000
38996  -5.706  -101.282  -4.871 0.0000000000
38997  -6.304  -102.158  -5.998 0.0000000000
38998  -6.899  -102.990  -7.105 0.0000000000
38999  -10.980  -101.030  -0.441 0.0000000000
39000  -10.434  -101.608  -1.771 0.0000000000
39001  -9.870  -102.141  -3.086 0.0000000000
39002  -11.630  -103.206  -4.055 0.0000000000
39003  -10.468  -102.950  -4.218 0.0000000000
39004  -9.290  -102.625  -4.386 0.0000000000
39005  -8.697  -103.060  -5.671 0.0000000000
39006  -8.094  -103.443  -6.940 0.0000000000
39007  -7.488  -103.772  -8.190 0.0000000000
39008  -8.066  -104.495  -9.250 0.0000000000
39009  -8.629  -105.156  -10.286 0.0000000000
39242  0.342  -102.012  -17.132 0.0000000000
39243  -0.913  -102.896  -16.973 0.0000000000
39247  -1.433  -101.661  -11.260 0.0000000000
39248  -0.827  -101.667  -12.477 0.0000000000
39249  -0.221  -101.611  -13.686 0.0000000000
39250  -0.854  -102.362  -14.756 0.0000000000
39251  -1.500  -103.063  -15.789 0.0000000000
39252  -2.162  -103.711  -16.780 0.0000000000
39253  -3.399  -104.450  -16.556 0.0000000000
39254  -4.618  -105.111  -16.304 0.0000000000
39256  -5.724  -105.144  -13.988 0.0000000000
41534  -19.019  -99.777  2.776 0.0000000000
41535  -19.299  -100.057  2.147 0.0000000000
41536  -19.472  -99.611  2.834 0.0000000000
41575  -18.906  -99.042  4.091 0.0000000000
41576  -18.443  -99.182  4.026 0.0000000000
41577  -18.734  -99.486  3.402 0.0000000000
41578  -18.555  -99.923  2.713 0.0000000000
41896  -0.962  -103.102  -18.057 0.0000000000
41897  -0.675  -102.972  -18.642 0.0000000000
41898  -1.310  -103.401  -18.541 0.0000000000
43682  -5.693  -103.021  -8.435 0.0000000000
43683  -5.389  -103.141  -9.055 0.0000000000
43684  -5.991  -103.415  -8.973 0.0000000000
43685  -6.288  -103.795  -9.504 0.0000000000
43686  -6.590  -103.673  -8.891 0.0000000000
46008  -15.476  -99.618  3.537 0.0000000000
46009  -15.165  -99.233  4.136 0.0000000000
46010  -14.954  -99.625  3.443 0.0000000000
46011  -14.425  -99.613  3.346 0.0000000000
46012  -14.737  -100.009  2.751 0.0000000000
46013  -14.514  -100.385  2.063 0.0000000000
46014  -15.046  -100.393  2.155 0.0000000000
47684  -20.247  -96.080  8.222 0.0000000000
47685  -20.521  -96.345  7.587 0.0000000000
47686  -20.652  -95.862  8.254 0.0000000000
47688  -22.805  -94.149  8.280 0.0000000000
47818  -19.830  -96.278  8.182 0.0000000000
51757  -22.062  -97.706  3.714 0.0000000000
52120  -8.385  -101.346  -2.687 0.0000000000
52121  -7.791  -101.138  -2.770 0.0000000000
52122  -8.094  -101.582  -3.340 0.0000000000
52123  -7.800  -101.806  -3.990 0.0000000000
52124  -8.396  -102.016  -3.907 0.0000000000
52125  -13.032  -102.438  -2.002 0.0000000000
52126  -12.466  -102.362  -2.086 0.0000000000
52127  -12.762  -102.740  -2.665 0.0000000000
52128  -11.309  -104.622  -7.090 0.0000000000
52129  -11.034  -104.286  -6.535 0.0000000000
52130  -10.732  -104.496  -7.163 0.0000000000
52131  -10.152  -104.354  -7.240 0.0000000000
52132  -10.428  -104.693  -7.785 0.0000000000
52133  -10.121  -104.876  -8.401 0.0000000000
52330  -3.585  -103.547  -12.710 0.0000000000
52331  -2.976  -103.200  -12.795 0.0000000000
52332  -3.290  -103.561  -13.311 0.0000000000
52333  -2.996  -103.559  -13.910 0.0000000000
52334  -3.606  -103.907  -13.817 0.0000000000
52335  -3.923  -104.239  -14.312 0.0000000000
52336  -4.213  -104.237  -13.719 0.0000000000
52337  -8.024  -105.754  -12.524 0.0000000000
55484  -18.254  -101.481  0.029 0.0000000000
55486  -18.732  -101.346  0.089 0.0000000000
55487  -19.840  -100.579  0.880 0.0000000000
55605  -17.722  -97.767  6.571 0.0000000000
55606  -17.245  -97.858  6.491 0.0000000000
55607  -17.549  -98.205  5.879 0.0000000000
55608  -17.489  -99.404  3.880 0.0000000000
55609  -17.187  -99.065  4.494 0.0000000000
55610  -16.998  -99.486  3.800 0.0000000000
55611  -16.499  -99.549  3.716 0.0000000000
55612  -16.803  -99.901  3.108 0.0000000000
55613  -16.600  -100.308  2.416 0.0000000000
55614  -17.103  -100.241  2.496 0.0000000000
55615  -18.176  -100.776  1.336 0.0000000000
55616  -17.689  -100.886  1.267 0.0000000000
55617  -17.974  -101.190  0.649 0.0000000000
55618  -17.765  -101.594  -0.035 0.0000000000
56569  -0.104  -102.662  -19.805 0.0000000000
56570  0.540  -102.195  -19.893 0.0000000000
56571  0.181  -102.482  -20.382 0.0000000000
56572  0.466  -102.286  -20.955 0.0000000000
56573  -0.185  -102.756  -20.860 0.0000000000
61724  -9.542  -101.017  -1.285 0.0000000000
61726  -13.621  -103.795  -4.399 0.0000000000
61927  -3.268  -101.804  -8.729 0.0000000000
61928  -2.960  -101.887  -9.350 0.0000000000
61929  -3.569  -102.224  -9.282 0.0000000000
61930  -4.783  -103.337  -10.284 0.0000000000
61931  -4.176  -103.029  -10.365 0.0000000000
61932  -4.481  -103.412  -10.894 0.0000000000
61933  -4.181  -103.472  -11.502 0.0000000000
61934  -4.786  -103.782  -11.416 0.0000000000
61935  -5.092  -104.138  -11.928 0.0000000000
61936  -5.389  -104.074  -11.327 0.0000000000
61937  -6.878  -104.512  -10.544 0.0000000000
61938  -6.581  -104.607  -11.143 0.0000000000
61939  -7.170  -104.847  -11.052 0.0000000000
61940  -7.459  -105.166  -11.552 0.0000000000
61941  -7.753  -105.069  -10.962 0.0000000000
63766  -3.466  -104.661  -17.600 0.0000000000
63767  -3.196  -104.572  -18.183 0.0000000000
63768  -3.817  -104.923  -18.045 0.0000000000
63770  -4.540  -105.397  -18.898 0.0000000000
68917  -12.565  -99.829  2.362 0.0000000000
68918  -12.322  -100.174  1.680 0.0000000000
68919  -12.879  -100.253  1.776 0.0000000000
68920  -14.047  -101.111  0.694 0.0000000000
68921  -13.499  -101.068  0.602 0.0000000000
68922  -13.803  -101.459  0.014 0.0000000000
68923  -13.553  -101.797  -0.662 0.0000000000
68924  -14.104  -101.837  -0.575 0.0000000000
68925  -16.175  -101.097  1.039 0.0000000000
68926  -15.653  -101.129  0.956 0.0000000000
68927  -15.951  -101.479  0.354 0.0000000000
68928  -15.770  -102.543  -1.602 0.0000000000
68929  -15.482  -102.210  -1.004 0.0000000000
68930  -15.236  -102.559  -1.678 0.0000000000
68931  -14.695  -102.557  -1.756 0.0000000000
68932  -14.983  -102.897  -2.347 0.0000000000
69137  -4.496  -101.328  -6.217 0.0000000000
69138  -4.190  -101.468  -6.849 0.0000000000
69139  -4.795  -101.767  -6.780 0.0000000000
69140  -5.094  -102.197  -7.338 0.0000000000
69141  -5.399  -102.053  -6.708 0.0000000000
71799  -2.661  -104.345  -19.348 0.0000000000
71800  -2.026  -103.954  -19.478 0.0000000000
71801  -2.395  -104.207  -19.929 0.0000000000
71803  -1.862  -103.879  -21.083 0.0000000000
71804  -1.594  -103.689  -21.657 0.0000000000
71805  -0.939  -103.255  -21.783 0.0000000000
73934  -19.673  -97.964  5.519 0.0000000000
73935  -19.953  -98.239  4.887 0.0000000000
73936  -20.102  -97.771  5.567 0.0000000000
73937  -21.056  -96.843  6.308 0.0000000000
73938  -20.925  -97.327  5.639 0.0000000000
73939  -21.316  -97.075  5.664 0.0000000000
73940  -21.571  -97.297  5.017 0.0000000000
73941  -21.695  -96.805  5.682 0.0000000000
73942  -21.538  -94.867  8.948 0.0000000000
73943  -21.424  -95.368  8.294 0.0000000000
73944  -21.790  -95.091  8.302 0.0000000000
73945  -22.616  -95.186  6.996 0.0000000000
73946  -22.279  -95.507  7.002 0.0000000000
73947  -22.515  -95.698  6.347 0.0000000000
73948  -22.410  -96.206  5.695 0.0000000000
73949  -22.746  -95.878  5.690 0.0000000000
73950  -22.970  -96.047  5.029 0.0000000000
73951  -23.067  -95.531  5.677 0.0000000000
73952  -23.743  -94.255  6.263 0.0000000000
73953  -23.665  -94.785  5.628 0.0000000000
74335  -19.540  -97.216  6.830 0.0000000000
74336  -19.100  -97.382  6.775 0.0000000000
74337  -19.389  -97.679  6.149 0.0000000000
74338  -19.233  -98.138  5.465 0.0000000000
86152  -20.498  -98.753  3.613 0.0000000000
86153  -20.344  -99.219  2.932 0.0000000000
86154  -20.761  -98.993  2.971 0.0000000000
87250  -7.204  -102.218  -5.280 0.0000000000
87251  -6.605  -101.979  -5.360 0.0000000000
87252  -6.904  -102.406  -5.919 0.0000000000
87253  -6.602  -102.580  -6.554 0.0000000000
87254  -7.201  -102.821  -6.474 0.0000000000
87255  -11.817  -100.835  0.324 0.0000000000
87256  -11.246  -100.723  0.230 0.0000000000
87257  -11.555  -101.150  -0.349 0.0000000000
87258  -11.319  -102.156  -2.258 0.0000000000
87259  -11.016  -101.746  -1.683 0.0000000000
87260  -10.738  -102.027  -2.344 0.0000000000
87261  -10.154  -101.881  -2.431 0.0000000000
87262  -10.457  -102.295  -3.001 0.0000000000
87263  -12.491  -103.665  -4.546 0.0000000000
87264  -12.205  -103.308  -3.975 0.0000000000
87265  -11.919  -103.572  -4.622 0.0000000000
87266  -10.467  -103.569  -5.422 0.0000000000
87267  -10.761  -103.334  -4.781 0.0000000000
87268  -10.176  -103.189  -4.863 0.0000000000
87269  -9.881  -102.796  -4.302 0.0000000000
87270  -9.588  -103.027  -4.947 0.0000000000
87271  -8.995  -102.849  -5.031 0.0000000000
87272  -9.291  -103.246  -5.588 0.0000000000
87273  -8.978  -104.017  -7.401 0.0000000000
87274  -8.689  -103.645  -6.857 0.0000000000
87275  -8.385  -103.824  -7.484 0.0000000000
87276  -7.791  -103.614  -7.568 0.0000000000
87277  -8.082  -103.989  -8.107 0.0000000000
87278  -7.779  -104.141  -8.723 0.0000000000
87279  -8.369  -104.350  -8.640 0.0000000000
87281  -8.931  -105.024  -9.690 0.0000000000
87282  -9.204  -105.337  -10.207 0.0000000000
87283  -8.903  -105.463  -10.795 0.0000000000
87859  0.043  -102.123  -16.542 0.0000000000
87860  -0.286  -102.463  -17.057 0.0000000000
87861  -0.582  -102.564  -16.466 0.0000000000
87869  0.094  -100.843  -11.978 0.0000000000
87870  -2.348  -102.007  -10.584 0.0000000000
87871  -1.738  -101.635  -10.647 0.0000000000
87872  -2.044  -102.043  -11.196 0.0000000000
87873  -1.752  -102.456  -12.950 0.0000000000
87874  -1.439  -102.069  -12.414 0.0000000000
87875  -1.138  -102.059  -13.019 0.0000000000
87876  -0.524  -101.647  -13.082 0.0000000000
87877  -0.837  -102.034  -13.623 0.0000000000
87878  -0.536  -101.992  -14.225 0.0000000000
87879  -1.153  -102.409  -14.156 0.0000000000
87880  -2.411  -103.508  -15.104 0.0000000000
87881  -1.794  -103.122  -15.194 0.0000000000
87882  -2.119  -103.459  -15.698 0.0000000000
87883  -1.828  -103.394  -16.290 0.0000000000
87884  -2.448  -103.782  -16.191 0.0000000000
87885  -2.782  -104.090  -16.672 0.0000000000
87886  -3.065  -104.151  -16.084 0.0000000000
87887  -4.565  -104.857  -15.268 0.0000000000
87888  -4.287  -104.831  -15.851 0.0000000000
87889  -4.890  -105.142  -15.725 0.0000000000
87890  -5.219  -105.411  -16.169 0.0000000000
87891  -5.487  -105.433  -15.596 0.0000000000
87892  -5.703  -104.805  -12.925 0.0000000000
87893  -5.415  -104.841  -13.513 0.0000000000
87894  -6.008  -105.115  -13.407 0.0000000000
93194  -18.652  -100.646  1.400 0.0000000000
93195  -18.930  -100.925  0.774 0.0000000000
93196  -19.118  -100.495  1.460 0.0000000000
93197  -19.573  -100.324  1.515 0.0000000000
93198  -20.015  -100.133  1.564 0.0000000000
93267  -18.321  -98.426  5.337 0.0000000000
93268  -17.850  -98.541  5.265 0.0000000000
93269  -18.149  -98.867  4.647 0.0000000000
93270  -17.971  -99.303  3.955 0.0000000000
93271  -17.787  -99.732  3.264 0.0000000000
93272  -17.596  -100.155  2.573 0.0000000000
93273  -18.081  -100.049  2.645 0.0000000000
93274  -18.369  -100.353  2.024 0.0000000000
93844  0.304  -102.211  -18.231 0.0000000000
93845  0.598  -102.060  -18.814 0.0000000000
93846  -0.039  -102.525  -18.733 0.0000000000
93847  -0.389  -102.825  -19.225 0.0000000000
93848  -0.747  -103.112  -19.706 0.0000000000
97060  -4.483  -102.443  -8.589 0.0000000000
97061  -4.178  -102.545  -9.210 0.0000000000
97062  -4.784  -102.851  -9.134 0.0000000000
97063  -5.085  -103.246  -9.671 0.0000000000
97064  -5.387  -103.628  -10.200 0.0000000000
97065  -5.687  -103.996  -10.722 0.0000000000
97066  -5.987  -103.903  -10.115 0.0000000000
97067  -6.584  -104.161  -10.028 0.0000000000
97068  -7.177  -104.402  -9.941 0.0000000000
98164  -4.692  -105.321  -17.320 0.0000000000
98165  -4.432  -105.253  -17.899 0.0000000000
98166  -5.041  -105.562  -17.744 0.0000000000
101246  -15.882  -98.813  4.926 0.0000000000
101247  -15.570  -98.430  5.527 0.0000000000
101253  -13.890  -99.584  3.248 0.0000000000
101254  -13.663  -99.953  2.559 0.0000000000
101255  -13.430  -100.314  1.873 0.0000000000
101256  -13.975  -100.358  1.968 0.0000000000
101257  -14.284  -100.752  1.377 0.0000000000
101258  -14.589  -101.135  0.783 0.0000000000
101259  -16.759  -101.762  -0.174 0.0000000000
101260  -16.244  -101.816  -0.249 0.0000000000
101261  -16.531  -102.140  -0.854 0.0000000000
101262  -16.295  -102.506  -1.530 0.0000000000
101263  -16.052  -102.862  -2.203 0.0000000000
102984  -3.408  -104.816  -20.216 0.0000000000
102985  -2.770  -104.444  -20.367 0.0000000000
102986  -3.153  -104.664  -20.793 0.0000000000
104264  -19.969  -97.030  6.877 0.0000000000
104265  -20.247  -97.300  6.244 0.0000000000
104266  -20.386  -96.824  6.917 0.0000000000
104267  -20.791  -96.600  6.949 0.0000000000
104268  -21.183  -96.355  6.974 0.0000000000
104269  -22.244  -94.283  8.948 0.0000000000
104270  -22.143  -94.796  8.303 0.0000000000
104271  -22.481  -94.482  8.295 0.0000000000
104272  -22.713  -94.669  7.640 0.0000000000
104273  -22.939  -94.846  6.982 0.0000000000
104274  -23.160  -95.012  6.321 0.0000000000
104275  -23.247  -94.488  6.961 0.0000000000
104276  -23.539  -94.113  6.931 0.0000000000
104505  -19.402  -96.457  8.134 0.0000000000
104506  -19.687  -96.749  7.507 0.0000000000
111595  -21.307  -98.269  3.678 0.0000000000
111596  -21.166  -98.748  3.003 0.0000000000
111597  -21.558  -98.483  3.028 0.0000000000
112252  -6.903  -101.137  -3.503 0.0000000000
112253  -6.605  -101.345  -4.151 0.0000000000
112254  -7.203  -101.583  -4.072 0.0000000000
112255  -7.503  -102.019  -4.637 0.0000000000
112256  -7.803  -102.444  -5.198 0.0000000000
112257  -12.431  -101.661  -0.839 0.0000000000
112258  -11.862  -101.566  -0.929 0.0000000000
112259  -12.166  -101.970  -1.508 0.0000000000
112260  -11.895  -102.268  -2.172 0.0000000000
112261  -11.618  -102.553  -2.831 0.0000000000
112263  -11.628  -103.823  -5.265 0.0000000000
112264  -11.333  -104.061  -5.902 0.0000000000
112265  -10.753  -103.935  -5.980 0.0000000000
112266  -10.170  -103.791  -6.059 0.0000000000
112267  -9.582  -103.630  -6.141 0.0000000000
112268  -9.870  -103.999  -6.692 0.0000000000
112269  -9.567  -104.194  -7.319 0.0000000000
112270  -9.262  -104.375  -7.941 0.0000000000
112271  -8.956  -104.542  -8.558 0.0000000000
112272  -9.541  -104.717  -8.478 0.0000000000
112619  0.688  -101.409  -15.483 0.0000000000
112620  0.067  -101.861  -15.422 0.0000000000
112626  -2.963  -102.801  -11.663 0.0000000000
112627  -2.353  -102.441  -11.737 0.0000000000
112628  -2.663  -102.827  -12.270 0.0000000000
112629  -2.365  -102.836  -12.875 0.0000000000
112630  -2.067  -102.831  -13.478 0.0000000000
112631  -1.769  -102.809  -14.080 0.0000000000
112632  -2.384  -103.193  -13.998 0.0000000000
112633  -2.703  -103.541  -14.507 0.0000000000
112634  -3.025  -103.876  -15.007 0.0000000000
112635  -3.350  -104.196  -15.495 0.0000000000
112636  -3.636  -104.225  -14.904 0.0000000000
112637  -4.243  -104.556  -14.796 0.0000000000
112638  -4.846  -104.867  -14.684 0.0000000000
112639  -6.879  -105.316  -12.720 0.0000000000
112640  -6.593  -105.369  -13.300 0.0000000000
117786  -16.759  -97.930  6.406 0.0000000000
117787  -16.575  -98.354  5.712 0.0000000000
117788  -17.371  -98.637  5.187 0.0000000000
117789  -16.883  -98.715  5.104 0.0000000000
117790  -16.386  -98.773  5.017 0.0000000000
117791  -16.192  -99.186  4.322 0.0000000000
117792  -15.991  -99.593  3.628 0.0000000000
117793  -15.784  -99.992  2.936 0.0000000000
117794  -15.571  -100.384  2.245 0.0000000000
117795  -16.090  -100.355  2.332 0.0000000000
117796  -16.391  -100.707  1.726 0.0000000000
117797  -16.688  -101.047  1.118 0.0000000000
117798  -17.399  -100.569  1.883 0.0000000000
117799  -17.193  -100.976  1.195 0.0000000000
117800  -16.980  -101.374  0.509 0.0000000000
117801  -17.266  -101.688  -0.103 0.0000000000
117802  -17.547  -101.989  -0.717 0.0000000000
119133  0.891  -101.894  -19.394 0.0000000000
119134  1.183  -101.711  -19.971 0.0000000000
119135  1.475  -101.511  -20.544 0.0000000000
119136  1.116  -101.799  -21.040 0.0000000000
120135  -20.779  -95.374  8.917 0.0000000000
120137  -21.282  -94.633  9.591 0.0000000000
120138  -21.649  -94.363  9.599 0.0000000000
120140  -21.755  -93.855  10.245 0.0000000000
120141  -22.002  -94.075  9.598 0.0000000000
125836  -22.761  -97.066  3.721 0.0000000000
126350  -8.977  -101.540  -2.602 0.0000000000
126351  -13.616  -103.163  -3.164 0.0000000000
126352  -13.053  -103.106  -3.243 0.0000000000
126353  -13.340  -103.458  -3.821 0.0000000000
126354  -13.059  -103.739  -4.472 0.0000000000
126634  -2.050  -101.106  -8.853 0.0000000000
126635  -1.741  -101.169  -9.473 0.0000000000
126636  -2.351  -101.536  -9.414 0.0000000000
126637  -2.654  -101.955  -9.969 0.0000000000
126638  -2.959  -102.364  -10.515 0.0000000000
126639  -3.872  -102.632  -9.827 0.0000000000
126640  -3.568  -102.704  -10.442 0.0000000000
126641  -3.265  -102.761  -11.054 0.0000000000
126642  -3.573  -103.145  -11.585 0.0000000000
126643  -3.882  -103.517  -12.107 0.0000000000
126644  -4.193  -103.875  -12.621 0.0000000000
126645  -4.504  -104.219  -13.124 0.0000000000
126646  -4.797  -104.186  -12.528 0.0000000000
126647  -5.398  -104.479  -12.432 0.0000000000
126648  -5.994  -104.754  -12.334 0.0000000000
126649  -5.987  -104.349  -11.235 0.0000000000
126650  -6.286  -104.688  -11.740 0.0000000000
126651  -6.584  -105.010  -12.235 0.0000000000
126652  -7.167  -105.248  -12.138 0.0000000000
126653  -7.744  -105.468  -12.043 0.0000000000
126654  -8.313  -105.671  -11.953 0.0000000000
129154  -2.221  -103.920  -17.846 0.0000000000
129155  -1.942  -103.811  -18.431 0.0000000000
129156  -2.571  -104.201  -18.312 0.0000000000
129157  -2.928  -104.467  -18.766 0.0000000000
129158  -3.292  -104.717  -19.208 0.0000000000
129159  -4.175  -105.168  -18.478 0.0000000000
129160  -3.919  -105.067  -19.058 0.0000000000
129161  -3.663  -104.950  -19.637 0.0000000000
129162  -4.041  -105.166  -20.053 0.0000000000
135681  -11.760  -100.079  1.583 0.0000000000
135682  -12.073  -100.510  1.000 0.0000000000
135683  -12.383  -100.930  0.417 0.0000000000
135684  -13.191  -100.666  1.190 0.0000000000
135685  -12.944  -101.008  0.510 0.0000000000
135686  -12.691  -101.340  -0.166 0.0000000000
135687  -12.995  -101.738  -0.750 0.0000000000
135688  -13.295  -102.123  -1.334 0.0000000000
135689  -13.592  -102.496  -1.918 0.0000000000
135690  -15.352  -100.767  1.556 0.0000000000
135691  -15.125  -101.141  0.871 0.0000000000
135692  -14.891  -101.506  0.189 0.0000000000
135693  -15.720  -101.849  -0.327 0.0000000000
135694  -15.189  -101.864  -0.407 0.0000000000
135695  -14.650  -101.860  -0.490 0.0000000000
135696  -14.402  -102.203  -1.165 0.0000000000
135697  -14.146  -102.535  -1.836 0.0000000000
135698  -13.884  -102.855  -2.503 0.0000000000
135955  -2.360  -101.028  -8.229 0.0000000000
135956  -2.967  -101.374  -8.170 0.0000000000
135957  -3.575  -101.706  -8.105 0.0000000000
135958  -3.584  -101.155  -6.914 0.0000000000
135959  -3.883  -101.594  -7.479 0.0000000000
135960  -4.183  -102.024  -8.037 0.0000000000
135961  -4.789  -102.327  -7.965 0.0000000000
135962  -5.393  -102.615  -7.890 0.0000000000
135963  -5.996  -102.888  -7.812 0.0000000000
139275  -1.665  -103.685  -19.015 0.0000000000
139276  -1.388  -103.542  -19.597 0.0000000000
139277  -1.111  -103.383  -20.176 0.0000000000
139278  -2.128  -104.051  -20.507 0.0000000000
139279  -1.483  -103.639  -20.635 0.0000000000
139280  -0.835  -103.207  -20.753 0.0000000000
139281  -0.559  -103.013  -21.327 0.0000000000
141884  -19.358  -98.881  4.151 0.0000000000
141885  -19.638  -99.159  3.520 0.0000000000
141886  -19.799  -98.701  4.205 0.0000000000
141887  -20.228  -98.501  4.252 0.0000000000
141888  -20.646  -98.282  4.291 0.0000000000
141889  -20.520  -97.559  5.607 0.0000000000
141890  -20.788  -97.806  4.967 0.0000000000
141891  -21.051  -98.043  4.324 0.0000000000
141892  -21.442  -97.785  4.349 0.0000000000
141893  -21.820  -97.507  4.367 0.0000000000
141894  -22.184  -97.210  4.378 0.0000000000
141895  -21.044  -95.624  8.278 0.0000000000
141896  -21.306  -95.864  7.636 0.0000000000
141897  -21.562  -96.092  6.991 0.0000000000
141898  -22.037  -95.304  7.654 0.0000000000
141899  -21.928  -95.809  7.000 0.0000000000
141900  -21.813  -96.309  6.343 0.0000000000
141901  -22.059  -96.515  5.692 0.0000000000
141902  -22.299  -96.710  5.038 0.0000000000
141903  -22.533  -96.893  4.381 0.0000000000
141904  -22.868  -96.558  4.377 0.0000000000
141905  -23.188  -96.205  4.365 0.0000000000
141907  -23.374  -95.167  5.656 0.0000000000
142373  -18.191  -97.658  6.645 0.0000000000
142374  -18.809  -97.075  7.397 0.0000000000
142375  -18.650  -97.530  6.713 0.0000000000
142376  -18.488  -97.980  6.026 0.0000000000
142377  -18.782  -98.291  5.404 0.0000000000
142378  -19.072  -98.592  4.779 0.0000000000
156633  -19.914  -99.425  2.886 0.0000000000
156634  -20.183  -99.680  2.249 0.0000000000
156635  -20.446  -99.922  1.608 0.0000000000
156636  -21.018  -99.222  2.325 0.0000000000
156637  -20.863  -99.690  1.645 0.0000000000
157948  -5.403  -101.457  -5.511 0.0000000000
157949  -6.306  -101.541  -4.796 0.0000000000
157950  -6.005  -101.725  -5.437 0.0000000000
157951  -5.702  -101.895  -6.074 0.0000000000
157952  -6.001  -102.324  -6.632 0.0000000000
157953  -6.299  -102.741  -7.185 0.0000000000
157954  -6.597  -103.146  -7.732 0.0000000000
157957  -10.402  -100.892  -0.532 0.0000000000
157958  -11.288  -101.454  -1.018 0.0000000000
157959  -10.710  -101.325  -1.108 0.0000000000
157960  -10.127  -101.179  -1.197 0.0000000000
157961  -9.849  -101.454  -1.859 0.0000000000
157962  -9.567  -101.718  -2.517 0.0000000000
157963  -9.280  -101.970  -3.171 0.0000000000
157964  -12.486  -103.031  -3.322 0.0000000000
157965  -11.914  -102.937  -3.403 0.0000000000
157966  -11.337  -102.826  -3.486 0.0000000000
157967  -11.342  -103.462  -4.701 0.0000000000
157968  -11.051  -103.087  -4.136 0.0000000000
157969  -10.756  -102.698  -3.569 0.0000000000
157970  -10.171  -102.552  -3.653 0.0000000000
157971  -9.582  -102.389  -3.738 0.0000000000
157972  -8.990  -102.210  -3.823 0.0000000000
157973  -8.697  -102.438  -4.470 0.0000000000
157974  -8.400  -102.654  -5.115 0.0000000000
157975  -8.100  -102.857  -5.755 0.0000000000
157976  -8.991  -103.452  -6.224 0.0000000000
157977  -8.396  -103.258  -6.308 0.0000000000
157978  -7.799  -103.047  -6.392 0.0000000000
157979  -7.497  -103.224  -7.023 0.0000000000
157980  -7.195  -103.388  -7.650 0.0000000000
157981  -6.892  -103.537  -8.273 0.0000000000
157982  -7.186  -103.915  -8.807 0.0000000000
157983  -7.477  -104.278  -9.334 0.0000000000
157984  -7.765  -104.626  -9.855 0.0000000000
157985  -8.652  -104.695  -9.168 0.0000000000
157986  -8.349  -104.834  -9.771 0.0000000000
157987  -8.050  -104.958  -10.369 0.0000000000
157988  -8.330  -105.275  -10.877 0.0000000000
157989  -8.606  -105.574  -11.377 0.0000000000
158682  0.640  -101.884  -17.719 0.0000000000
158683  0.009  -102.345  -17.645 0.0000000000
158684  -0.621  -102.789  -17.562 0.0000000000
158685  -1.250  -103.216  -17.469 0.0000000000
158695  -1.434  -101.216  -10.091 0.0000000000
158696  -1.127  -101.248  -10.706 0.0000000000
158697  -0.822  -101.264  -11.318 0.0000000000
158698  -1.741  -102.064  -11.806 0.0000000000
158699  -1.129  -101.672  -11.869 0.0000000000
158700  -0.518  -101.265  -11.927 0.0000000000
158701  -0.213  -101.250  -12.534 0.0000000000
158702  0.091  -101.219  -13.139 0.0000000000
158704  0.082  -101.560  -14.287 0.0000000000
158705  -0.235  -101.935  -14.825 0.0000000000
158706  -0.555  -102.298  -15.354 0.0000000000
158707  -1.472  -102.772  -14.680 0.0000000000
158708  -1.175  -102.719  -15.278 0.0000000000
158709  -0.878  -102.650  -15.873 0.0000000000
158710  -1.206  -102.988  -16.382 0.0000000000
158711  -1.539  -103.313  -16.881 0.0000000000
158712  -1.877  -103.624  -17.369 0.0000000000
158713  -2.501  -104.013  -17.259 0.0000000000
158714  -3.121  -104.383  -17.142 0.0000000000
158715  -3.737  -104.733  -17.016 0.0000000000
158716  -3.678  -104.501  -15.970 0.0000000000
158717  -4.011  -104.790  -16.433 0.0000000000
158718  -4.349  -105.064  -16.883 0.0000000000
158719  -4.954  -105.374  -16.744 0.0000000000
158720  -5.551  -105.663  -16.599 0.0000000000
158722  -4.816  -104.548  -13.618 0.0000000000
158723  -5.129  -104.862  -14.099 0.0000000000
158724  -5.443  -105.159  -14.568 0.0000000000
158725  -6.311  -105.408  -13.876 0.0000000000
158726  -6.033  -105.431  -14.450 0.0000000000
158727  -5.758  -105.440  -15.023 0.0000000000
