#!ascii label  , from subject fsaverage vox2ras=TkReg
401
442  16.945  -83.977  -17.275 0.0000000000
443  22.028  -76.421  -25.376 0.0000000000
1990  20.555  -78.160  -16.344 0.0000000000
1991  23.076  -74.527  -20.499 0.0000000000
1992  19.445  -80.561  -21.434 0.0000000000
2365  18.148  -81.140  -11.998 0.0000000000
4366  18.807  -81.070  -16.821 0.0000000000
4367  20.052  -79.385  -18.920 0.0000000000
4368  18.185  -82.361  -19.384 0.0000000000
5265  19.788  -78.372  -11.511 0.0000000000
5649  22.615  -75.507  -22.966 0.0000000000
5650  24.379  -72.456  -22.514 0.0000000000
6365  16.198  -85.316  -19.814 0.0000000000
8554  22.179  -75.275  -15.869 0.0000000000
8555  23.427  -73.496  -17.982 0.0000000000
8556  21.799  -76.426  -18.443 0.0000000000
8557  21.321  -77.534  -20.965 0.0000000000
8558  20.728  -78.584  -23.429 0.0000000000
8559  17.445  -83.584  -21.877 0.0000000000
8560  18.713  -81.665  -23.878 0.0000000000
9649  20.966  -76.900  -13.712 0.0000000000
9650  19.337  -79.735  -14.195 0.0000000000
9651  17.587  -82.577  -14.667 0.0000000000
9652  16.982  -82.366  -9.756 0.0000000000
9653  16.391  -83.894  -12.468 0.0000000000
9654  15.721  -85.394  -15.117 0.0000000000
12046  17.890  -82.527  -17.051 0.0000000000
12047  18.509  -81.722  -18.111 0.0000000000
12048  17.563  -83.193  -18.336 0.0000000000
13329  22.339  -75.974  -24.179 0.0000000000
13330  23.270  -74.426  -23.950 0.0000000000
13331  22.994  -74.859  -25.149 0.0000000000
18856  21.382  -76.713  -16.105 0.0000000000
18857  22.001  -75.855  -17.163 0.0000000000
18858  21.174  -77.312  -17.400 0.0000000000
18859  19.763  -79.980  -20.185 0.0000000000
18860  20.682  -78.481  -19.948 0.0000000000
18861  20.398  -79.045  -21.201 0.0000000000
18862  21.040  -78.067  -22.205 0.0000000000
18863  20.084  -79.595  -22.438 0.0000000000
18865  16.819  -84.474  -20.853 0.0000000000
18866  16.404  -85.084  -22.081 0.0000000000
21554  21.888  -74.870  -12.142 0.0000000000
21555  21.736  -75.491  -13.475 0.0000000000
21556  21.145  -76.260  -12.377 0.0000000000
21557  18.983  -79.756  -11.755 0.0000000000
21558  19.571  -79.056  -12.860 0.0000000000
21559  18.739  -80.459  -13.102 0.0000000000
21560  18.476  -81.157  -14.433 0.0000000000
21561  17.877  -81.862  -13.340 0.0000000000
21564  16.403  -82.911  -8.621 0.0000000000
21568  16.066  -84.649  -13.800 0.0000000000
22704  23.264  -74.017  -19.247 0.0000000000
26290  19.696  -79.613  -16.584 0.0000000000
26291  20.316  -78.778  -17.640 0.0000000000
26292  19.427  -80.249  -17.878 0.0000000000
26293  19.133  -80.873  -19.155 0.0000000000
26294  18.812  -81.483  -20.416 0.0000000000
27911  19.210  -79.049  -10.394 0.0000000000
27912  18.401  -80.413  -10.640 0.0000000000
28599  22.861  -75.024  -21.739 0.0000000000
28600  23.725  -73.513  -21.511 0.0000000000
28601  23.513  -73.977  -22.737 0.0000000000
28602  24.169  -72.886  -23.725 0.0000000000
30208  15.970  -85.418  -17.492 0.0000000000
30209  16.587  -84.656  -18.554 0.0000000000
35927  23.566  -72.963  -16.706 0.0000000000
35928  22.798  -74.406  -16.931 0.0000000000
35929  22.628  -74.958  -18.210 0.0000000000
35930  22.434  -75.499  -19.476 0.0000000000
35931  20.941  -77.902  -18.681 0.0000000000
35932  21.573  -76.987  -19.711 0.0000000000
35933  22.214  -76.028  -20.731 0.0000000000
35934  21.965  -76.543  -21.971 0.0000000000
35935  21.687  -77.043  -23.198 0.0000000000
35937  17.207  -83.843  -19.604 0.0000000000
35938  17.831  -82.982  -20.640 0.0000000000
35939  18.460  -82.076  -21.660 0.0000000000
35940  17.031  -84.165  -23.094 0.0000000000
35941  18.075  -82.648  -22.885 0.0000000000
35942  19.095  -81.124  -22.665 0.0000000000
35943  19.736  -80.125  -23.657 0.0000000000
35944  20.382  -79.079  -24.635 0.0000000000
39182  21.568  -76.106  -14.796 0.0000000000
39183  20.771  -77.534  -15.035 0.0000000000
39184  20.373  -77.656  -12.617 0.0000000000
39185  20.167  -78.315  -13.953 0.0000000000
39186  19.942  -78.968  -15.276 0.0000000000
39187  19.082  -80.407  -15.515 0.0000000000
39188  18.193  -81.847  -15.750 0.0000000000
39189  17.277  -83.283  -15.979 0.0000000000
39192  17.563  -81.775  -10.883 0.0000000000
39193  16.108  -83.697  -9.994 0.0000000000
39194  16.696  -83.132  -11.120 0.0000000000
39195  17.285  -82.521  -12.235 0.0000000000
39196  16.987  -83.260  -13.573 0.0000000000
39197  16.669  -83.991  -14.895 0.0000000000
39198  16.331  -84.711  -16.202 0.0000000000
39199  15.356  -86.128  -16.417 0.0000000000
42766  17.421  -83.253  -17.164 0.0000000000
42767  17.730  -82.862  -17.696 0.0000000000
42768  17.254  -83.591  -17.807 0.0000000000
44049  22.188  -76.200  -24.780 0.0000000000
44050  22.666  -75.422  -24.665 0.0000000000
44051  22.515  -75.640  -25.263 0.0000000000
49576  20.972  -77.436  -16.225 0.0000000000
49577  21.281  -77.014  -16.754 0.0000000000
49578  20.864  -77.741  -16.874 0.0000000000
49579  19.608  -80.272  -20.811 0.0000000000
49580  20.079  -79.518  -20.694 0.0000000000
49581  19.925  -79.803  -21.318 0.0000000000
49582  20.245  -79.323  -21.821 0.0000000000
49583  19.763  -80.084  -21.937 0.0000000000
49585  16.092  -85.527  -21.569 0.0000000000
52271  21.744  -74.612  -10.243 0.0000000000
52272  21.672  -74.930  -10.916 0.0000000000
52273  21.959  -74.559  -11.473 0.0000000000
52275  21.520  -75.564  -12.259 0.0000000000
52276  21.229  -75.938  -11.705 0.0000000000
52277  18.569  -80.448  -11.877 0.0000000000
52278  18.863  -80.108  -12.430 0.0000000000
52279  18.443  -80.805  -12.551 0.0000000000
52280  18.312  -81.161  -13.222 0.0000000000
52281  18.015  -81.502  -12.671 0.0000000000
53424  23.174  -74.274  -19.874 0.0000000000
53426  23.496  -73.780  -20.386 0.0000000000
59176  19.255  -80.342  -16.703 0.0000000000
59177  19.564  -79.932  -17.233 0.0000000000
59178  19.116  -80.665  -17.351 0.0000000000
59179  18.351  -82.043  -18.749 0.0000000000
59180  18.821  -81.303  -18.635 0.0000000000
59181  18.663  -81.617  -19.271 0.0000000000
59182  18.977  -81.180  -19.788 0.0000000000
59183  18.498  -81.927  -19.902 0.0000000000
61880  18.810  -79.731  -10.517 0.0000000000
61881  18.522  -80.049  -9.955 0.0000000000
63024  22.742  -75.267  -22.354 0.0000000000
63025  23.186  -74.506  -22.239 0.0000000000
63026  23.068  -74.741  -22.851 0.0000000000
63027  23.598  -73.869  -24.438 0.0000000000
63028  23.723  -73.655  -23.837 0.0000000000
63029  24.053  -73.096  -24.326 0.0000000000
63030  24.499  -72.325  -24.216 0.0000000000
66377  15.779  -85.765  -18.130 0.0000000000
66379  14.324  -87.885  -19.579 0.0000000000
79606  22.566  -74.559  -15.753 0.0000000000
79607  22.875  -74.126  -16.287 0.0000000000
79608  22.487  -74.846  -16.401 0.0000000000
79609  21.903  -76.142  -17.805 0.0000000000
79610  22.313  -75.412  -17.687 0.0000000000
79611  22.217  -75.691  -18.326 0.0000000000
79612  22.534  -75.229  -18.844 0.0000000000
79613  22.115  -75.968  -18.961 0.0000000000
79614  20.187  -79.083  -18.282 0.0000000000
79615  20.627  -78.345  -18.162 0.0000000000
79616  20.500  -78.643  -18.801 0.0000000000
79617  21.000  -78.013  -20.458 0.0000000000
79618  21.131  -77.733  -19.830 0.0000000000
79619  21.450  -77.262  -20.340 0.0000000000
79620  21.892  -76.513  -20.222 0.0000000000
79621  21.771  -76.780  -20.848 0.0000000000
79622  22.093  -76.287  -21.353 0.0000000000
79623  21.642  -77.044  -21.470 0.0000000000
79624  20.888  -78.328  -22.819 0.0000000000
79625  21.363  -77.561  -22.703 0.0000000000
79626  21.211  -77.813  -23.314 0.0000000000
79627  21.536  -77.287  -23.806 0.0000000000
79628  21.051  -78.060  -23.921 0.0000000000
79629  16.396  -84.989  -19.187 0.0000000000
79630  16.896  -84.256  -19.081 0.0000000000
79631  16.706  -84.581  -19.711 0.0000000000
79632  17.131  -84.035  -21.367 0.0000000000
79633  17.329  -83.729  -20.748 0.0000000000
79634  17.642  -83.286  -21.261 0.0000000000
79635  18.145  -82.534  -21.152 0.0000000000
79636  17.956  -82.831  -21.770 0.0000000000
79638  16.501  -84.920  -23.193 0.0000000000
79639  16.815  -84.447  -23.694 0.0000000000
79640  18.191  -82.432  -23.986 0.0000000000
79641  17.873  -82.926  -23.490 0.0000000000
79642  18.393  -82.162  -23.384 0.0000000000
79643  18.588  -81.887  -22.777 0.0000000000
79644  18.907  -81.397  -23.274 0.0000000000
79645  19.415  -80.631  -23.163 0.0000000000
79646  19.228  -80.896  -23.768 0.0000000000
79650  20.706  -78.538  -25.120 0.0000000000
87707  21.355  -76.195  -13.593 0.0000000000
87708  21.654  -75.800  -14.137 0.0000000000
87709  21.266  -76.508  -14.256 0.0000000000
87710  21.173  -76.819  -14.915 0.0000000000
87711  20.871  -77.218  -14.375 0.0000000000
87714  20.080  -78.019  -12.065 0.0000000000
87715  19.456  -79.396  -13.529 0.0000000000
87716  19.868  -78.691  -13.408 0.0000000000
87717  19.756  -79.024  -14.074 0.0000000000
87718  20.057  -78.642  -14.616 0.0000000000
87719  19.638  -79.357  -14.737 0.0000000000
87720  19.516  -79.687  -15.396 0.0000000000
87721  19.212  -80.072  -14.857 0.0000000000
87722  18.035  -81.868  -14.551 0.0000000000
87723  18.337  -81.503  -15.094 0.0000000000
87724  17.889  -82.218  -15.210 0.0000000000
87725  17.738  -82.566  -15.865 0.0000000000
87726  17.434  -82.932  -15.325 0.0000000000
87734  17.272  -82.076  -10.321 0.0000000000
87736  15.814  -83.962  -9.428 0.0000000000
87737  15.659  -84.358  -10.111 0.0000000000
87738  16.093  -84.193  -11.911 0.0000000000
87739  16.250  -83.807  -11.237 0.0000000000
87740  16.546  -83.514  -11.796 0.0000000000
87741  16.990  -82.832  -11.679 0.0000000000
87742  16.842  -83.208  -12.352 0.0000000000
87743  17.138  -82.891  -12.906 0.0000000000
87744  16.688  -83.583  -13.022 0.0000000000
87745  15.896  -85.023  -14.461 0.0000000000
87746  16.367  -84.326  -14.349 0.0000000000
87747  16.199  -84.694  -15.007 0.0000000000
87748  16.503  -84.353  -15.551 0.0000000000
87749  16.026  -85.059  -15.661 0.0000000000
87750  15.847  -85.421  -16.311 0.0000000000
87752  14.242  -87.474  -15.431 0.0000000000
91149  23.499  -73.231  -17.346 0.0000000000
91157  24.051  -72.990  -22.014 0.0000000000
95410  18.352  -81.799  -16.937 0.0000000000
95411  18.661  -81.398  -17.468 0.0000000000
95412  18.199  -82.130  -17.583 0.0000000000
95413  18.040  -82.458  -18.224 0.0000000000
95414  17.874  -82.783  -18.862 0.0000000000
97719  22.481  -75.742  -23.574 0.0000000000
97720  22.942  -74.972  -23.459 0.0000000000
97721  22.808  -75.199  -24.064 0.0000000000
97722  23.136  -74.645  -24.551 0.0000000000
97723  23.465  -74.079  -25.036 0.0000000000
99733  14.016  -88.255  -19.049 0.0000000000
107668  21.784  -75.993  -15.987 0.0000000000
107669  22.092  -75.566  -16.518 0.0000000000
107670  21.690  -76.289  -16.635 0.0000000000
107671  21.591  -76.583  -17.281 0.0000000000
107672  21.485  -76.874  -17.923 0.0000000000
107673  19.910  -79.684  -19.554 0.0000000000
107674  20.366  -78.938  -19.436 0.0000000000
107675  20.226  -79.230  -20.067 0.0000000000
107676  20.544  -78.765  -20.576 0.0000000000
107677  20.863  -78.289  -21.083 0.0000000000
107678  21.184  -77.803  -21.587 0.0000000000
107679  20.718  -78.562  -21.704 0.0000000000
107680  20.566  -78.831  -22.322 0.0000000000
107681  20.405  -79.095  -22.935 0.0000000000
107682  15.992  -85.639  -20.436 0.0000000000
107683  16.508  -84.901  -20.335 0.0000000000
107685  16.615  -84.782  -21.470 0.0000000000
107686  16.927  -84.335  -21.981 0.0000000000
107692  19.034  -81.154  -24.369 0.0000000000
112524  22.314  -73.872  -11.361 0.0000000000
112526  22.181  -74.484  -12.694 0.0000000000
112527  22.110  -74.789  -13.358 0.0000000000
112528  21.814  -75.181  -12.809 0.0000000000
112529  21.439  -75.880  -12.927 0.0000000000
112530  21.057  -76.581  -13.046 0.0000000000
112531  19.389  -79.064  -11.633 0.0000000000
112532  19.682  -78.715  -12.187 0.0000000000
112533  19.276  -79.411  -12.309 0.0000000000
112534  19.159  -79.757  -12.981 0.0000000000
112535  19.037  -80.102  -13.650 0.0000000000
112536  18.910  -80.446  -14.315 0.0000000000
112537  18.610  -80.809  -13.770 0.0000000000
112538  18.176  -81.515  -13.888 0.0000000000
112539  17.734  -82.221  -14.005 0.0000000000
112544  16.692  -82.645  -9.189 0.0000000000
112549  15.932  -84.577  -12.582 0.0000000000
112550  16.231  -84.272  -13.136 0.0000000000
112551  15.765  -84.959  -13.249 0.0000000000
112552  15.594  -85.339  -13.912 0.0000000000
122782  20.129  -78.886  -16.464 0.0000000000
122783  20.438  -78.470  -16.994 0.0000000000
122784  20.005  -79.201  -17.114 0.0000000000
122785  19.875  -79.513  -17.759 0.0000000000
122786  19.739  -79.822  -18.401 0.0000000000
122787  18.971  -80.986  -17.995 0.0000000000
122788  19.283  -80.563  -18.519 0.0000000000
122789  19.596  -80.129  -19.038 0.0000000000
122790  19.447  -80.432  -19.672 0.0000000000
122791  19.291  -80.731  -20.301 0.0000000000
122792  19.128  -81.027  -20.927 0.0000000000
126561  20.940  -76.302  -11.149 0.0000000000
126566  19.604  -78.366  -10.272 0.0000000000
126567  19.498  -78.715  -10.954 0.0000000000
126568  19.099  -79.403  -11.076 0.0000000000
126569  18.692  -80.090  -11.199 0.0000000000
126570  18.277  -80.777  -11.321 0.0000000000
128169  22.972  -74.778  -21.121 0.0000000000
128170  23.400  -74.026  -21.007 0.0000000000
128171  23.297  -74.268  -21.624 0.0000000000
128172  23.623  -73.747  -22.126 0.0000000000
128173  23.950  -73.215  -22.625 0.0000000000
128174  23.395  -74.203  -23.345 0.0000000000
128175  23.840  -73.437  -23.232 0.0000000000
128176  24.278  -72.673  -23.121 0.0000000000
132460  16.462  -84.699  -17.384 0.0000000000
132461  16.770  -84.319  -17.917 0.0000000000
132462  16.278  -85.044  -18.025 0.0000000000
132463  16.087  -85.383  -18.660 0.0000000000
148765  23.186  -73.684  -16.817 0.0000000000
148767  22.403  -75.130  -17.046 0.0000000000
148768  22.716  -74.683  -17.572 0.0000000000
148769  23.031  -74.226  -18.095 0.0000000000
148770  22.945  -74.493  -18.729 0.0000000000
148771  22.853  -74.757  -19.361 0.0000000000
148772  22.754  -75.018  -19.989 0.0000000000
148773  20.749  -78.044  -17.520 0.0000000000
148774  21.060  -77.609  -18.042 0.0000000000
148775  21.374  -77.163  -18.562 0.0000000000
148776  20.815  -78.193  -19.317 0.0000000000
148777  21.256  -77.450  -19.198 0.0000000000
148778  21.689  -76.708  -19.079 0.0000000000
148779  22.007  -76.242  -19.593 0.0000000000
148780  22.327  -75.765  -20.105 0.0000000000
148781  22.649  -75.277  -20.614 0.0000000000
148782  22.536  -75.532  -21.236 0.0000000000
148783  22.417  -75.783  -21.855 0.0000000000
148784  22.290  -76.031  -22.470 0.0000000000
148785  21.506  -77.305  -22.088 0.0000000000
148786  21.830  -76.795  -22.587 0.0000000000
148787  22.155  -76.274  -23.082 0.0000000000
148788  22.012  -76.514  -23.690 0.0000000000
148789  21.861  -76.749  -24.294 0.0000000000
148790  21.702  -76.979  -24.894 0.0000000000
148791  17.079  -83.926  -18.447 0.0000000000
148792  17.389  -83.520  -18.973 0.0000000000
148793  17.700  -83.103  -19.495 0.0000000000
148794  17.017  -84.161  -20.231 0.0000000000
148795  17.518  -83.418  -20.124 0.0000000000
148796  18.012  -82.674  -20.014 0.0000000000
148797  18.326  -82.233  -20.529 0.0000000000
148798  18.640  -81.781  -21.041 0.0000000000
148799  18.956  -81.319  -21.548 0.0000000000
148800  16.187  -85.382  -22.687 0.0000000000
148801  16.717  -84.630  -22.589 0.0000000000
148802  17.241  -83.877  -22.488 0.0000000000
148803  17.347  -83.687  -23.594 0.0000000000
148804  17.556  -83.407  -22.991 0.0000000000
148805  17.759  -83.122  -22.383 0.0000000000
148806  18.271  -82.365  -22.275 0.0000000000
148807  18.776  -81.605  -22.165 0.0000000000
148808  19.274  -80.845  -22.052 0.0000000000
148809  19.593  -80.360  -22.552 0.0000000000
148810  19.914  -79.863  -23.049 0.0000000000
148811  20.236  -79.355  -23.544 0.0000000000
148812  19.550  -80.382  -24.259 0.0000000000
148813  20.059  -79.608  -24.148 0.0000000000
148814  20.559  -78.834  -24.035 0.0000000000
148815  20.883  -78.302  -24.523 0.0000000000
158501  21.956  -75.395  -14.679 0.0000000000
158502  21.872  -75.695  -15.334 0.0000000000
158503  21.478  -76.411  -15.453 0.0000000000
158504  21.075  -77.128  -15.572 0.0000000000
158505  20.665  -77.848  -15.692 0.0000000000
158507  20.763  -76.957  -12.496 0.0000000000
158508  20.668  -77.283  -13.166 0.0000000000
158509  19.976  -78.355  -12.738 0.0000000000
158510  20.272  -77.986  -13.286 0.0000000000
158511  20.570  -77.607  -13.832 0.0000000000
158512  20.468  -77.929  -14.495 0.0000000000
158513  20.360  -78.250  -15.155 0.0000000000
158514  20.247  -78.569  -15.812 0.0000000000
158515  19.822  -79.292  -15.932 0.0000000000
158516  19.388  -80.015  -16.051 0.0000000000
158517  18.947  -80.740  -16.170 0.0000000000
158518  18.778  -80.788  -14.976 0.0000000000
158519  18.641  -81.127  -15.633 0.0000000000
158520  18.499  -81.464  -16.287 0.0000000000
158521  18.044  -82.188  -16.402 0.0000000000
158522  17.583  -82.911  -16.516 0.0000000000
158523  17.114  -83.632  -16.629 0.0000000000
158526  18.355  -79.986  -8.700 0.0000000000
158529  18.235  -80.356  -9.391 0.0000000000
158530  18.113  -80.726  -10.078 0.0000000000
158531  17.986  -81.095  -10.762 0.0000000000
158532  17.855  -81.463  -11.442 0.0000000000
158534  16.257  -83.305  -9.309 0.0000000000
158535  16.549  -83.033  -9.876 0.0000000000
158536  15.954  -84.089  -10.675 0.0000000000
158537  16.402  -83.421  -10.558 0.0000000000
158538  16.841  -82.750  -10.440 0.0000000000
158539  17.133  -82.455  -11.002 0.0000000000
158540  17.426  -82.149  -11.561 0.0000000000
158541  17.720  -81.831  -12.117 0.0000000000
158542  17.580  -82.197  -12.789 0.0000000000
158543  17.436  -82.562  -13.457 0.0000000000
158544  17.286  -82.925  -14.121 0.0000000000
158545  16.530  -83.956  -13.687 0.0000000000
158546  16.830  -83.627  -14.236 0.0000000000
158547  17.131  -83.285  -14.782 0.0000000000
158548  16.972  -83.643  -15.438 0.0000000000
158549  16.808  -83.999  -16.091 0.0000000000
158550  16.638  -84.351  -16.740 0.0000000000
158551  16.154  -85.067  -16.849 0.0000000000
158552  15.663  -85.780  -16.956 0.0000000000
158553  15.164  -86.489  -17.060 0.0000000000
158554  15.049  -86.463  -15.875 0.0000000000
162637  23.820  -73.276  -20.894 0.0000000000
