#!ascii label  , from subject fsaverage vox2ras=TkReg
306
577  12.091  -88.409  -8.348 0.0000000000
976  12.863  -89.650  -18.059 0.0000000000
977  15.339  -86.576  -22.271 0.0000000000
2366  14.510  -86.605  -12.913 0.0000000000
2896  10.652  -92.373  -18.331 0.0000000000
2897  11.888  -91.055  -20.499 0.0000000000
5267  14.019  -85.933  -7.942 0.0000000000
5268  15.202  -85.015  -10.227 0.0000000000
5269  13.302  -87.611  -10.658 0.0000000000
5270  12.507  -89.261  -13.303 0.0000000000
5271  11.278  -90.149  -11.018 0.0000000000
6364  14.965  -86.845  -17.698 0.0000000000
6366  14.098  -88.221  -20.195 0.0000000000
6367  13.131  -89.512  -22.603 0.0000000000
6906  12.833  -86.648  -5.614 0.0000000000
9655  13.734  -88.160  -15.528 0.0000000000
9656  11.629  -90.855  -15.862 0.0000000000
9660  10.880  -88.990  -6.001 0.0000000000
10576  9.505  -93.694  -18.430 0.0000000000
10577  10.124  -93.096  -19.529 0.0000000000
12947  13.070  -87.177  -8.153 0.0000000000
12948  13.670  -86.774  -9.308 0.0000000000
12949  12.697  -88.036  -9.509 0.0000000000
12950  12.305  -88.890  -10.848 0.0000000000
12951  11.694  -89.284  -9.692 0.0000000000
14446  13.928  -88.256  -17.889 0.0000000000
14447  14.544  -87.543  -18.958 0.0000000000
14448  13.480  -88.963  -19.135 0.0000000000
14449  11.364  -91.722  -21.685 0.0000000000
14450  12.509  -90.311  -21.560 0.0000000000
18864  15.781  -85.956  -21.053 0.0000000000
21565  14.866  -85.813  -11.578 0.0000000000
21566  15.796  -84.479  -11.352 0.0000000000
21567  15.465  -85.256  -12.695 0.0000000000
21569  15.114  -86.026  -14.021 0.0000000000
21570  14.743  -86.785  -15.330 0.0000000000
21571  14.132  -87.389  -14.231 0.0000000000
21572  11.462  -90.561  -13.466 0.0000000000
21573  12.079  -90.066  -14.594 0.0000000000
21574  11.011  -91.374  -14.742 0.0000000000
21575  10.536  -92.169  -15.994 0.0000000000
21580  10.067  -88.393  -2.258 0.0000000000
21583  11.272  -88.072  -4.635 0.0000000000
21590  8.359  -92.181  -7.634 0.0000000000
21591  9.426  -91.057  -7.504 0.0000000000
23644  11.771  -91.023  -18.207 0.0000000000
23645  12.388  -90.363  -19.291 0.0000000000
23646  11.269  -91.742  -19.422 0.0000000000
23647  10.743  -92.438  -20.615 0.0000000000
27914  15.522  -84.213  -8.859 0.0000000000
27915  14.611  -85.500  -9.090 0.0000000000
27916  14.268  -86.319  -10.450 0.0000000000
27917  13.906  -87.134  -11.793 0.0000000000
27918  13.523  -87.941  -13.118 0.0000000000
27919  12.915  -88.441  -11.991 0.0000000000
27920  11.893  -89.732  -12.168 0.0000000000
27921  10.843  -91.001  -12.323 0.0000000000
30210  15.580  -86.107  -18.762 0.0000000000
30211  15.161  -86.776  -20.012 0.0000000000
30212  14.716  -87.425  -21.240 0.0000000000
30213  13.007  -89.648  -20.359 0.0000000000
30214  13.626  -88.878  -21.410 0.0000000000
31475  13.426  -86.316  -6.782 0.0000000000
31476  12.471  -87.529  -6.988 0.0000000000
39200  14.349  -87.529  -16.620 0.0000000000
39201  13.312  -88.915  -16.805 0.0000000000
39202  13.120  -88.737  -14.423 0.0000000000
39203  12.695  -89.517  -15.706 0.0000000000
39204  12.246  -90.281  -16.968 0.0000000000
39205  11.154  -91.625  -17.108 0.0000000000
39206  10.034  -92.944  -17.224 0.0000000000
39214  12.240  -86.927  -4.438 0.0000000000
39215  11.871  -87.828  -5.815 0.0000000000
39216  11.485  -88.727  -7.179 0.0000000000
39224  10.470  -89.905  -7.352 0.0000000000
39225  11.082  -89.623  -8.527 0.0000000000
41296  8.923  -94.342  -18.470 0.0000000000
43667  12.585  -87.795  -8.253 0.0000000000
43668  12.886  -87.607  -8.833 0.0000000000
43669  12.394  -88.229  -8.930 0.0000000000
43670  12.199  -88.663  -9.603 0.0000000000
43671  11.895  -88.847  -9.022 0.0000000000
45166  13.399  -88.955  -17.977 0.0000000000
45167  13.708  -88.612  -18.515 0.0000000000
45168  13.172  -89.313  -18.599 0.0000000000
45170  11.675  -91.343  -22.214 0.0000000000
49584  15.563  -86.269  -21.665 0.0000000000
49586  15.874  -85.831  -22.178 0.0000000000
52285  14.690  -86.210  -12.248 0.0000000000
52286  15.166  -85.541  -12.138 0.0000000000
52287  14.991  -85.932  -12.805 0.0000000000
52288  15.292  -85.642  -13.360 0.0000000000
52289  14.812  -86.322  -13.469 0.0000000000
52290  14.627  -86.709  -14.128 0.0000000000
52291  14.324  -86.999  -13.575 0.0000000000
52292  10.929  -91.203  -13.539 0.0000000000
52293  11.239  -90.970  -14.107 0.0000000000
52294  10.701  -91.613  -14.176 0.0000000000
52300  9.869  -88.871  -2.944 0.0000000000
52301  10.369  -88.334  -2.854 0.0000000000
52303  10.475  -88.729  -4.135 0.0000000000
52309  7.817  -92.732  -7.690 0.0000000000
52310  8.128  -92.645  -8.286 0.0000000000
54766  11.215  -91.701  -18.272 0.0000000000
54767  11.523  -91.386  -18.817 0.0000000000
54768  10.960  -92.065  -18.878 0.0000000000
54769  9.851  -93.448  -20.120 0.0000000000
54770  10.433  -92.775  -20.074 0.0000000000
54772  10.470  -92.777  -21.203 0.0000000000
61883  14.776  -85.089  -8.404 0.0000000000
61884  14.315  -85.723  -8.517 0.0000000000
61885  13.488  -87.193  -9.985 0.0000000000
61886  13.969  -86.553  -9.880 0.0000000000
61887  13.789  -86.966  -10.556 0.0000000000
61888  14.089  -86.727  -11.123 0.0000000000
61889  13.604  -87.379  -11.227 0.0000000000
61890  13.414  -87.789  -11.894 0.0000000000
61891  13.111  -88.027  -11.326 0.0000000000
61892  11.795  -89.522  -10.936 0.0000000000
61893  12.102  -89.313  -11.511 0.0000000000
61894  11.586  -89.948  -11.595 0.0000000000
61895  11.372  -90.370  -12.249 0.0000000000
61896  11.063  -90.577  -11.674 0.0000000000
66376  15.471  -86.134  -17.596 0.0000000000
66378  15.272  -86.483  -18.232 0.0000000000
66380  14.852  -87.167  -19.487 0.0000000000
66381  14.633  -87.501  -20.106 0.0000000000
66382  14.942  -87.103  -20.629 0.0000000000
66383  14.407  -87.830  -20.719 0.0000000000
66384  12.141  -90.712  -19.898 0.0000000000
66385  12.697  -90.012  -19.827 0.0000000000
66386  12.451  -90.354  -20.432 0.0000000000
66387  12.820  -89.918  -22.084 0.0000000000
66388  13.071  -89.597  -21.488 0.0000000000
66389  13.382  -89.198  -22.010 0.0000000000
66390  13.937  -88.472  -21.930 0.0000000000
69092  13.303  -86.052  -5.507 0.0000000000
69094  13.129  -86.488  -6.199 0.0000000000
69095  12.952  -86.924  -6.887 0.0000000000
69096  12.654  -87.088  -6.303 0.0000000000
87735  15.364  -84.615  -9.545 0.0000000000
87751  15.541  -85.763  -15.769 0.0000000000
87753  14.549  -87.159  -15.977 0.0000000000
87754  14.041  -87.851  -16.076 0.0000000000
87755  13.834  -88.224  -16.715 0.0000000000
87756  13.526  -88.539  -16.169 0.0000000000
87757  13.019  -88.603  -13.213 0.0000000000
87758  13.324  -88.341  -13.773 0.0000000000
87759  12.813  -89.006  -13.865 0.0000000000
87760  11.857  -90.463  -15.231 0.0000000000
87761  12.387  -89.799  -15.152 0.0000000000
87762  12.166  -90.189  -15.787 0.0000000000
87763  12.474  -89.901  -16.340 0.0000000000
87764  11.938  -90.575  -16.417 0.0000000000
87765  11.704  -90.956  -17.041 0.0000000000
87766  11.395  -91.242  -16.488 0.0000000000
87768  10.288  -92.559  -16.612 0.0000000000
87770  9.463  -93.592  -17.273 0.0000000000
87789  11.943  -87.046  -3.847 0.0000000000
87791  11.571  -87.957  -5.226 0.0000000000
87792  11.379  -88.412  -5.910 0.0000000000
87793  11.680  -88.278  -6.499 0.0000000000
87794  11.182  -88.866  -6.591 0.0000000000
87810  9.032  -90.773  -5.650 0.0000000000
87812  9.338  -90.691  -6.245 0.0000000000
87816  10.776  -89.771  -7.940 0.0000000000
87817  10.566  -90.221  -8.608 0.0000000000
92764  10.082  -93.037  -18.383 0.0000000000
92765  10.391  -92.737  -18.933 0.0000000000
92766  9.815  -93.402  -18.981 0.0000000000
92767  9.541  -93.761  -19.573 0.0000000000
97033  13.548  -86.556  -8.049 0.0000000000
97034  13.846  -86.354  -8.627 0.0000000000
97035  13.370  -86.982  -8.732 0.0000000000
97036  13.187  -87.407  -9.410 0.0000000000
97037  13.000  -87.830  -10.085 0.0000000000
97038  12.807  -88.252  -10.755 0.0000000000
97039  12.504  -88.464  -10.180 0.0000000000
97040  12.000  -89.094  -10.272 0.0000000000
97041  11.488  -89.718  -10.358 0.0000000000
99730  14.450  -87.553  -17.795 0.0000000000
99731  14.758  -87.197  -18.330 0.0000000000
99732  14.236  -87.907  -18.425 0.0000000000
99734  13.789  -88.598  -19.667 0.0000000000
99735  11.629  -91.392  -21.095 0.0000000000
99736  12.198  -90.690  -21.032 0.0000000000
99737  11.940  -91.020  -21.626 0.0000000000
99738  12.251  -90.634  -22.152 0.0000000000
107684  16.303  -85.216  -20.955 0.0000000000
112545  15.037  -85.415  -10.904 0.0000000000
112546  15.499  -84.754  -10.791 0.0000000000
112547  15.335  -85.148  -11.466 0.0000000000
112548  15.633  -84.869  -12.025 0.0000000000
112553  15.417  -85.716  -14.571 0.0000000000
112554  15.236  -86.091  -15.225 0.0000000000
112555  14.931  -86.407  -14.678 0.0000000000
112556  14.437  -87.093  -14.782 0.0000000000
112557  13.936  -87.776  -14.882 0.0000000000
112558  11.988  -89.914  -13.388 0.0000000000
112559  12.295  -89.666  -13.951 0.0000000000
112560  11.771  -90.320  -14.032 0.0000000000
112561  11.548  -90.723  -14.671 0.0000000000
112562  11.320  -91.121  -15.304 0.0000000000
112563  11.086  -91.515  -15.931 0.0000000000
112564  10.777  -91.774  -15.371 0.0000000000
112574  10.561  -87.861  -2.165 0.0000000000
112575  10.862  -87.792  -2.760 0.0000000000
112576  11.162  -87.709  -3.354 0.0000000000
112577  11.461  -87.612  -3.947 0.0000000000
112580  10.577  -89.101  -5.409 0.0000000000
112589  8.049  -92.263  -7.038 0.0000000000
112590  8.587  -91.714  -6.977 0.0000000000
112591  9.119  -91.158  -6.911 0.0000000000
112592  8.895  -91.623  -7.572 0.0000000000
112593  9.205  -91.517  -8.165 0.0000000000
116608  12.320  -90.339  -18.136 0.0000000000
116609  12.629  -90.009  -18.678 0.0000000000
116610  12.079  -90.700  -18.750 0.0000000000
116611  11.832  -91.056  -19.359 0.0000000000
116612  11.578  -91.406  -19.962 0.0000000000
116613  10.700  -92.423  -19.479 0.0000000000
116614  11.009  -92.093  -20.021 0.0000000000
116615  11.319  -91.750  -20.560 0.0000000000
116616  11.053  -92.087  -21.152 0.0000000000
116617  10.781  -92.419  -21.738 0.0000000000
116618  10.503  -92.743  -22.319 0.0000000000
122794  15.651  -86.131  -22.781 0.0000000000
126572  15.675  -83.810  -8.170 0.0000000000
126574  15.070  -84.858  -8.976 0.0000000000
126575  14.906  -85.264  -9.660 0.0000000000
126576  14.144  -86.138  -9.201 0.0000000000
126577  14.441  -85.910  -9.772 0.0000000000
126578  14.739  -85.669  -10.340 0.0000000000
126579  14.567  -86.073  -11.016 0.0000000000
126580  14.390  -86.475  -11.687 0.0000000000
126581  14.208  -86.876  -12.355 0.0000000000
126582  14.020  -87.275  -13.018 0.0000000000
126583  13.717  -87.539  -12.458 0.0000000000
126584  13.219  -88.198  -12.556 0.0000000000
126585  12.713  -88.853  -12.650 0.0000000000
126586  12.610  -88.672  -11.421 0.0000000000
126587  12.408  -89.089  -12.082 0.0000000000
126588  12.200  -89.503  -12.738 0.0000000000
126589  11.680  -90.149  -12.820 0.0000000000
126590  11.153  -90.788  -12.897 0.0000000000
132464  15.888  -85.718  -19.290 0.0000000000
132465  15.066  -86.827  -18.862 0.0000000000
132466  15.374  -86.444  -19.390 0.0000000000
132467  15.683  -86.048  -19.915 0.0000000000
132468  15.470  -86.373  -20.534 0.0000000000
132469  15.252  -86.693  -21.148 0.0000000000
132470  15.027  -87.007  -21.757 0.0000000000
132471  12.937  -89.666  -19.216 0.0000000000
132472  13.246  -89.308  -19.750 0.0000000000
132473  13.556  -88.937  -20.280 0.0000000000
132474  12.761  -89.982  -20.962 0.0000000000
132475  13.316  -89.269  -20.887 0.0000000000
132476  13.865  -88.552  -20.806 0.0000000000
132477  14.175  -88.154  -21.327 0.0000000000
132478  14.485  -87.742  -21.846 0.0000000000
132479  14.797  -87.316  -22.360 0.0000000000
135903  13.722  -86.131  -7.363 0.0000000000
135904  13.250  -86.747  -7.470 0.0000000000
135905  12.770  -87.360  -7.572 0.0000000000
135906  12.283  -87.969  -7.670 0.0000000000
158555  14.856  -86.830  -16.520 0.0000000000
158556  14.657  -87.194  -17.160 0.0000000000
158557  14.142  -87.895  -17.257 0.0000000000
158558  13.620  -88.592  -17.348 0.0000000000
158559  13.091  -89.285  -17.435 0.0000000000
158560  13.828  -87.672  -13.676 0.0000000000
158561  13.630  -88.065  -14.330 0.0000000000
158562  13.427  -88.455  -14.977 0.0000000000
158563  12.603  -89.404  -14.511 0.0000000000
158564  12.910  -89.129  -15.067 0.0000000000
158565  13.218  -88.841  -15.620 0.0000000000
158566  13.003  -89.223  -16.257 0.0000000000
158567  12.782  -89.600  -16.889 0.0000000000
158568  12.555  -89.972  -17.515 0.0000000000
158569  12.012  -90.654  -17.590 0.0000000000
158570  11.463  -91.331  -17.659 0.0000000000
158571  10.906  -92.002  -17.722 0.0000000000
158572  10.845  -91.904  -16.553 0.0000000000
158573  10.597  -92.288  -17.169 0.0000000000
158574  10.343  -92.666  -17.779 0.0000000000
158575  9.773  -93.322  -17.830 0.0000000000
158576  9.196  -93.970  -17.875 0.0000000000
158599  11.760  -87.501  -4.538 0.0000000000
158600  12.058  -87.377  -5.128 0.0000000000
158601  12.356  -87.239  -5.716 0.0000000000
158602  12.171  -87.685  -6.403 0.0000000000
158603  11.982  -88.131  -7.086 0.0000000000
158604  11.788  -88.575  -7.765 0.0000000000
158620  8.417  -90.893  -4.455 0.0000000000
158621  8.942  -90.362  -4.383 0.0000000000
158624  10.069  -89.665  -5.495 0.0000000000
158626  9.645  -90.595  -6.839 0.0000000000
158628  10.677  -89.449  -6.678 0.0000000000
158629  10.981  -89.319  -7.268 0.0000000000
158630  11.286  -89.176  -7.855 0.0000000000
158631  11.590  -89.019  -8.440 0.0000000000
158632  11.388  -89.460  -9.111 0.0000000000
158633  11.181  -89.900  -9.777 0.0000000000
158634  10.970  -90.336  -10.439 0.0000000000
158636  10.444  -90.948  -10.514 0.0000000000
158637  10.754  -90.770  -11.096 0.0000000000
