#!ascii label  , from subject fsaverage vox2ras=TkReg
149
34  23.685  -72.419  -15.416 0.0000000000
828  26.212  -68.622  -19.640 0.0000000000
2746  25.079  -69.602  -14.998 0.0000000000
2747  26.319  -67.747  -17.148 0.0000000000
2748  24.934  -70.598  -17.548 0.0000000000
9621  23.877  -71.310  -12.811 0.0000000000
9648  22.477  -74.089  -13.243 0.0000000000
10108  24.709  -71.552  -20.055 0.0000000000
10109  26.012  -69.446  -22.088 0.0000000000
10426  24.396  -71.005  -15.202 0.0000000000
10427  25.014  -70.105  -16.277 0.0000000000
10428  24.305  -71.528  -16.487 0.0000000000
13999  26.275  -68.190  -18.398 0.0000000000
14003  26.860  -67.574  -20.670 0.0000000000
21553  22.604  -73.488  -11.917 0.0000000000
22705  24.065  -72.544  -19.024 0.0000000000
22706  23.908  -73.035  -20.274 0.0000000000
22708  25.212  -70.944  -22.297 0.0000000000
23376  25.695  -68.694  -16.078 0.0000000000
23377  25.641  -69.166  -17.342 0.0000000000
23378  25.570  -69.629  -18.599 0.0000000000
28603  24.829  -71.753  -24.704 0.0000000000
35926  22.946  -73.844  -15.639 0.0000000000
39098  24.473  -70.473  -13.909 0.0000000000
39099  23.788  -71.867  -14.116 0.0000000000
39178  23.293  -72.114  -11.703 0.0000000000
39179  23.190  -72.694  -13.021 0.0000000000
39180  23.076  -73.272  -14.335 0.0000000000
39181  22.336  -74.686  -14.562 0.0000000000
40558  24.196  -72.042  -17.762 0.0000000000
40559  24.833  -71.081  -18.808 0.0000000000
40560  25.476  -70.080  -19.844 0.0000000000
40561  24.558  -72.010  -21.290 0.0000000000
40562  25.358  -70.519  -21.077 0.0000000000
40563  26.125  -69.040  -20.870 0.0000000000
40564  26.780  -67.960  -21.886 0.0000000000
41146  24.044  -71.711  -15.307 0.0000000000
41147  24.352  -71.268  -15.845 0.0000000000
41148  23.994  -71.979  -15.953 0.0000000000
44719  26.246  -68.407  -19.020 0.0000000000
44720  26.595  -67.687  -18.922 0.0000000000
44721  26.568  -67.897  -19.541 0.0000000000
44722  26.891  -67.376  -20.058 0.0000000000
44723  26.535  -68.103  -20.156 0.0000000000
53425  23.586  -73.531  -19.761 0.0000000000
54317  25.716  -68.454  -15.444 0.0000000000
54319  24.976  -70.353  -16.913 0.0000000000
54320  25.327  -69.640  -16.811 0.0000000000
54321  25.291  -69.881  -17.444 0.0000000000
54322  25.608  -69.399  -17.972 0.0000000000
54323  25.251  -70.119  -18.075 0.0000000000
65034  26.335  -67.522  -16.521 0.0000000000
65036  26.647  -67.042  -17.055 0.0000000000
87499  24.174  -70.896  -13.361 0.0000000000
87500  24.133  -71.169  -14.011 0.0000000000
87501  23.834  -71.589  -13.464 0.0000000000
87699  23.005  -72.504  -11.145 0.0000000000
87700  22.542  -73.789  -12.581 0.0000000000
87701  22.895  -73.095  -12.470 0.0000000000
87702  22.837  -73.391  -13.131 0.0000000000
87703  23.134  -72.984  -13.679 0.0000000000
87704  22.775  -73.685  -13.790 0.0000000000
87705  22.709  -73.978  -14.447 0.0000000000
87706  22.408  -74.388  -13.904 0.0000000000
91150  23.880  -72.508  -17.235 0.0000000000
91151  23.815  -72.768  -17.871 0.0000000000
91152  24.386  -72.053  -19.541 0.0000000000
91153  24.453  -71.811  -18.915 0.0000000000
91154  24.774  -71.318  -19.433 0.0000000000
91155  25.154  -70.586  -19.327 0.0000000000
91156  25.096  -70.815  -19.949 0.0000000000
91158  24.145  -72.760  -21.400 0.0000000000
91159  24.472  -72.235  -21.903 0.0000000000
91160  25.617  -70.193  -22.192 0.0000000000
91161  25.289  -70.733  -21.689 0.0000000000
91162  25.685  -69.987  -21.584 0.0000000000
91163  25.746  -69.778  -20.973 0.0000000000
91164  26.072  -69.245  -21.481 0.0000000000
91165  26.452  -68.505  -21.379 0.0000000000
91166  26.400  -68.701  -21.986 0.0000000000
92494  24.741  -70.302  -15.098 0.0000000000
92495  25.048  -69.854  -15.638 0.0000000000
92496  24.704  -70.559  -15.740 0.0000000000
92497  24.663  -70.815  -16.381 0.0000000000
92498  24.618  -71.068  -17.019 0.0000000000
98925  26.300  -67.970  -17.774 0.0000000000
98926  26.634  -67.260  -17.679 0.0000000000
98927  26.617  -67.475  -18.302 0.0000000000
112404  23.918  -71.031  -12.157 0.0000000000
112523  22.663  -73.187  -11.251 0.0000000000
112525  22.249  -74.178  -12.028 0.0000000000
114594  23.349  -73.758  -18.616 0.0000000000
114595  23.745  -73.025  -18.504 0.0000000000
114596  23.668  -73.280  -19.134 0.0000000000
114597  23.990  -72.791  -19.650 0.0000000000
114598  24.312  -72.292  -20.164 0.0000000000
114599  24.707  -71.911  -23.011 0.0000000000
114600  24.800  -71.699  -22.405 0.0000000000
114601  25.128  -71.152  -22.904 0.0000000000
114602  25.541  -70.396  -22.797 0.0000000000
115981  26.024  -67.993  -15.984 0.0000000000
115982  26.006  -68.225  -16.614 0.0000000000
115983  25.358  -69.398  -16.176 0.0000000000
115984  25.670  -68.931  -16.711 0.0000000000
115985  25.984  -68.455  -17.244 0.0000000000
115986  25.958  -68.683  -17.871 0.0000000000
115987  25.926  -68.908  -18.497 0.0000000000
115988  25.890  -69.130  -19.121 0.0000000000
128177  24.607  -72.120  -23.615 0.0000000000
128178  24.937  -71.557  -24.107 0.0000000000
148762  23.319  -73.131  -15.526 0.0000000000
148763  23.628  -72.693  -16.062 0.0000000000
148764  23.255  -73.408  -16.173 0.0000000000
148766  23.111  -73.956  -17.458 0.0000000000
158250  24.774  -70.042  -14.455 0.0000000000
158251  24.436  -70.740  -14.556 0.0000000000
158252  24.090  -71.440  -14.660 0.0000000000
158253  23.738  -72.144  -14.767 0.0000000000
158488  23.670  -71.146  -10.943 0.0000000000
158489  23.628  -71.431  -11.600 0.0000000000
158490  23.584  -71.716  -12.258 0.0000000000
158491  22.951  -72.800  -11.808 0.0000000000
158492  23.243  -72.404  -12.363 0.0000000000
158493  23.537  -72.001  -12.915 0.0000000000
158494  23.487  -72.285  -13.570 0.0000000000
158495  23.435  -72.568  -14.224 0.0000000000
158496  23.379  -72.850  -14.876 0.0000000000
158497  23.013  -73.559  -14.988 0.0000000000
158498  22.640  -74.269  -15.102 0.0000000000
158499  22.260  -74.982  -15.217 0.0000000000
158500  22.035  -75.093  -14.020 0.0000000000
162628  23.939  -72.245  -16.595 0.0000000000
162629  24.253  -71.787  -17.126 0.0000000000
162630  24.569  -71.319  -17.654 0.0000000000
162631  24.133  -72.295  -18.395 0.0000000000
162632  24.514  -71.567  -18.286 0.0000000000
162633  24.886  -70.841  -18.179 0.0000000000
162634  25.205  -70.354  -18.702 0.0000000000
162635  25.526  -69.856  -19.223 0.0000000000
162636  25.848  -69.350  -19.741 0.0000000000
162638  24.232  -72.528  -20.783 0.0000000000
162639  24.637  -71.783  -20.674 0.0000000000
162640  24.885  -71.482  -21.795 0.0000000000
162641  24.962  -71.263  -21.183 0.0000000000
162642  25.033  -71.040  -20.568 0.0000000000
162643  25.420  -70.301  -20.462 0.0000000000
162644  25.800  -69.565  -20.359 0.0000000000
162645  26.171  -68.833  -20.257 0.0000000000
162646  26.497  -68.306  -20.769 0.0000000000
