#!ascii label  , from subject fsaverage vox2ras=TkReg
624
134  -5.736  -67.300  41.733 0.0000000000
563  -12.786  -70.614  43.248 0.0000000000
1244  -3.185  -70.022  36.594 0.0000000000
1246  -15.581  -67.746  48.207 0.0000000000
1247  -16.374  -71.908  43.574 0.0000000000
1684  -17.148  -75.862  38.767 0.0000000000
2328  -11.930  -66.296  47.705 0.0000000000
2329  -9.212  -69.009  42.575 0.0000000000
2330  -13.619  -74.863  38.531 0.0000000000
2331  -10.076  -73.402  37.962 0.0000000000
3160  -5.303  -65.107  43.811 0.0000000000
3161  -3.614  -64.245  43.318 0.0000000000
3162  -4.041  -66.446  41.304 0.0000000000
3164  -4.460  -68.647  39.160 0.0000000000
3165  -19.511  -70.714  45.772 0.0000000000
3166  -17.773  -70.367  45.925 0.0000000000
3167  -18.135  -72.350  43.547 0.0000000000
5178  -14.183  -69.202  45.776 0.0000000000
5179  -13.756  -67.060  48.015 0.0000000000
5180  -12.366  -68.462  45.518 0.0000000000
5181  -10.560  -67.663  45.170 0.0000000000
5182  -10.991  -69.836  42.944 0.0000000000
5189  -8.320  -72.576  37.614 0.0000000000
6848  -1.914  -71.418  34.041 0.0000000000
6851  -17.386  -68.319  48.257 0.0000000000
6852  -15.991  -69.850  45.919 0.0000000000
6853  -14.585  -71.316  43.466 0.0000000000
7766  -7.025  -65.969  44.295 0.0000000000
7767  -20.171  -74.406  40.919 0.0000000000
7768  -18.492  -74.264  41.134 0.0000000000
9545  -10.120  -65.480  47.304 0.0000000000
9546  -8.779  -66.826  44.755 0.0000000000
9547  -7.460  -68.158  42.164 0.0000000000
9548  -16.752  -73.915  41.187 0.0000000000
9549  -14.979  -73.396  41.103 0.0000000000
9550  -13.196  -72.748  40.913 0.0000000000
9552  -11.846  -74.174  38.276 0.0000000000
9553  -11.415  -72.008  40.639 0.0000000000
9554  -9.643  -71.201  40.304 0.0000000000
9555  -7.890  -70.356  39.930 0.0000000000
9556  -6.162  -69.499  39.541 0.0000000000
9557  -4.875  -70.873  36.909 0.0000000000
9558  -3.595  -72.276  34.282 0.0000000000
10840  -5.521  -66.205  42.787 0.0000000000
10841  -4.671  -65.775  42.558 0.0000000000
10842  -4.885  -66.873  41.518 0.0000000000
10843  -4.251  -67.545  40.247 0.0000000000
10844  -5.097  -67.970  40.447 0.0000000000
10845  -19.680  -71.670  44.570 0.0000000000
10846  -18.826  -71.543  44.677 0.0000000000
10847  -18.998  -72.504  43.475 0.0000000000
12858  -13.483  -69.912  44.523 0.0000000000
12859  -13.275  -68.841  45.660 0.0000000000
12860  -12.578  -69.540  44.393 0.0000000000
12861  -11.675  -69.151  44.240 0.0000000000
12862  -11.887  -70.233  43.106 0.0000000000
15250  -2.982  -68.908  37.713 0.0000000000
15252  -2.347  -69.598  36.451 0.0000000000
15256  -18.078  -67.521  49.374 0.0000000000
15258  -17.075  -71.146  44.765 0.0000000000
15259  -16.886  -70.127  45.941 0.0000000000
15260  -16.185  -70.885  44.753 0.0000000000
15261  -15.288  -70.589  44.706 0.0000000000
15262  -15.482  -71.628  43.535 0.0000000000
17054  -7.677  -65.301  45.567 0.0000000000
17055  -20.336  -75.270  39.687 0.0000000000
17056  -19.517  -75.260  39.823 0.0000000000
21296  -12.842  -66.686  47.873 0.0000000000
21303  -9.883  -68.337  43.879 0.0000000000
21304  -9.666  -67.248  44.969 0.0000000000
21305  -8.996  -67.918  43.677 0.0000000000
21306  -8.116  -67.493  43.464 0.0000000000
21307  -8.332  -68.585  42.374 0.0000000000
21308  -17.817  -75.068  39.967 0.0000000000
21309  -17.628  -74.113  41.179 0.0000000000
21310  -16.946  -74.896  39.981 0.0000000000
21312  -15.181  -74.422  39.908 0.0000000000
21313  -14.293  -74.130  39.829 0.0000000000
21314  -14.088  -73.086  41.020 0.0000000000
21315  -13.405  -73.809  39.727 0.0000000000
21321  -10.959  -73.797  38.125 0.0000000000
21322  -11.628  -73.092  39.464 0.0000000000
21323  -10.742  -72.704  39.308 0.0000000000
21324  -10.527  -71.611  40.477 0.0000000000
21325  -9.858  -72.301  39.141 0.0000000000
21326  -7.450  -72.153  37.434 0.0000000000
21327  -8.105  -71.463  38.781 0.0000000000
21328  -7.237  -71.037  38.595 0.0000000000
21329  -7.023  -69.927  39.736 0.0000000000
21330  -6.374  -70.609  38.408 0.0000000000
21331  -5.518  -70.181  38.225 0.0000000000
21332  -5.727  -71.300  37.079 0.0000000000
24123  -3.829  -65.346  42.329 0.0000000000
24124  -3.203  -66.019  41.094 0.0000000000
24125  -2.576  -66.697  39.862 0.0000000000
24126  -3.410  -67.121  40.052 0.0000000000
24127  -3.617  -68.223  38.978 0.0000000000
24128  -3.822  -69.331  37.875 0.0000000000
24131  -18.649  -70.564  45.870 0.0000000000
24132  -17.956  -71.367  44.741 0.0000000000
24133  -17.259  -72.150  43.579 0.0000000000
27752  -14.883  -68.481  47.005 0.0000000000
27754  -13.973  -68.133  46.906 0.0000000000
27755  -13.061  -67.766  46.778 0.0000000000
27756  -12.150  -67.381  46.623 0.0000000000
27757  -11.244  -66.983  46.446 0.0000000000
27758  -11.461  -68.068  45.354 0.0000000000
27759  -10.776  -68.749  44.068 0.0000000000
27760  -10.098  -69.427  42.766 0.0000000000
27771  -9.196  -72.994  37.790 0.0000000000
31346  -17.584  -69.351  47.099 0.0000000000
31347  -16.690  -69.095  47.104 0.0000000000
31348  -15.789  -68.803  47.072 0.0000000000
31349  -15.089  -69.539  45.863 0.0000000000
31350  -14.387  -70.263  44.628 0.0000000000
31351  -13.686  -70.977  43.369 0.0000000000
33697  -6.160  -65.538  44.054 0.0000000000
33698  -6.379  -66.635  43.016 0.0000000000
33700  -19.170  -73.444  42.265 0.0000000000
33701  -19.342  -74.363  41.048 0.0000000000
33702  -18.676  -75.191  39.915 0.0000000000
33703  -18.013  -76.007  38.747 0.0000000000
38867  -14.450  -66.341  49.224 0.0000000000
38876  -10.342  -66.574  46.249 0.0000000000
38877  -9.447  -66.156  46.035 0.0000000000
38878  -8.558  -65.731  45.807 0.0000000000
38879  -7.898  -66.399  44.529 0.0000000000
38880  -7.244  -67.064  43.243 0.0000000000
38881  -6.595  -67.729  41.950 0.0000000000
38882  -18.313  -73.317  42.344 0.0000000000
38883  -17.443  -73.140  42.383 0.0000000000
38884  -16.562  -72.918  42.385 0.0000000000
38885  -16.066  -74.679  39.960 0.0000000000
38886  -15.868  -73.674  41.160 0.0000000000
38887  -15.674  -72.656  42.352 0.0000000000
38888  -14.781  -72.360  42.290 0.0000000000
38889  -13.887  -72.034  42.201 0.0000000000
38890  -12.991  -71.683  42.088 0.0000000000
38896  -12.733  -74.531  38.413 0.0000000000
38897  -12.516  -73.461  39.605 0.0000000000
38898  -12.305  -72.388  40.785 0.0000000000
38899  -12.096  -71.312  41.953 0.0000000000
38900  -11.203  -70.922  41.800 0.0000000000
38901  -10.313  -70.518  41.631 0.0000000000
38902  -9.428  -70.103  41.449 0.0000000000
38903  -8.979  -71.885  38.964 0.0000000000
38904  -8.764  -70.781  40.120 0.0000000000
38905  -8.548  -69.681  41.258 0.0000000000
38906  -7.675  -69.254  41.059 0.0000000000
38907  -6.809  -68.825  40.855 0.0000000000
38908  -5.950  -68.397  40.651 0.0000000000
38909  -5.308  -69.072  39.348 0.0000000000
38910  -4.668  -69.755  38.047 0.0000000000
38911  -4.027  -70.446  36.747 0.0000000000
38913  -4.233  -71.572  35.594 0.0000000000
38914  -3.388  -71.144  35.449 0.0000000000
41560  -5.629  -66.753  42.264 0.0000000000
41561  -5.203  -66.538  42.153 0.0000000000
41562  -5.310  -67.086  41.625 0.0000000000
41563  -4.991  -67.421  40.986 0.0000000000
41564  -5.417  -67.634  41.091 0.0000000000
41566  -19.340  -72.090  44.027 0.0000000000
43578  -13.134  -70.264  43.888 0.0000000000
43579  -13.031  -69.729  44.461 0.0000000000
43580  -12.683  -70.078  43.823 0.0000000000
43581  -12.232  -69.887  43.752 0.0000000000
43582  -12.336  -70.426  43.180 0.0000000000
45970  -3.083  -69.464  37.157 0.0000000000
45971  -2.664  -69.252  37.082 0.0000000000
45972  -2.765  -69.810  36.521 0.0000000000
45976  -18.621  -68.143  48.771 0.0000000000
45977  -18.717  -68.653  48.190 0.0000000000
45978  -16.724  -71.529  44.173 0.0000000000
45979  -16.631  -71.020  44.763 0.0000000000
45980  -16.280  -71.398  44.165 0.0000000000
45981  -15.833  -71.258  44.147 0.0000000000
45982  -15.929  -71.772  43.558 0.0000000000
47774  -8.004  -64.966  46.200 0.0000000000
52016  -12.385  -66.493  47.792 0.0000000000
52017  -12.731  -66.143  48.411 0.0000000000
52023  -9.546  -68.673  43.229 0.0000000000
52024  -9.438  -68.128  43.780 0.0000000000
52025  -9.104  -68.463  43.129 0.0000000000
52026  -8.663  -68.251  43.027 0.0000000000
52027  -8.771  -68.798  42.475 0.0000000000
52028  -17.481  -75.466  39.371 0.0000000000
52029  -17.383  -74.988  39.979 0.0000000000
52030  -17.046  -75.380  39.375 0.0000000000
52032  -14.399  -74.650  39.230 0.0000000000
52033  -13.955  -74.497  39.183 0.0000000000
52034  -13.849  -73.973  39.781 0.0000000000
52035  -13.511  -74.337  39.130 0.0000000000
52039  -10.186  -73.953  37.366 0.0000000000
52040  -10.627  -74.150  37.448 0.0000000000
52041  -10.517  -73.601  38.045 0.0000000000
52042  -10.850  -73.250  38.718 0.0000000000
52043  -10.408  -73.052  38.637 0.0000000000
52044  -10.299  -72.504  39.226 0.0000000000
52045  -9.966  -72.851  38.553 0.0000000000
52047  -7.343  -71.594  38.017 0.0000000000
52048  -6.911  -71.381  37.925 0.0000000000
52049  -6.805  -70.823  38.501 0.0000000000
52050  -6.480  -71.167  37.834 0.0000000000
52051  -6.051  -70.953  37.743 0.0000000000
52052  -6.156  -71.514  37.166 0.0000000000
55563  -4.356  -66.110  41.931 0.0000000000
55565  -3.935  -65.896  41.821 0.0000000000
55566  -3.516  -65.682  41.711 0.0000000000
55567  -3.621  -66.233  41.199 0.0000000000
55568  -3.307  -66.570  40.577 0.0000000000
55569  -3.726  -66.783  40.678 0.0000000000
55570  -4.355  -68.095  39.707 0.0000000000
55571  -3.934  -67.883  39.612 0.0000000000
55572  -4.038  -68.435  39.068 0.0000000000
55573  -3.720  -68.776  38.430 0.0000000000
55574  -4.141  -68.988  38.517 0.0000000000
55577  -19.082  -70.645  45.826 0.0000000000
55578  -18.481  -71.949  44.116 0.0000000000
55579  -18.393  -71.461  44.714 0.0000000000
55580  -18.046  -71.860  44.145 0.0000000000
55581  -17.608  -71.760  44.164 0.0000000000
55582  -17.699  -72.256  43.568 0.0000000000
61613  -14.533  -68.843  46.394 0.0000000000
61614  -14.428  -68.310  46.959 0.0000000000
61615  -14.079  -68.668  46.343 0.0000000000
61616  -12.820  -68.654  45.592 0.0000000000
61617  -13.168  -68.304  46.221 0.0000000000
61618  -12.713  -68.115  46.150 0.0000000000
61619  -12.605  -67.575  46.703 0.0000000000
61620  -12.259  -67.922  46.074 0.0000000000
61621  -11.805  -67.725  45.991 0.0000000000
61622  -11.913  -68.267  45.439 0.0000000000
61623  -11.332  -69.494  43.594 0.0000000000
61624  -11.225  -68.952  44.156 0.0000000000
61625  -10.884  -69.292  43.509 0.0000000000
61626  -10.436  -69.088  43.419 0.0000000000
61627  -10.544  -69.633  42.857 0.0000000000
68790  -2.678  -67.248  39.336 0.0000000000
68800  -1.813  -70.856  34.620 0.0000000000
68801  -1.396  -70.643  34.566 0.0000000000
68802  -1.496  -71.205  33.989 0.0000000000
68803  -1.179  -71.555  33.359 0.0000000000
68804  -1.597  -71.769  33.406 0.0000000000
68810  -17.285  -67.798  48.829 0.0000000000
68813  -18.121  -69.970  46.494 0.0000000000
68815  -17.680  -69.861  46.514 0.0000000000
68816  -16.439  -69.993  45.935 0.0000000000
68817  -16.789  -69.613  46.525 0.0000000000
68818  -16.341  -69.475  46.516 0.0000000000
68819  -16.241  -68.953  47.093 0.0000000000
68820  -15.891  -69.328  46.498 0.0000000000
68821  -15.440  -69.173  46.471 0.0000000000
68822  -15.541  -69.698  45.896 0.0000000000
68823  -14.936  -70.954  44.089 0.0000000000
68824  -14.838  -70.429  44.671 0.0000000000
68825  -14.487  -70.791  44.049 0.0000000000
68826  -14.036  -70.621  44.002 0.0000000000
68827  -14.136  -71.149  43.421 0.0000000000
74200  -6.915  -65.420  44.810 0.0000000000
74201  -6.481  -65.204  44.687 0.0000000000
74202  -6.592  -65.754  44.175 0.0000000000
74203  -6.270  -66.087  43.539 0.0000000000
74204  -6.701  -66.302  43.656 0.0000000000
74205  -20.089  -73.965  41.533 0.0000000000
74207  -19.759  -74.392  40.989 0.0000000000
74208  -19.191  -75.682  39.260 0.0000000000
74209  -19.099  -75.233  39.874 0.0000000000
74210  -18.770  -75.648  39.303 0.0000000000
74211  -18.344  -75.600  39.335 0.0000000000
74212  -18.441  -76.060  38.723 0.0000000000
78254  -20.846  -71.303  44.936 0.0000000000
86928  -14.104  -66.702  48.623 0.0000000000
86948  -10.901  -67.324  45.810 0.0000000000
86949  -10.792  -66.780  46.350 0.0000000000
86950  -10.452  -67.119  45.713 0.0000000000
86951  -9.221  -67.038  44.864 0.0000000000
86952  -9.557  -66.702  45.505 0.0000000000
86953  -9.112  -66.491  45.396 0.0000000000
86954  -9.002  -65.944  45.922 0.0000000000
86955  -8.669  -66.279  45.284 0.0000000000
86956  -8.228  -66.066  45.169 0.0000000000
86957  -8.338  -66.613  44.643 0.0000000000
86958  -7.787  -67.825  42.815 0.0000000000
86959  -7.679  -67.279  43.354 0.0000000000
86960  -7.352  -67.611  42.707 0.0000000000
86961  -6.919  -67.397  42.597 0.0000000000
86962  -7.026  -67.943  42.057 0.0000000000
86963  -18.831  -73.857  41.704 0.0000000000
86964  -18.743  -73.387  42.310 0.0000000000
86965  -18.402  -73.793  41.740 0.0000000000
86966  -17.191  -74.019  41.187 0.0000000000
86967  -17.535  -73.629  41.782 0.0000000000
86968  -17.097  -73.529  41.789 0.0000000000
86969  -17.003  -73.034  42.389 0.0000000000
86970  -16.656  -73.418  41.787 0.0000000000
86972  -16.168  -75.176  39.356 0.0000000000
86973  -15.727  -75.058  39.335 0.0000000000
86974  -15.079  -73.910  40.506 0.0000000000
86975  -15.523  -74.049  40.537 0.0000000000
86976  -15.424  -73.539  41.135 0.0000000000
86977  -15.771  -73.167  41.757 0.0000000000
86978  -15.326  -73.027  41.731 0.0000000000
86979  -15.228  -72.512  42.325 0.0000000000
86980  -14.880  -72.879  41.698 0.0000000000
86981  -13.642  -72.920  40.969 0.0000000000
86982  -13.987  -72.561  41.612 0.0000000000
86983  -13.540  -72.392  41.560 0.0000000000
86984  -13.439  -71.862  42.147 0.0000000000
86985  -13.093  -72.216  41.502 0.0000000000
86997  -11.513  -74.532  37.604 0.0000000000
87000  -12.400  -74.893  37.747 0.0000000000
87001  -12.289  -74.356  38.347 0.0000000000
87002  -12.624  -73.997  39.010 0.0000000000
87003  -12.180  -73.818  38.943 0.0000000000
87004  -11.521  -72.550  40.053 0.0000000000
87005  -11.966  -72.740  40.127 0.0000000000
87006  -11.860  -72.200  40.714 0.0000000000
87007  -12.201  -71.850  41.371 0.0000000000
87008  -11.755  -71.660  41.298 0.0000000000
87009  -11.650  -71.119  41.879 0.0000000000
87010  -11.309  -71.465  41.221 0.0000000000
87011  -10.084  -71.407  40.392 0.0000000000
87012  -10.420  -71.065  41.056 0.0000000000
87013  -9.977  -70.859  40.969 0.0000000000
87014  -9.870  -70.312  41.542 0.0000000000
87015  -9.535  -70.652  40.879 0.0000000000
87016  -8.757  -72.786  37.703 0.0000000000
87017  -9.087  -72.439  38.380 0.0000000000
87018  -8.649  -72.230  38.290 0.0000000000
87019  -7.998  -70.909  39.358 0.0000000000
87020  -8.434  -71.121  39.452 0.0000000000
87021  -8.326  -70.569  40.026 0.0000000000
87022  -8.656  -70.230  40.692 0.0000000000
87023  -8.219  -70.018  40.595 0.0000000000
87024  -8.111  -69.468  41.159 0.0000000000
87025  -7.783  -69.804  40.497 0.0000000000
87026  -6.592  -69.713  39.638 0.0000000000
87027  -6.916  -69.376  40.299 0.0000000000
87028  -6.485  -69.161  40.199 0.0000000000
87029  -6.379  -68.611  40.753 0.0000000000
87030  -6.056  -68.947  40.099 0.0000000000
87031  -5.629  -68.733  40.000 0.0000000000
87032  -5.734  -69.285  39.444 0.0000000000
87033  -5.196  -70.526  37.567 0.0000000000
87034  -5.092  -69.968  38.135 0.0000000000
87035  -4.771  -70.313  37.481 0.0000000000
87036  -4.347  -70.100  37.397 0.0000000000
87037  -4.450  -70.659  36.827 0.0000000000
87044  -3.810  -71.358  35.521 0.0000000000
87045  -3.491  -71.709  34.868 0.0000000000
87046  -3.070  -71.495  34.802 0.0000000000
87047  -3.173  -72.061  34.217 0.0000000000
93240  -5.413  -65.656  43.303 0.0000000000
93241  -4.987  -65.441  43.184 0.0000000000
93242  -5.095  -65.990  42.673 0.0000000000
93244  -4.462  -66.659  41.411 0.0000000000
93245  -4.146  -66.995  40.779 0.0000000000
93246  -4.568  -67.208  40.882 0.0000000000
93247  -4.673  -67.757  40.346 0.0000000000
93248  -4.778  -68.307  39.803 0.0000000000
93249  -19.596  -71.194  45.172 0.0000000000
93250  -19.169  -71.131  45.228 0.0000000000
93251  -19.255  -71.613  44.629 0.0000000000
93252  -18.912  -72.026  44.077 0.0000000000
93253  -18.569  -72.433  43.516 0.0000000000
96872  -13.833  -69.558  45.152 0.0000000000
96873  -13.729  -69.024  45.721 0.0000000000
96874  -13.380  -69.378  45.094 0.0000000000
96875  -12.926  -69.192  45.029 0.0000000000
96876  -12.473  -69.002  44.958 0.0000000000
96877  -12.020  -68.807  44.882 0.0000000000
96878  -12.127  -69.348  44.319 0.0000000000
96879  -11.782  -69.692  43.675 0.0000000000
96880  -11.439  -70.036  43.027 0.0000000000
101178  -2.881  -68.354  38.261 0.0000000000
101184  -2.030  -69.946  35.822 0.0000000000
101186  -2.231  -71.068  34.678 0.0000000000
101189  -18.522  -67.630  49.347 0.0000000000
101192  -17.425  -70.759  45.349 0.0000000000
101193  -17.331  -70.252  45.938 0.0000000000
101194  -16.981  -70.638  45.355 0.0000000000
101195  -16.536  -70.508  45.351 0.0000000000
101196  -16.088  -70.369  45.338 0.0000000000
101197  -15.640  -70.221  45.316 0.0000000000
101198  -15.737  -70.741  44.733 0.0000000000
101199  -15.385  -71.110  44.122 0.0000000000
101200  -15.034  -71.476  43.504 0.0000000000
104425  -7.239  -65.086  45.443 0.0000000000
104426  -7.351  -65.636  44.932 0.0000000000
104427  -20.253  -74.841  40.304 0.0000000000
104428  -19.844  -74.835  40.376 0.0000000000
104430  -19.606  -75.701  39.207 0.0000000000
104431  -19.283  -76.125  38.645 0.0000000000
112060  -13.299  -66.875  47.947 0.0000000000
112061  -13.646  -66.520  48.560 0.0000000000
112062  -13.188  -66.334  48.489 0.0000000000
112072  -10.570  -65.688  47.411 0.0000000000
112073  -10.221  -68.000  44.527 0.0000000000
112074  -10.112  -67.456  45.072 0.0000000000
112075  -9.775  -67.793  44.427 0.0000000000
112076  -9.330  -67.583  44.325 0.0000000000
112077  -8.887  -67.372  44.219 0.0000000000
112078  -8.447  -67.160  44.111 0.0000000000
112079  -8.555  -67.706  43.572 0.0000000000
112080  -8.224  -68.039  42.922 0.0000000000
112081  -7.895  -68.372  42.270 0.0000000000
112082  -18.154  -74.668  40.555 0.0000000000
112083  -18.062  -74.195  41.161 0.0000000000
112084  -17.722  -74.593  40.574 0.0000000000
112085  -17.286  -74.506  40.584 0.0000000000
112086  -16.848  -74.407  40.585 0.0000000000
112088  -15.285  -74.931  39.307 0.0000000000
112089  -14.842  -74.794  39.272 0.0000000000
112090  -14.738  -74.280  39.871 0.0000000000
112091  -14.635  -73.764  40.469 0.0000000000
112092  -14.534  -73.245  41.065 0.0000000000
112093  -14.190  -73.609  40.426 0.0000000000
112094  -13.745  -73.447  40.376 0.0000000000
112095  -13.300  -73.279  40.322 0.0000000000
112104  -11.070  -74.343  37.528 0.0000000000
112105  -11.402  -73.988  38.202 0.0000000000
112106  -11.736  -73.633  38.872 0.0000000000
112107  -11.293  -73.444  38.797 0.0000000000
112108  -11.185  -72.900  39.388 0.0000000000
112109  -11.077  -72.356  39.976 0.0000000000
112110  -10.971  -71.811  40.560 0.0000000000
112111  -10.634  -72.158  39.895 0.0000000000
112112  -10.192  -71.956  39.811 0.0000000000
112113  -9.750  -71.750  39.724 0.0000000000
112114  -7.885  -72.365  37.524 0.0000000000
112115  -8.212  -72.019  38.200 0.0000000000
112116  -7.777  -71.807  38.109 0.0000000000
112117  -7.670  -71.250  38.688 0.0000000000
112118  -7.563  -70.695  39.263 0.0000000000
112119  -7.456  -70.142  39.833 0.0000000000
112120  -7.130  -70.481  39.168 0.0000000000
112121  -6.698  -70.267  39.072 0.0000000000
112122  -6.268  -70.053  38.977 0.0000000000
112123  -5.840  -69.839  38.883 0.0000000000
112124  -5.945  -70.395  38.316 0.0000000000
112125  -5.623  -70.739  37.654 0.0000000000
112126  -5.300  -71.086  36.993 0.0000000000
117724  -4.033  -64.460  43.442 0.0000000000
117725  -4.563  -65.226  43.066 0.0000000000
117726  -4.142  -65.011  42.947 0.0000000000
117727  -3.722  -64.796  42.829 0.0000000000
117730  -2.786  -65.806  40.991 0.0000000000
117732  -2.890  -66.357  40.477 0.0000000000
117733  -2.992  -66.909  39.956 0.0000000000
117735  -3.830  -67.333  40.149 0.0000000000
117736  -3.514  -67.671  39.518 0.0000000000
117737  -3.197  -68.012  38.889 0.0000000000
117738  -3.299  -68.565  38.345 0.0000000000
117739  -3.401  -69.119  37.793 0.0000000000
117740  -3.503  -69.676  37.234 0.0000000000
117742  -18.812  -69.158  47.604 0.0000000000
117745  -18.213  -70.471  45.903 0.0000000000
117746  -18.738  -71.056  45.274 0.0000000000
117747  -18.304  -70.968  45.309 0.0000000000
117748  -17.866  -70.869  45.334 0.0000000000
117749  -17.517  -71.261  44.758 0.0000000000
117750  -17.167  -71.650  44.173 0.0000000000
117751  -16.818  -72.034  43.581 0.0000000000
126194  -15.232  -68.115  47.610 0.0000000000
126196  -14.777  -67.948  47.569 0.0000000000
126197  -14.321  -67.776  47.520 0.0000000000
126198  -13.865  -67.597  47.463 0.0000000000
126199  -13.624  -68.489  46.286 0.0000000000
126200  -13.517  -67.952  46.845 0.0000000000
126202  -12.952  -67.226  47.328 0.0000000000
126203  -12.496  -67.035  47.251 0.0000000000
126204  -12.041  -66.839  47.167 0.0000000000
126205  -11.586  -66.641  47.078 0.0000000000
126206  -11.696  -67.184  46.537 0.0000000000
126207  -11.353  -67.526  45.903 0.0000000000
126208  -11.010  -67.866  45.265 0.0000000000
126209  -11.569  -68.610  44.800 0.0000000000
126210  -11.118  -68.409  44.713 0.0000000000
126211  -10.669  -68.206  44.622 0.0000000000
126212  -10.329  -68.544  43.976 0.0000000000
126213  -9.990  -68.882  43.325 0.0000000000
126214  -9.654  -69.219  42.672 0.0000000000
126216  -16.711  -75.771  38.763 0.0000000000
126236  -9.745  -73.753  37.283 0.0000000000
126237  -9.635  -73.199  37.877 0.0000000000
126239  -8.866  -73.343  37.110 0.0000000000
126240  -8.429  -73.135  37.023 0.0000000000
135532  -0.980  -70.430  34.516 0.0000000000
135542  -17.975  -67.001  49.941 0.0000000000
135545  -16.729  -67.138  49.390 0.0000000000
135547  -16.034  -67.901  48.233 0.0000000000
135549  -17.931  -68.954  47.666 0.0000000000
135550  -17.486  -68.837  47.681 0.0000000000
135551  -17.236  -69.742  46.524 0.0000000000
135552  -17.138  -69.228  47.107 0.0000000000
135555  -16.139  -68.428  47.665 0.0000000000
135556  -15.686  -68.275  47.642 0.0000000000
135557  -15.337  -68.645  47.043 0.0000000000
135558  -14.987  -69.011  46.437 0.0000000000
135559  -14.637  -69.374  45.823 0.0000000000
135560  -15.189  -70.066  45.286 0.0000000000
135561  -14.738  -69.903  45.249 0.0000000000
135562  -14.286  -69.734  45.204 0.0000000000
135563  -13.935  -70.091  44.579 0.0000000000
135564  -13.585  -70.445  43.948 0.0000000000
135565  -13.236  -70.798  43.312 0.0000000000
142209  -6.369  -64.653  45.190 0.0000000000
142210  -6.049  -64.988  44.562 0.0000000000
142211  -5.731  -65.322  43.933 0.0000000000
142212  -5.840  -65.872  43.421 0.0000000000
142213  -5.949  -66.420  42.902 0.0000000000
142214  -6.057  -66.967  42.375 0.0000000000
142218  -19.255  -73.907  41.658 0.0000000000
142219  -18.919  -74.320  41.096 0.0000000000
142220  -19.429  -74.814  40.436 0.0000000000
142221  -19.009  -74.779  40.486 0.0000000000
142222  -18.584  -74.730  40.525 0.0000000000
142223  -18.248  -75.136  39.946 0.0000000000
142225  -17.582  -75.940  38.761 0.0000000000
142233  -17.685  -76.411  38.150 0.0000000000
147130  -20.100  -71.713  44.501 0.0000000000
147131  -20.181  -72.177  43.895 0.0000000000
147219  -20.656  -74.831  40.221 0.0000000000
157586  -11.134  -66.439  46.983 0.0000000000
157587  -10.682  -66.235  46.884 0.0000000000
157588  -10.232  -66.028  46.780 0.0000000000
157589  -10.004  -66.912  45.611 0.0000000000
157590  -9.894  -66.366  46.144 0.0000000000
157591  -9.783  -65.819  46.671 0.0000000000
157592  -9.336  -65.608  46.558 0.0000000000
157593  -8.890  -65.395  46.442 0.0000000000
157594  -8.446  -65.181  46.322 0.0000000000
157595  -8.117  -65.517  45.688 0.0000000000
157596  -7.788  -65.851  45.051 0.0000000000
157597  -7.461  -66.185  44.413 0.0000000000
157598  -8.008  -66.946  44.000 0.0000000000
157599  -7.570  -66.732  43.887 0.0000000000
157600  -7.135  -66.517  43.772 0.0000000000
157601  -6.810  -66.850  43.130 0.0000000000
157602  -6.487  -67.182  42.487 0.0000000000
157603  -6.165  -67.515  41.842 0.0000000000
157604  -19.084  -72.977  42.871 0.0000000000
157605  -18.656  -72.913  42.914 0.0000000000
157606  -18.224  -72.836  42.947 0.0000000000
157607  -17.970  -73.717  41.766 0.0000000000
157608  -17.879  -73.234  42.369 0.0000000000
157609  -17.789  -72.747  42.969 0.0000000000
157610  -17.351  -72.647  42.982 0.0000000000
157611  -16.910  -72.536  42.986 0.0000000000
157612  -16.468  -72.414  42.981 0.0000000000
157613  -16.608  -75.284  39.370 0.0000000000
157614  -16.507  -74.792  39.974 0.0000000000
157615  -16.408  -74.298  40.577 0.0000000000
157616  -15.624  -74.555  39.937 0.0000000000
157617  -15.966  -74.178  40.561 0.0000000000
157618  -16.311  -73.799  41.177 0.0000000000
157619  -16.214  -73.297  41.776 0.0000000000
157620  -16.119  -72.792  42.373 0.0000000000
157621  -16.024  -72.283  42.967 0.0000000000
157622  -15.578  -72.143  42.945 0.0000000000
157623  -15.131  -71.995  42.916 0.0000000000
157624  -14.683  -71.839  42.879 0.0000000000
157625  -14.434  -72.723  41.658 0.0000000000
157626  -14.334  -72.201  42.249 0.0000000000
157627  -14.235  -71.676  42.836 0.0000000000
157628  -13.786  -71.506  42.787 0.0000000000
157629  -13.338  -71.331  42.731 0.0000000000
157630  -12.889  -71.150  42.670 0.0000000000
157648  -13.176  -74.700  38.474 0.0000000000
157649  -13.068  -74.170  39.073 0.0000000000
157650  -12.961  -73.638  39.668 0.0000000000
157651  -12.855  -73.105  40.262 0.0000000000
157652  -12.072  -73.279  39.537 0.0000000000
157653  -12.410  -72.925  40.197 0.0000000000
157654  -12.751  -72.571  40.852 0.0000000000
157655  -12.647  -72.036  41.439 0.0000000000
157656  -12.544  -71.500  42.023 0.0000000000
157657  -12.440  -70.963  42.603 0.0000000000
157658  -11.992  -70.773  42.532 0.0000000000
157659  -11.544  -70.578  42.455 0.0000000000
157660  -11.097  -70.379  42.374 0.0000000000
157661  -10.864  -71.267  41.141 0.0000000000
157662  -10.758  -70.722  41.717 0.0000000000
157663  -10.651  -70.177  42.289 0.0000000000
157664  -10.206  -69.972  42.201 0.0000000000
157665  -9.762  -69.765  42.109 0.0000000000
157666  -9.320  -69.556  42.015 0.0000000000
157667  -9.526  -72.646  38.467 0.0000000000
157668  -9.418  -72.094  39.053 0.0000000000
157669  -9.310  -71.543  39.635 0.0000000000
157670  -8.541  -71.675  38.873 0.0000000000
157671  -8.871  -71.333  39.544 0.0000000000
157672  -9.203  -70.992  40.213 0.0000000000
157673  -9.095  -70.442  40.786 0.0000000000
157674  -8.987  -69.893  41.355 0.0000000000
157675  -8.879  -69.345  41.918 0.0000000000
157676  -8.440  -69.133  41.819 0.0000000000
157677  -8.003  -68.919  41.718 0.0000000000
157678  -7.568  -68.705  41.615 0.0000000000
157679  -7.349  -69.590  40.398 0.0000000000
157680  -7.241  -69.040  40.958 0.0000000000
157681  -7.134  -68.491  41.511 0.0000000000
157682  -6.702  -68.277  41.406 0.0000000000
157683  -6.272  -68.062  41.301 0.0000000000
157684  -5.843  -67.848  41.196 0.0000000000
157685  -5.523  -68.183  40.549 0.0000000000
157686  -5.203  -68.520  39.901 0.0000000000
157687  -4.883  -68.859  39.254 0.0000000000
157688  -5.413  -69.625  38.789 0.0000000000
157689  -4.988  -69.412  38.697 0.0000000000
157690  -4.564  -69.200  38.606 0.0000000000
157691  -4.244  -69.543  37.960 0.0000000000
157692  -3.925  -69.888  37.314 0.0000000000
157693  -3.605  -70.234  36.669 0.0000000000
157696  -4.978  -71.435  36.332 0.0000000000
157699  -4.553  -71.222  36.252 0.0000000000
157700  -4.130  -71.008  36.173 0.0000000000
157701  -3.707  -70.795  36.098 0.0000000000
157702  -3.286  -70.582  36.025 0.0000000000
157703  -2.968  -70.931  35.381 0.0000000000
157704  -2.650  -71.281  34.738 0.0000000000
157705  -2.332  -71.632  34.096 0.0000000000
157707  -2.435  -72.197  33.510 0.0000000000
157708  -2.016  -71.983  33.456 0.0000000000
