#!ascii label  , from subject fsaverage vox2ras=TkReg
458
136  -1.613  -95.745  0.931 0.0000000000
305  7.196  -89.381  1.213 0.0000000000
1277  2.902  -92.817  0.869 0.0000000000
1281  -3.909  -99.787  -3.853 0.0000000000
1703  4.703  -88.528  6.138 0.0000000000
1704  0.461  -91.380  5.945 0.0000000000
3197  0.668  -94.354  0.849 0.0000000000
3198  1.901  -94.927  -1.688 0.0000000000
3199  -0.398  -96.463  -1.638 0.0000000000
3200  -1.519  -98.479  -4.057 0.0000000000
3201  -2.741  -97.821  -1.490 0.0000000000
3799  3.460  -87.803  8.615 0.0000000000
3800  2.606  -90.000  5.990 0.0000000000
3801  1.383  -89.145  8.512 0.0000000000
5203  -2.867  -91.551  8.625 0.0000000000
6907  5.082  -91.154  0.991 0.0000000000
6908  6.330  -91.415  -1.479 0.0000000000
6909  4.145  -93.235  -1.635 0.0000000000
6910  3.147  -95.278  -4.194 0.0000000000
6914  -2.683  -100.375  -6.402 0.0000000000
7815  5.948  -89.059  3.668 0.0000000000
7816  3.838  -90.676  3.482 0.0000000000
7817  1.673  -92.190  3.396 0.0000000000
7818  -0.539  -93.587  3.410 0.0000000000
9571  0.168  -88.121  11.057 0.0000000000
9572  -0.732  -90.402  8.517 0.0000000000
9573  -1.722  -92.648  6.006 0.0000000000
9574  -2.795  -94.849  3.532 0.0000000000
9583  -3.930  -96.970  1.111 0.0000000000
9584  -5.107  -98.995  -1.260 0.0000000000
9585  -6.305  -100.894  -3.580 0.0000000000
10877  -0.467  -95.069  0.877 0.0000000000
10878  0.143  -95.418  -0.403 0.0000000000
10879  -1.009  -96.128  -0.356 0.0000000000
10880  -1.565  -97.165  -1.575 0.0000000000
10881  -2.171  -96.795  -0.286 0.0000000000
11478  3.851  -86.703  9.940 0.0000000000
11479  2.837  -87.370  9.860 0.0000000000
11480  2.427  -88.484  8.550 0.0000000000
11481  1.810  -88.020  9.807 0.0000000000
15352  3.999  -92.000  0.918 0.0000000000
15353  4.622  -92.197  -0.329 0.0000000000
15354  3.523  -93.054  -0.386 0.0000000000
15362  -2.713  -99.158  -3.964 0.0000000000
15363  -2.097  -99.443  -5.239 0.0000000000
15364  -3.299  -100.108  -5.133 0.0000000000
15365  -3.891  -101.024  -6.282 0.0000000000
15366  -4.503  -100.721  -5.010 0.0000000000
17155  5.107  -87.455  7.477 0.0000000000
17158  6.355  -88.011  5.023 0.0000000000
17160  4.901  -89.881  3.563 0.0000000000
17161  4.280  -89.602  4.805 0.0000000000
17162  1.539  -90.703  5.955 0.0000000000
17163  2.149  -91.097  4.689 0.0000000000
17164  1.066  -91.807  4.667 0.0000000000
17165  0.573  -92.904  3.390 0.0000000000
17166  -0.029  -92.488  4.672 0.0000000000
21368  -0.270  -89.265  9.783 0.0000000000
21371  -2.300  -92.119  7.313 0.0000000000
21372  -2.824  -93.236  6.076 0.0000000000
21373  -2.249  -93.756  4.764 0.0000000000
21374  -3.369  -94.338  4.848 0.0000000000
21396  -4.507  -96.482  2.426 0.0000000000
21397  -5.095  -97.519  1.233 0.0000000000
21398  -4.514  -97.996  -0.081 0.0000000000
24187  1.791  -93.603  0.846 0.0000000000
24188  2.409  -93.878  -0.418 0.0000000000
24189  1.282  -94.667  -0.423 0.0000000000
24190  0.758  -95.716  -1.676 0.0000000000
24191  0.219  -96.745  -2.911 0.0000000000
24193  -0.952  -97.484  -2.856 0.0000000000
24194  -2.133  -98.176  -2.778 0.0000000000
24195  -3.321  -98.819  -2.679 0.0000000000
25270  4.481  -87.103  8.706 0.0000000000
25271  4.082  -88.189  7.375 0.0000000000
25272  3.661  -89.275  6.051 0.0000000000
25273  3.044  -88.902  7.299 0.0000000000
25274  1.993  -89.595  7.249 0.0000000000
25275  0.932  -90.266  7.225 0.0000000000
27797  -2.371  -90.415  9.865 0.0000000000
27798  -3.428  -90.951  9.944 0.0000000000
31477  6.148  -90.281  1.090 0.0000000000
31478  6.772  -90.400  -0.139 0.0000000000
31479  5.706  -91.313  -0.247 0.0000000000
31480  5.246  -92.339  -1.570 0.0000000000
31482  3.030  -94.099  -1.674 0.0000000000
31483  3.653  -94.263  -2.924 0.0000000000
31484  4.279  -94.370  -4.165 0.0000000000
33832  5.524  -90.108  2.324 0.0000000000
33833  4.459  -90.941  2.234 0.0000000000
33834  3.379  -91.749  2.170 0.0000000000
33835  3.220  -90.362  4.735 0.0000000000
33836  2.762  -91.447  3.427 0.0000000000
33837  2.285  -92.528  2.130 0.0000000000
33838  1.179  -93.277  2.115 0.0000000000
33839  0.062  -93.993  2.125 0.0000000000
33840  -1.068  -94.675  2.162 0.0000000000
38953  1.194  -87.516  11.070 0.0000000000
38954  0.774  -88.653  9.782 0.0000000000
38955  0.328  -89.786  8.501 0.0000000000
38956  -0.139  -90.912  7.229 0.0000000000
38957  -1.798  -90.991  8.558 0.0000000000
38958  -1.216  -91.530  7.258 0.0000000000
38959  -0.627  -92.029  5.963 0.0000000000
38960  -1.135  -93.138  4.705 0.0000000000
38961  -1.663  -94.236  3.458 0.0000000000
38962  -2.209  -95.318  2.226 0.0000000000
38987  -3.931  -95.421  3.631 0.0000000000
38988  -3.356  -95.920  2.315 0.0000000000
38989  -2.768  -96.379  1.010 0.0000000000
38990  -3.340  -97.417  -0.194 0.0000000000
38991  -3.922  -98.431  -1.384 0.0000000000
38992  -4.513  -99.415  -2.562 0.0000000000
38994  -5.705  -99.962  -2.428 0.0000000000
38995  -5.108  -100.367  -3.725 0.0000000000
39217  7.396  -90.461  -1.362 0.0000000000
41597  -1.038  -95.412  0.901 0.0000000000
41598  -0.736  -95.601  0.259 0.0000000000
41599  -1.312  -95.942  0.287 0.0000000000
41600  -1.589  -96.467  -0.324 0.0000000000
41601  -1.890  -96.273  0.321 0.0000000000
42200  2.325  -87.698  9.830 0.0000000000
42201  2.015  -87.457  10.458 0.0000000000
46072  3.453  -92.412  0.890 0.0000000000
46073  3.763  -92.528  0.264 0.0000000000
46074  3.212  -92.942  0.241 0.0000000000
46082  -3.311  -99.478  -3.911 0.0000000000
46083  -3.005  -99.637  -4.551 0.0000000000
46084  -3.605  -99.954  -4.494 0.0000000000
46085  -3.901  -100.421  -5.073 0.0000000000
46086  -4.206  -100.259  -4.434 0.0000000000
47875  4.907  -87.991  6.807 0.0000000000
47880  4.804  -89.214  4.850 0.0000000000
47881  4.494  -89.065  5.471 0.0000000000
47882  1.001  -91.045  5.947 0.0000000000
47883  1.305  -91.255  5.310 0.0000000000
47884  0.763  -91.599  5.306 0.0000000000
47885  0.520  -92.151  4.666 0.0000000000
47886  0.218  -91.935  5.308 0.0000000000
52088  -1.088  -89.281  10.440 0.0000000000
52090  -3.656  -93.235  6.780 0.0000000000
52091  -3.107  -92.961  6.734 0.0000000000
52093  -3.094  -93.789  5.461 0.0000000000
52094  -3.651  -94.068  5.508 0.0000000000
55672  1.231  -93.983  0.844 0.0000000000
55673  1.539  -94.136  0.210 0.0000000000
55674  0.975  -94.517  0.212 0.0000000000
55675  -0.126  -95.943  -1.022 0.0000000000
55676  0.450  -95.574  -1.040 0.0000000000
55677  0.182  -96.095  -1.660 0.0000000000
55678  0.491  -96.233  -2.296 0.0000000000
55679  -0.090  -96.611  -2.276 0.0000000000
55680  -0.365  -97.120  -2.887 0.0000000000
55681  -0.673  -96.977  -2.249 0.0000000000
55682  -2.152  -97.499  -1.535 0.0000000000
55683  -1.848  -97.674  -2.178 0.0000000000
55684  -2.438  -98.005  -2.135 0.0000000000
55685  -2.727  -98.503  -2.731 0.0000000000
55686  -3.030  -98.324  -2.086 0.0000000000
57475  3.659  -87.253  9.276 0.0000000000
57476  4.166  -86.909  9.322 0.0000000000
57477  3.972  -87.456  8.658 0.0000000000
57478  4.284  -87.646  8.040 0.0000000000
57479  3.771  -88.002  7.995 0.0000000000
57480  3.564  -88.548  7.334 0.0000000000
57481  3.255  -88.353  7.956 0.0000000000
57482  1.906  -88.817  8.528 0.0000000000
57483  2.213  -89.040  7.898 0.0000000000
57484  1.688  -89.375  7.880 0.0000000000
57485  1.464  -89.933  7.234 0.0000000000
57486  1.160  -89.706  7.868 0.0000000000
61688  -3.180  -90.381  10.561 0.0000000000
69097  5.617  -90.721  1.037 0.0000000000
69098  5.929  -90.797  0.420 0.0000000000
69099  5.393  -91.240  0.372 0.0000000000
69100  4.386  -92.717  -0.984 0.0000000000
69101  4.934  -92.275  -0.950 0.0000000000
69102  4.697  -92.791  -1.606 0.0000000000
69103  5.010  -92.850  -2.226 0.0000000000
69104  4.457  -93.304  -2.257 0.0000000000
69105  2.157  -94.404  -1.055 0.0000000000
69106  2.719  -93.995  -1.047 0.0000000000
69107  2.467  -94.518  -1.685 0.0000000000
69108  2.834  -95.212  -3.571 0.0000000000
69109  3.089  -94.702  -2.938 0.0000000000
69111  3.966  -94.324  -3.546 0.0000000000
69127  -0.925  -98.121  -4.095 0.0000000000
69130  -2.389  -99.913  -5.823 0.0000000000
74520  6.050  -89.681  2.378 0.0000000000
74521  5.738  -89.584  2.995 0.0000000000
74522  4.371  -90.282  3.519 0.0000000000
74523  4.682  -90.411  2.897 0.0000000000
74524  4.148  -90.815  2.858 0.0000000000
74525  3.921  -91.348  2.199 0.0000000000
74526  3.611  -91.213  2.825 0.0000000000
74527  3.135  -89.641  6.017 0.0000000000
74528  3.443  -89.819  5.392 0.0000000000
74529  2.913  -90.187  5.362 0.0000000000
74530  1.913  -91.644  4.041 0.0000000000
74531  2.455  -91.278  4.057 0.0000000000
74532  2.219  -91.822  3.408 0.0000000000
74533  2.525  -91.988  2.777 0.0000000000
74534  1.978  -92.365  2.763 0.0000000000
74535  1.734  -92.907  2.120 0.0000000000
74536  1.429  -92.735  2.754 0.0000000000
74537  0.019  -93.250  3.396 0.0000000000
74538  0.320  -93.450  2.756 0.0000000000
74539  -0.239  -93.796  2.766 0.0000000000
74540  -0.502  -94.339  2.140 0.0000000000
74541  -0.801  -94.133  2.784 0.0000000000
87140  0.377  -87.548  11.697 0.0000000000
87142  0.682  -87.821  11.060 0.0000000000
87143  0.987  -88.085  10.425 0.0000000000
87144  0.470  -88.392  10.419 0.0000000000
87145  -0.498  -89.834  9.149 0.0000000000
87146  0.028  -89.530  9.141 0.0000000000
87147  -0.201  -90.097  8.506 0.0000000000
87148  0.097  -90.350  7.864 0.0000000000
87149  -0.437  -90.662  7.872 0.0000000000
87150  -2.616  -90.985  9.244 0.0000000000
87151  -2.085  -90.707  9.211 0.0000000000
87152  -2.332  -91.274  8.588 0.0000000000
87153  -2.012  -92.388  6.659 0.0000000000
87154  -1.757  -91.828  7.282 0.0000000000
87155  -1.467  -92.090  6.631 0.0000000000
87156  -0.923  -91.785  6.610 0.0000000000
87157  -1.173  -92.343  5.981 0.0000000000
87158  -0.878  -92.585  5.332 0.0000000000
87159  -1.430  -92.898  5.355 0.0000000000
87160  -2.520  -94.305  4.146 0.0000000000
87161  -1.958  -94.001  4.110 0.0000000000
87162  -2.229  -94.547  3.492 0.0000000000
87163  -1.934  -94.780  2.840 0.0000000000
87164  -2.503  -95.088  2.878 0.0000000000
87226  -4.213  -95.156  4.292 0.0000000000
87227  -4.500  -95.692  3.688 0.0000000000
87228  -4.221  -96.731  1.767 0.0000000000
87229  -3.932  -96.206  2.368 0.0000000000
87230  -3.642  -96.448  1.711 0.0000000000
87231  -3.064  -96.155  1.661 0.0000000000
87232  -3.349  -96.680  1.058 0.0000000000
87233  -3.053  -96.901  0.406 0.0000000000
87234  -3.637  -97.199  0.457 0.0000000000
87235  -4.810  -98.499  -0.672 0.0000000000
87236  -4.220  -98.219  -0.734 0.0000000000
87237  -4.514  -98.719  -1.324 0.0000000000
87238  -4.217  -98.927  -1.975 0.0000000000
87239  -4.811  -99.211  -1.912 0.0000000000
87243  -6.602  -100.681  -2.930 0.0000000000
87244  -6.300  -100.216  -2.354 0.0000000000
87245  -6.005  -100.432  -3.006 0.0000000000
87246  -5.408  -100.170  -3.078 0.0000000000
87247  -5.707  -100.637  -3.654 0.0000000000
87248  -5.407  -100.829  -4.300 0.0000000000
87249  -6.007  -101.094  -4.227 0.0000000000
87795  6.553  -90.908  -0.811 0.0000000000
87796  7.084  -90.438  -0.752 0.0000000000
87797  6.866  -90.942  -1.424 0.0000000000
93307  0.102  -94.717  0.860 0.0000000000
93308  0.407  -94.888  0.221 0.0000000000
93309  -0.163  -95.250  0.237 0.0000000000
93310  -0.432  -95.778  -0.383 0.0000000000
93311  -0.704  -96.302  -0.998 0.0000000000
93312  -0.980  -96.820  -1.609 0.0000000000
93313  -1.285  -96.650  -0.968 0.0000000000
93314  -1.869  -96.986  -0.931 0.0000000000
93315  -2.454  -97.311  -0.890 0.0000000000
94388  4.037  -86.152  10.605 0.0000000000
94390  3.346  -87.039  9.896 0.0000000000
94391  3.149  -87.593  9.237 0.0000000000
94392  2.945  -88.146  8.579 0.0000000000
94393  2.635  -87.927  9.204 0.0000000000
94394  2.119  -88.257  9.178 0.0000000000
94395  1.600  -88.583  9.159 0.0000000000
101362  4.543  -91.581  0.951 0.0000000000
101363  4.854  -91.676  0.329 0.0000000000
101364  4.310  -92.106  0.294 0.0000000000
101365  4.074  -92.629  -0.361 0.0000000000
101366  3.834  -93.151  -1.012 0.0000000000
101368  2.211  -95.036  -2.318 0.0000000000
101380  -2.115  -98.825  -4.013 0.0000000000
101382  -2.406  -99.307  -4.603 0.0000000000
101383  -2.698  -99.782  -5.188 0.0000000000
101384  -2.991  -100.248  -5.769 0.0000000000
101385  -3.287  -100.706  -6.344 0.0000000000
101386  -3.594  -100.570  -5.710 0.0000000000
101387  -4.198  -100.879  -5.648 0.0000000000
101388  -4.801  -101.175  -5.581 0.0000000000
104614  5.842  -88.418  4.959 0.0000000000
104615  5.636  -88.946  4.285 0.0000000000
104616  5.426  -89.473  3.612 0.0000000000
104617  5.115  -89.350  4.231 0.0000000000
104618  4.590  -89.748  4.184 0.0000000000
104619  4.061  -90.139  4.143 0.0000000000
104620  2.074  -90.355  5.969 0.0000000000
104621  2.380  -90.549  5.338 0.0000000000
104622  1.844  -90.905  5.321 0.0000000000
104623  1.609  -91.455  4.675 0.0000000000
104624  1.369  -92.004  4.031 0.0000000000
104625  1.125  -92.551  3.390 0.0000000000
104626  0.822  -92.356  4.027 0.0000000000
104627  0.272  -92.701  4.030 0.0000000000
104628  -0.281  -93.039  4.039 0.0000000000
112190  -0.048  -88.694  10.419 0.0000000000
112191  -0.568  -88.991  10.426 0.0000000000
112192  -0.794  -89.562  9.794 0.0000000000
112193  -1.026  -90.132  9.163 0.0000000000
112194  -3.125  -92.116  8.008 0.0000000000
112195  -2.585  -91.839  7.968 0.0000000000
112196  -2.843  -92.402  7.350 0.0000000000
112197  -2.559  -92.679  6.693 0.0000000000
112198  -2.272  -92.946  6.038 0.0000000000
112199  -1.983  -93.204  5.384 0.0000000000
112200  -2.538  -93.501  5.419 0.0000000000
112201  -2.809  -94.052  4.803 0.0000000000
112202  -3.084  -94.598  4.189 0.0000000000
112242  -4.800  -97.003  1.828 0.0000000000
112243  -4.512  -97.250  1.170 0.0000000000
112244  -4.221  -97.486  0.514 0.0000000000
112245  -4.806  -97.762  0.575 0.0000000000
112246  -5.102  -98.269  -0.017 0.0000000000
112247  -5.400  -98.768  -0.606 0.0000000000
117877  2.348  -93.214  0.855 0.0000000000
117878  2.658  -93.349  0.224 0.0000000000
117879  2.100  -93.747  0.214 0.0000000000
117880  1.847  -94.277  -0.424 0.0000000000
117881  1.591  -94.804  -1.057 0.0000000000
117882  0.714  -95.047  -0.416 0.0000000000
117883  1.022  -95.194  -1.052 0.0000000000
117884  1.331  -95.326  -1.686 0.0000000000
117885  1.068  -95.845  -2.310 0.0000000000
117886  0.800  -96.357  -2.930 0.0000000000
117890  -0.643  -97.624  -3.493 0.0000000000
117891  -1.234  -97.985  -3.459 0.0000000000
117892  -1.259  -97.331  -2.217 0.0000000000
117893  -1.542  -97.836  -2.820 0.0000000000
117894  -1.827  -98.334  -3.419 0.0000000000
117895  -2.422  -98.671  -3.373 0.0000000000
117896  -3.018  -98.995  -3.323 0.0000000000
117897  -3.615  -99.307  -3.268 0.0000000000
120406  4.596  -87.825  7.423 0.0000000000
120407  4.392  -88.365  6.756 0.0000000000
120408  4.183  -88.905  6.091 0.0000000000
120409  3.874  -88.732  6.712 0.0000000000
120410  3.352  -89.095  6.674 0.0000000000
120411  2.827  -89.452  6.643 0.0000000000
120412  2.735  -88.699  7.924 0.0000000000
120413  2.520  -89.251  7.270 0.0000000000
120414  2.300  -89.803  6.619 0.0000000000
120415  1.769  -90.149  6.601 0.0000000000
120416  1.235  -90.490  6.589 0.0000000000
120417  0.699  -90.824  6.585 0.0000000000
126301  -2.899  -90.687  9.902 0.0000000000
126302  -3.148  -91.255  9.283 0.0000000000
126303  -3.958  -91.208  9.992 0.0000000000
126304  -3.682  -91.518  9.329 0.0000000000
126305  -3.404  -91.821  8.667 0.0000000000
135907  6.674  -89.835  1.148 0.0000000000
135908  6.986  -89.891  0.535 0.0000000000
135909  6.460  -90.348  0.475 0.0000000000
135910  6.241  -90.860  -0.196 0.0000000000
135911  6.018  -91.371  -0.864 0.0000000000
135912  5.166  -91.759  -0.291 0.0000000000
135913  5.478  -91.827  -0.910 0.0000000000
135914  5.790  -91.881  -1.528 0.0000000000
135918  2.968  -93.470  -0.405 0.0000000000
135919  3.278  -93.578  -1.032 0.0000000000
135920  3.589  -93.671  -1.658 0.0000000000
135921  2.778  -94.617  -2.312 0.0000000000
135922  3.341  -94.188  -2.300 0.0000000000
135923  3.901  -93.751  -2.282 0.0000000000
135924  4.213  -93.816  -2.904 0.0000000000
142599  6.884  -89.321  1.826 0.0000000000
142600  6.362  -89.765  1.763 0.0000000000
142601  5.836  -90.201  1.706 0.0000000000
142602  5.305  -90.631  1.656 0.0000000000
142603  5.212  -90.001  2.943 0.0000000000
142604  4.993  -90.528  2.276 0.0000000000
142605  4.770  -91.055  1.612 0.0000000000
142606  4.231  -91.471  1.575 0.0000000000
142607  3.689  -91.881  1.543 0.0000000000
142608  3.143  -92.284  1.518 0.0000000000
142609  3.970  -89.445  5.428 0.0000000000
142610  3.752  -89.985  4.767 0.0000000000
142611  3.529  -90.525  4.108 0.0000000000
142612  2.686  -90.732  4.708 0.0000000000
142613  2.993  -90.904  4.080 0.0000000000
142614  3.301  -91.065  3.452 0.0000000000
142615  3.070  -91.604  2.798 0.0000000000
142616  2.833  -92.142  2.147 0.0000000000
142617  2.593  -92.679  1.499 0.0000000000
142618  2.040  -93.067  1.487 0.0000000000
142619  1.485  -93.446  1.480 0.0000000000
142620  0.926  -93.817  1.480 0.0000000000
142621  0.876  -93.096  2.752 0.0000000000
142622  0.622  -93.639  2.117 0.0000000000
142623  0.364  -94.180  1.487 0.0000000000
142624  -0.201  -94.533  1.499 0.0000000000
142625  -0.768  -94.878  1.519 0.0000000000
142626  -1.339  -95.212  1.545 0.0000000000
157819  1.704  -87.207  11.087 0.0000000000
157820  1.502  -87.773  10.438 0.0000000000
157821  1.293  -88.339  9.791 0.0000000000
157822  1.078  -88.904  9.146 0.0000000000
157823  0.252  -88.962  9.779 0.0000000000
157824  0.554  -89.220  9.140 0.0000000000
157825  0.856  -89.468  8.503 0.0000000000
157826  0.629  -90.031  7.863 0.0000000000
157827  0.397  -90.592  7.224 0.0000000000
157828  0.160  -91.151  6.586 0.0000000000
157829  -1.845  -90.138  9.835 0.0000000000
157830  -1.555  -90.423  9.184 0.0000000000
157831  -1.264  -90.700  8.534 0.0000000000
157832  -2.046  -91.556  7.935 0.0000000000
157833  -1.508  -91.265  7.907 0.0000000000
157834  -0.972  -90.967  7.886 0.0000000000
157835  -0.677  -91.224  7.240 0.0000000000
157836  -0.380  -91.471  6.595 0.0000000000
157837  -0.082  -91.708  5.951 0.0000000000
157838  -0.329  -92.264  5.317 0.0000000000
157839  -0.581  -92.817  4.685 0.0000000000
157840  -0.838  -93.368  4.056 0.0000000000
157841  -1.691  -93.452  4.731 0.0000000000
157842  -1.397  -93.689  4.080 0.0000000000
157843  -1.100  -93.916  3.430 0.0000000000
157844  -1.367  -94.461  2.809 0.0000000000
157845  -1.637  -95.001  2.191 0.0000000000
157846  -1.912  -95.537  1.577 0.0000000000
157918  -4.209  -94.338  5.562 0.0000000000
157919  -3.930  -94.615  4.899 0.0000000000
157920  -3.648  -94.882  4.238 0.0000000000
157921  -3.363  -95.140  3.579 0.0000000000
157922  -4.218  -95.954  3.027 0.0000000000
157923  -3.646  -95.676  2.971 0.0000000000
157924  -3.074  -95.387  2.922 0.0000000000
157925  -2.782  -95.624  2.267 0.0000000000
157926  -2.487  -95.851  1.616 0.0000000000
157927  -2.190  -96.067  0.967 0.0000000000
157928  -2.471  -96.592  0.361 0.0000000000
157929  -2.755  -97.112  -0.243 0.0000000000
157930  -3.042  -97.625  -0.843 0.0000000000
157931  -3.927  -97.712  -0.140 0.0000000000
157932  -3.630  -97.928  -0.791 0.0000000000
157933  -3.331  -98.132  -1.439 0.0000000000
157934  -3.623  -98.631  -2.032 0.0000000000
157935  -3.917  -99.123  -2.622 0.0000000000
157936  -4.212  -99.607  -3.208 0.0000000000
157939  -5.699  -99.259  -1.192 0.0000000000
157941  -6.000  -99.742  -1.775 0.0000000000
157942  -5.405  -99.483  -1.846 0.0000000000
157943  -5.109  -99.695  -2.497 0.0000000000
157944  -4.810  -99.895  -3.145 0.0000000000
157945  -4.509  -100.083  -3.791 0.0000000000
157946  -4.806  -100.550  -4.369 0.0000000000
157947  -5.105  -101.008  -4.942 0.0000000000
158605  7.298  -89.933  -0.076 0.0000000000
158606  7.610  -89.960  -0.686 0.0000000000
158609  7.707  -90.471  -1.971 0.0000000000
