#!ascii label  , from subject fsaverage vox2ras=TkReg
454
343  -4.545  -45.420  -44.452 0.0000000000
821  -7.661  -41.323  -41.197 0.0000000000
822  -7.792  -47.401  -41.401 0.0000000000
823  -4.872  -39.507  -44.392 0.0000000000
824  -1.771  -37.056  -47.569 0.0000000000
1771  -0.929  -42.739  -47.396 0.0000000000
1988  -10.157  -42.502  -38.008 0.0000000000
2741  -6.274  -37.609  -42.684 0.0000000000
2742  -6.306  -40.497  -42.795 0.0000000000
2743  -4.939  -36.655  -44.312 0.0000000000
3904  -6.222  -46.501  -42.942 0.0000000000
3908  -4.260  -48.427  -44.432 0.0000000000
3909  -2.359  -47.099  -45.857 0.0000000000
3910  -2.776  -44.163  -45.933 0.0000000000
4364  -8.776  -39.062  -39.451 0.0000000000
5611  1.666  -43.952  -48.652 0.0000000000
5612  2.449  -46.697  -48.480 0.0000000000
6085  -9.110  -45.011  -39.725 0.0000000000
6087  -7.752  -44.322  -41.308 0.0000000000
6088  -6.297  -43.465  -42.880 0.0000000000
6089  -4.746  -42.437  -44.440 0.0000000000
6090  -3.105  -41.239  -45.980 0.0000000000
6091  -3.358  -38.358  -45.984 0.0000000000
7970  -0.381  -45.602  -47.265 0.0000000000
7971  0.983  -41.170  -48.835 0.0000000000
7972  -1.388  -39.881  -47.505 0.0000000000
7973  0.391  -38.381  -49.007 0.0000000000
8550  -10.382  -45.539  -38.134 0.0000000000
8551  -8.941  -41.986  -39.600 0.0000000000
8552  -7.550  -38.409  -41.060 0.0000000000
10422  -5.614  -37.151  -43.498 0.0000000000
11584  -5.396  -45.983  -43.701 0.0000000000
11585  -6.156  -48.035  -42.963 0.0000000000
11586  -5.298  -47.502  -43.708 0.0000000000
11588  -4.414  -46.923  -44.445 0.0000000000
11589  -3.507  -46.299  -45.174 0.0000000000
11590  -3.671  -44.813  -45.195 0.0000000000
13291  2.325  -41.707  -49.441 0.0000000000
13292  2.713  -43.073  -49.338 0.0000000000
13981  -8.379  -43.170  -40.460 0.0000000000
13982  -8.443  -44.687  -40.518 0.0000000000
13983  -7.711  -42.812  -41.254 0.0000000000
13984  -5.599  -40.022  -43.594 0.0000000000
13985  -6.309  -41.971  -42.840 0.0000000000
13986  -5.574  -41.487  -43.631 0.0000000000
13987  -5.533  -42.972  -43.662 0.0000000000
13988  -4.818  -40.963  -44.420 0.0000000000
13989  -4.039  -40.398  -45.205 0.0000000000
13990  -4.125  -38.952  -45.189 0.0000000000
17469  -8.536  -47.783  -40.621 0.0000000000
17485  -2.870  -50.745  -45.096 0.0000000000
17486  -1.632  -44.921  -46.616 0.0000000000
17487  -1.378  -46.371  -46.562 0.0000000000
17488  -0.666  -44.172  -47.331 0.0000000000
17489  0.315  -43.386  -48.040 0.0000000000
17490  0.020  -41.972  -48.119 0.0000000000
17491  -2.423  -39.146  -46.767 0.0000000000
17492  -2.255  -40.579  -46.744 0.0000000000
17493  -1.588  -38.463  -47.543 0.0000000000
17495  0.125  -36.994  -49.079 0.0000000000
17497  1.300  -37.581  -49.747 0.0000000000
18846  -10.862  -44.215  -37.284 0.0000000000
18847  -10.987  -45.746  -37.343 0.0000000000
18848  -10.268  -44.009  -38.073 0.0000000000
18849  -9.656  -43.767  -38.868 0.0000000000
18850  -9.557  -42.262  -38.802 0.0000000000
23365  -6.959  -39.468  -41.938 0.0000000000
23366  -6.994  -40.930  -41.996 0.0000000000
23367  -6.294  -39.043  -42.744 0.0000000000
23368  -5.611  -38.577  -43.550 0.0000000000
23369  -4.912  -38.071  -44.356 0.0000000000
23370  -4.194  -37.525  -45.163 0.0000000000
25458  -7.021  -46.974  -42.175 0.0000000000
25459  -7.788  -48.963  -41.442 0.0000000000
25464  -5.957  -51.112  -42.988 0.0000000000
25465  -5.032  -50.543  -43.708 0.0000000000
25467  -3.108  -49.268  -45.120 0.0000000000
25469  -2.579  -45.631  -45.896 0.0000000000
25470  -1.861  -43.470  -46.666 0.0000000000
26286  -9.461  -40.783  -38.730 0.0000000000
28531  0.979  -46.197  -47.885 0.0000000000
28533  2.046  -45.331  -48.564 0.0000000000
29557  -9.854  -46.843  -38.988 0.0000000000
29559  -9.187  -46.555  -39.782 0.0000000000
29560  -8.496  -46.225  -40.571 0.0000000000
29561  -7.780  -45.853  -41.357 0.0000000000
29562  -7.021  -42.412  -42.048 0.0000000000
29563  -7.037  -43.915  -42.095 0.0000000000
29564  -7.037  -45.437  -42.138 0.0000000000
29565  -6.269  -44.976  -42.914 0.0000000000
29566  -5.475  -44.472  -43.686 0.0000000000
29567  -4.656  -43.924  -44.450 0.0000000000
29568  -3.814  -43.332  -45.209 0.0000000000
29569  -3.936  -41.859  -45.212 0.0000000000
29570  -3.241  -39.792  -45.988 0.0000000000
29571  -2.573  -37.725  -46.778 0.0000000000
29573  -2.705  -36.320  -46.775 0.0000000000
34246  -2.113  -48.563  -45.817 0.0000000000
34248  -0.070  -47.025  -47.200 0.0000000000
34249  0.634  -44.796  -47.961 0.0000000000
34250  1.312  -42.564  -48.743 0.0000000000
34252  -2.950  -42.697  -45.961 0.0000000000
34253  -2.068  -42.022  -46.710 0.0000000000
34254  -1.168  -41.307  -47.455 0.0000000000
34256  -0.505  -39.148  -48.260 0.0000000000
34257  -0.253  -40.558  -48.194 0.0000000000
34258  0.676  -39.774  -48.924 0.0000000000
34259  1.619  -38.957  -49.649 0.0000000000
35916  -10.496  -47.091  -38.192 0.0000000000
35917  -9.756  -45.294  -38.930 0.0000000000
35918  -9.026  -43.488  -39.665 0.0000000000
35919  -8.309  -41.674  -40.398 0.0000000000
35920  -8.856  -40.509  -39.528 0.0000000000
35921  -8.238  -40.200  -40.329 0.0000000000
35922  -7.606  -39.854  -41.133 0.0000000000
35923  -6.920  -38.028  -41.870 0.0000000000
42304  -4.974  -45.707  -44.077 0.0000000000
42305  -5.350  -46.742  -43.706 0.0000000000
42306  -4.919  -46.462  -44.078 0.0000000000
42307  -4.859  -47.218  -44.078 0.0000000000
42308  -4.482  -46.171  -44.449 0.0000000000
42309  -4.040  -45.869  -44.818 0.0000000000
42310  -4.111  -45.122  -44.824 0.0000000000
44011  2.642  -40.586  -49.843 0.0000000000
44013  3.148  -40.142  -50.192 0.0000000000
44701  -8.018  -42.247  -40.828 0.0000000000
44702  -8.048  -42.996  -40.857 0.0000000000
44703  -7.687  -42.065  -41.226 0.0000000000
44704  -5.238  -39.770  -43.993 0.0000000000
44705  -5.588  -40.752  -43.613 0.0000000000
44706  -5.220  -40.498  -44.010 0.0000000000
44707  -5.199  -41.230  -44.026 0.0000000000
44708  -4.847  -40.233  -44.407 0.0000000000
44709  -4.468  -39.958  -44.803 0.0000000000
44710  -4.501  -39.235  -44.790 0.0000000000
48189  -8.168  -47.598  -41.012 0.0000000000
48190  -8.550  -48.568  -40.645 0.0000000000
48191  -8.175  -48.380  -41.035 0.0000000000
48205  -3.376  -51.091  -44.751 0.0000000000
48206  -1.277  -43.831  -47.003 0.0000000000
48207  -1.151  -44.552  -46.974 0.0000000000
48208  -0.800  -43.456  -47.364 0.0000000000
48209  -0.320  -43.072  -47.723 0.0000000000
48210  -0.456  -42.360  -47.759 0.0000000000
48211  -2.093  -38.100  -47.166 0.0000000000
48212  -2.008  -38.809  -47.156 0.0000000000
48213  -1.682  -37.758  -47.558 0.0000000000
49566  -10.509  -43.360  -37.646 0.0000000000
49567  -10.567  -44.116  -37.678 0.0000000000
49568  -10.212  -43.253  -38.041 0.0000000000
49569  -9.911  -43.137  -38.438 0.0000000000
49570  -9.859  -42.387  -38.404 0.0000000000
54301  -6.614  -38.539  -42.310 0.0000000000
54302  -6.628  -39.261  -42.341 0.0000000000
54303  -6.285  -38.323  -42.715 0.0000000000
54304  -5.279  -36.908  -43.905 0.0000000000
54305  -5.614  -37.861  -43.525 0.0000000000
54306  -5.272  -37.616  -43.930 0.0000000000
54307  -5.264  -38.329  -43.953 0.0000000000
54308  -4.927  -37.361  -44.335 0.0000000000
54309  -4.577  -37.095  -44.741 0.0000000000
54310  -4.596  -36.392  -44.719 0.0000000000
57789  -6.625  -46.743  -42.560 0.0000000000
57790  -7.007  -47.747  -42.192 0.0000000000
57791  -6.603  -47.513  -42.574 0.0000000000
57792  -6.115  -48.805  -42.971 0.0000000000
57797  -6.410  -51.379  -42.624 0.0000000000
57798  -6.016  -50.343  -42.983 0.0000000000
57799  -4.722  -48.731  -44.072 0.0000000000
57801  -4.644  -49.486  -44.068 0.0000000000
57803  -4.174  -49.178  -44.425 0.0000000000
57804  -3.698  -48.858  -44.780 0.0000000000
57805  -3.793  -48.112  -44.791 0.0000000000
57806  -3.139  -45.232  -45.551 0.0000000000
57807  -3.046  -45.970  -45.536 0.0000000000
57808  -2.680  -44.897  -45.915 0.0000000000
57809  -2.217  -44.551  -46.279 0.0000000000
57810  -2.321  -43.821  -46.300 0.0000000000
59169  -9.711  -40.181  -38.297 0.0000000000
62912  1.510  -45.768  -48.225 0.0000000000
62913  1.853  -44.643  -48.608 0.0000000000
62914  3.241  -42.621  -49.678 0.0000000000
64981  -9.481  -45.928  -39.357 0.0000000000
64983  -9.150  -45.780  -39.754 0.0000000000
64984  -8.100  -44.510  -40.913 0.0000000000
64985  -8.471  -45.454  -40.545 0.0000000000
64986  -8.123  -45.275  -40.939 0.0000000000
64987  -8.141  -46.045  -40.965 0.0000000000
64988  -7.768  -45.085  -41.333 0.0000000000
64989  -6.653  -40.719  -42.396 0.0000000000
64990  -7.009  -41.669  -42.022 0.0000000000
64991  -6.662  -41.455  -42.420 0.0000000000
64992  -6.305  -42.715  -42.861 0.0000000000
64993  -6.670  -42.943  -42.467 0.0000000000
64994  -6.670  -43.695  -42.488 0.0000000000
64995  -7.039  -44.674  -42.117 0.0000000000
64996  -6.665  -44.451  -42.508 0.0000000000
64997  -6.656  -45.212  -42.527 0.0000000000
64998  -6.285  -44.218  -42.898 0.0000000000
64999  -5.143  -42.710  -44.051 0.0000000000
65000  -5.506  -43.720  -43.675 0.0000000000
65001  -5.108  -43.455  -44.061 0.0000000000
65002  -5.068  -44.203  -44.069 0.0000000000
65003  -4.703  -43.179  -44.446 0.0000000000
65004  -4.293  -42.892  -44.830 0.0000000000
65005  -4.344  -42.153  -44.827 0.0000000000
65006  -3.695  -39.378  -45.593 0.0000000000
65007  -3.642  -40.100  -45.597 0.0000000000
65008  -3.301  -39.073  -45.987 0.0000000000
65009  -2.903  -38.758  -46.381 0.0000000000
65010  -2.967  -38.046  -46.381 0.0000000000
65011  -3.865  -36.534  -45.552 0.0000000000
75496  -2.730  -48.185  -45.486 0.0000000000
75497  -2.613  -48.921  -45.469 0.0000000000
75498  -2.239  -47.832  -45.837 0.0000000000
75499  -0.882  -45.991  -46.914 0.0000000000
75500  -1.243  -47.094  -46.536 0.0000000000
75501  -0.738  -46.709  -46.885 0.0000000000
75502  -0.588  -47.425  -46.856 0.0000000000
75503  -0.228  -46.315  -47.232 0.0000000000
75505  0.125  -45.204  -47.614 0.0000000000
75507  0.812  -42.979  -48.392 0.0000000000
75509  1.640  -41.448  -49.142 0.0000000000
75511  -3.456  -42.286  -45.592 0.0000000000
75512  -3.384  -43.020  -45.585 0.0000000000
75513  -3.030  -41.967  -45.972 0.0000000000
75514  -1.823  -40.235  -47.125 0.0000000000
75515  -2.164  -41.299  -46.728 0.0000000000
75516  -1.724  -40.951  -47.105 0.0000000000
75517  -1.620  -41.669  -47.083 0.0000000000
75518  -1.280  -40.593  -47.481 0.0000000000
75520  -0.848  -37.047  -48.337 0.0000000000
75521  -0.426  -36.680  -48.724 0.0000000000
75522  0.256  -37.687  -49.044 0.0000000000
75523  -0.185  -38.070  -48.667 0.0000000000
75524  -0.058  -38.769  -48.634 0.0000000000
75525  -0.381  -39.852  -48.228 0.0000000000
75526  0.073  -39.469  -48.598 0.0000000000
75527  0.210  -40.170  -48.560 0.0000000000
75528  0.531  -39.077  -48.967 0.0000000000
75532  2.095  -38.536  -50.010 0.0000000000
75533  2.395  -37.429  -50.427 0.0000000000
79583  -10.439  -46.312  -38.163 0.0000000000
79584  -10.125  -46.194  -38.561 0.0000000000
79585  -10.072  -45.421  -38.531 0.0000000000
79586  -9.297  -42.878  -39.234 0.0000000000
79587  -9.343  -43.632  -39.266 0.0000000000
79588  -8.983  -42.734  -39.633 0.0000000000
79589  -8.666  -42.582  -40.031 0.0000000000
79590  -8.627  -41.835  -39.999 0.0000000000
79591  -9.117  -39.923  -39.091 0.0000000000
79592  -9.160  -40.651  -39.129 0.0000000000
79593  -8.815  -39.781  -39.490 0.0000000000
79594  -7.861  -38.585  -40.656 0.0000000000
79595  -8.203  -39.472  -40.292 0.0000000000
79596  -7.892  -39.305  -40.694 0.0000000000
79597  -7.924  -40.032  -40.731 0.0000000000
79598  -7.578  -39.128  -41.097 0.0000000000
79599  -7.261  -38.941  -41.501 0.0000000000
79600  -7.237  -38.223  -41.465 0.0000000000
90819  1.898  -47.146  -48.147 0.0000000000
92485  -5.940  -36.678  -43.059 0.0000000000
92486  -5.946  -37.385  -43.091 0.0000000000
92487  -5.614  -36.446  -43.468 0.0000000000
92489  -4.950  -35.954  -44.286 0.0000000000
94578  -5.813  -46.248  -43.323 0.0000000000
94579  -6.192  -47.267  -42.953 0.0000000000
94580  -5.774  -47.010  -43.331 0.0000000000
94581  -5.730  -47.774  -43.337 0.0000000000
94583  -5.626  -49.304  -43.345 0.0000000000
94584  -5.240  -48.263  -43.710 0.0000000000
94586  -4.340  -47.675  -44.439 0.0000000000
94587  -3.881  -47.364  -44.801 0.0000000000
94588  -3.964  -46.617  -44.810 0.0000000000
94589  -3.592  -45.556  -45.185 0.0000000000
94590  -3.226  -44.493  -45.564 0.0000000000
97651  2.000  -42.829  -49.044 0.0000000000
97652  2.188  -43.517  -48.996 0.0000000000
97653  2.516  -42.391  -49.389 0.0000000000
97654  3.036  -41.945  -49.733 0.0000000000
98893  -8.743  -44.091  -40.093 0.0000000000
98894  -8.779  -44.854  -40.122 0.0000000000
98895  -8.412  -43.926  -40.489 0.0000000000
98896  -8.075  -43.750  -40.886 0.0000000000
98897  -7.733  -43.564  -41.282 0.0000000000
98898  -5.955  -40.264  -43.195 0.0000000000
98899  -6.309  -41.231  -42.818 0.0000000000
98900  -5.951  -40.997  -43.216 0.0000000000
98901  -5.944  -41.734  -43.236 0.0000000000
98902  -5.933  -42.476  -43.254 0.0000000000
98903  -5.918  -43.223  -43.271 0.0000000000
98904  -5.556  -42.227  -43.647 0.0000000000
98905  -5.173  -41.968  -44.039 0.0000000000
98906  -4.784  -41.698  -44.431 0.0000000000
98907  -4.390  -41.418  -44.821 0.0000000000
98908  -4.431  -40.686  -44.813 0.0000000000
98909  -4.084  -39.673  -45.198 0.0000000000
98910  -3.744  -38.660  -45.586 0.0000000000
105171  -8.898  -47.956  -40.229 0.0000000000
105201  -2.359  -50.387  -45.439 0.0000000000
105202  -1.992  -46.011  -46.233 0.0000000000
105203  -1.871  -46.740  -46.210 0.0000000000
105204  -1.508  -45.647  -46.589 0.0000000000
105205  -1.019  -45.272  -46.944 0.0000000000
105206  -0.527  -44.888  -47.298 0.0000000000
105207  -0.030  -44.494  -47.650 0.0000000000
105208  -0.178  -43.784  -47.687 0.0000000000
105209  0.164  -42.679  -48.080 0.0000000000
105210  0.499  -41.575  -48.478 0.0000000000
105211  -2.761  -40.193  -46.372 0.0000000000
105212  -2.682  -40.914  -46.363 0.0000000000
105213  -2.341  -39.861  -46.757 0.0000000000
105214  -1.918  -39.520  -47.142 0.0000000000
105215  -1.490  -39.170  -47.525 0.0000000000
105220  0.700  -37.295  -49.419 0.0000000000
105221  0.844  -37.986  -49.378 0.0000000000
107653  -10.627  -44.879  -37.708 0.0000000000
107654  -10.325  -44.771  -38.104 0.0000000000
107655  -10.018  -44.654  -38.501 0.0000000000
107656  -9.964  -43.892  -38.470 0.0000000000
107657  -9.606  -43.012  -38.836 0.0000000000
107658  -9.251  -42.129  -39.200 0.0000000000
107660  -8.474  -38.911  -39.852 0.0000000000
107664  -7.213  -37.512  -41.426 0.0000000000
115957  -7.308  -40.396  -41.567 0.0000000000
115958  -7.330  -41.132  -41.596 0.0000000000
115959  -6.977  -40.197  -41.968 0.0000000000
115960  -6.641  -39.987  -42.369 0.0000000000
115961  -6.301  -39.767  -42.771 0.0000000000
115962  -5.951  -38.097  -43.120 0.0000000000
115963  -5.955  -38.815  -43.147 0.0000000000
115964  -5.956  -39.537  -43.172 0.0000000000
115965  -5.607  -39.297  -43.573 0.0000000000
115966  -5.252  -39.047  -43.974 0.0000000000
115967  -4.893  -38.787  -44.375 0.0000000000
115968  -4.530  -38.516  -44.776 0.0000000000
115969  -4.555  -37.803  -44.759 0.0000000000
115970  -4.223  -36.820  -45.146 0.0000000000
120840  -7.410  -47.193  -41.789 0.0000000000
120841  -7.793  -48.181  -41.422 0.0000000000
120842  -7.403  -47.970  -41.808 0.0000000000
120843  -7.391  -48.748  -41.825 0.0000000000
120844  -7.375  -49.529  -41.842 0.0000000000
120858  -4.950  -51.302  -43.707 0.0000000000
120861  -3.490  -50.349  -44.760 0.0000000000
120863  -3.217  -48.527  -45.134 0.0000000000
120864  -2.842  -47.448  -45.502 0.0000000000
120865  -3.417  -47.042  -45.161 0.0000000000
120866  -2.947  -46.709  -45.519 0.0000000000
120867  -2.472  -46.366  -45.877 0.0000000000
120868  -2.108  -45.281  -46.256 0.0000000000
120869  -1.749  -44.196  -46.642 0.0000000000
120870  -1.397  -43.109  -47.032 0.0000000000
122771  -10.104  -41.759  -37.974 0.0000000000
122772  -9.808  -41.643  -38.369 0.0000000000
122773  -9.759  -40.908  -38.334 0.0000000000
122775  -9.076  -39.204  -39.053 0.0000000000
128011  0.626  -47.318  -47.510 0.0000000000
128014  1.701  -46.459  -48.186 0.0000000000
130698  -8.814  -45.622  -40.150 0.0000000000
130699  -8.845  -46.395  -40.177 0.0000000000
130700  -8.873  -47.173  -40.203 0.0000000000
130701  -8.518  -47.002  -40.597 0.0000000000
130702  -8.156  -46.819  -40.989 0.0000000000
130703  -7.788  -46.625  -41.380 0.0000000000
130704  -7.351  -41.872  -41.624 0.0000000000
130705  -7.369  -42.617  -41.651 0.0000000000
130706  -7.385  -43.368  -41.677 0.0000000000
130707  -6.668  -42.197  -42.444 0.0000000000
130708  -7.031  -43.161  -42.072 0.0000000000
130709  -7.397  -44.124  -41.702 0.0000000000
130710  -7.406  -44.885  -41.725 0.0000000000
130711  -7.412  -45.650  -41.748 0.0000000000
130712  -7.413  -46.420  -41.769 0.0000000000
130713  -7.031  -46.204  -42.157 0.0000000000
130714  -6.643  -45.976  -42.544 0.0000000000
130715  -6.248  -45.737  -42.929 0.0000000000
130716  -5.899  -43.974  -43.287 0.0000000000
130717  -5.875  -44.729  -43.301 0.0000000000
130718  -5.846  -45.487  -43.313 0.0000000000
130719  -5.438  -45.226  -43.694 0.0000000000
130720  -5.024  -44.954  -44.074 0.0000000000
130721  -4.603  -44.671  -44.452 0.0000000000
130722  -4.177  -44.377  -44.828 0.0000000000
130723  -4.237  -43.633  -44.830 0.0000000000
130724  -3.877  -42.594  -45.212 0.0000000000
130725  -3.523  -41.554  -45.597 0.0000000000
130726  -3.990  -41.127  -45.210 0.0000000000
130727  -3.585  -40.826  -45.598 0.0000000000
130728  -3.175  -40.514  -45.986 0.0000000000
130729  -2.834  -39.474  -46.378 0.0000000000
130730  -2.500  -38.434  -46.774 0.0000000000
130731  -2.174  -37.395  -47.173 0.0000000000
130732  -4.161  -38.236  -45.177 0.0000000000
130733  -3.788  -37.946  -45.577 0.0000000000
130734  -3.410  -37.647  -45.978 0.0000000000
130736  -3.084  -36.635  -46.372 0.0000000000
130737  -3.027  -37.339  -46.378 0.0000000000
130739  -2.250  -36.693  -47.177 0.0000000000
143794  -2.992  -50.008  -45.108 0.0000000000
143797  -1.743  -47.468  -46.187 0.0000000000
143804  0.803  -45.497  -47.923 0.0000000000
143805  1.148  -44.378  -48.307 0.0000000000
143806  0.472  -44.092  -48.001 0.0000000000
143807  0.977  -43.680  -48.350 0.0000000000
143808  1.486  -43.259  -48.697 0.0000000000
143809  1.817  -42.139  -49.093 0.0000000000
143810  2.140  -41.021  -49.493 0.0000000000
143812  -3.745  -44.072  -45.203 0.0000000000
143813  -3.308  -43.756  -45.576 0.0000000000
143814  -2.866  -43.429  -45.948 0.0000000000
143815  -2.599  -41.638  -46.351 0.0000000000
143816  -2.511  -42.365  -46.336 0.0000000000
143817  -2.419  -43.092  -46.319 0.0000000000
143818  -1.967  -42.745  -46.689 0.0000000000
143819  -1.511  -42.389  -47.058 0.0000000000
143820  -1.051  -42.023  -47.426 0.0000000000
143821  -1.267  -37.406  -47.948 0.0000000000
143822  -1.165  -38.108  -47.929 0.0000000000
143823  -1.059  -38.812  -47.908 0.0000000000
143824  -0.308  -37.374  -48.697 0.0000000000
143825  -0.624  -38.445  -48.288 0.0000000000
143826  -0.948  -39.519  -47.883 0.0000000000
143827  -0.833  -40.227  -47.855 0.0000000000
143828  -0.712  -40.937  -47.825 0.0000000000
143829  -0.587  -41.648  -47.793 0.0000000000
143830  -0.119  -41.265  -48.157 0.0000000000
143831  0.352  -40.873  -48.520 0.0000000000
143832  0.827  -40.472  -48.880 0.0000000000
143833  0.992  -38.677  -49.333 0.0000000000
143834  1.146  -39.370  -49.287 0.0000000000
143835  1.305  -40.063  -49.239 0.0000000000
143836  1.787  -39.645  -49.598 0.0000000000
148736  -9.806  -46.066  -38.959 0.0000000000
148737  -9.436  -45.158  -39.328 0.0000000000
148738  -9.706  -44.528  -38.899 0.0000000000
148739  -9.390  -44.392  -39.297 0.0000000000
148740  -9.069  -44.247  -39.695 0.0000000000
148741  -8.705  -43.334  -40.063 0.0000000000
148742  -8.345  -42.419  -40.430 0.0000000000
148743  -7.988  -41.503  -40.798 0.0000000000
148744  -9.508  -41.519  -38.767 0.0000000000
148745  -9.205  -41.386  -39.165 0.0000000000
148746  -8.898  -41.245  -39.565 0.0000000000
148747  -8.511  -39.631  -39.891 0.0000000000
148748  -8.549  -40.359  -39.928 0.0000000000
148749  -8.588  -41.094  -39.965 0.0000000000
148750  -8.274  -40.934  -40.365 0.0000000000
148751  -7.956  -40.765  -40.765 0.0000000000
148752  -7.634  -40.586  -41.166 0.0000000000
148753  -7.285  -39.666  -41.535 0.0000000000
148754  -6.939  -38.745  -41.905 0.0000000000
148755  -6.599  -37.823  -42.277 0.0000000000
148757  -6.583  -37.113  -42.241 0.0000000000
