#!ascii label  , from subject fsaverage vox2ras=TkReg
295
410  -18.336  -64.599  52.660 0.0000000000
1916  -17.364  -60.219  56.769 0.0000000000
1917  -20.972  -61.030  56.475 0.0000000000
1918  -21.802  -65.169  52.087 0.0000000000
4208  -20.478  -58.847  58.517 0.0000000000
4211  -23.042  -63.214  53.789 0.0000000000
4213  -22.151  -67.123  49.765 0.0000000000
5175  -17.872  -62.438  54.770 0.0000000000
6849  -18.763  -66.699  50.450 0.0000000000
8353  -18.078  -56.179  60.509 0.0000000000
8354  -16.804  -57.943  58.647 0.0000000000
8355  -18.667  -58.464  58.690 0.0000000000
8356  -19.199  -60.700  56.728 0.0000000000
8357  -19.677  -62.871  54.653 0.0000000000
8358  -22.649  -61.181  56.002 0.0000000000
8359  -21.412  -63.138  54.327 0.0000000000
8360  -20.109  -64.975  52.475 0.0000000000
8361  -20.501  -67.011  50.206 0.0000000000
12855  -18.109  -63.526  53.728 0.0000000000
12857  -17.429  -64.352  52.680 0.0000000000
15255  -18.963  -67.728  49.309 0.0000000000
18382  -19.008  -56.410  60.496 0.0000000000
18383  -18.379  -57.326  59.620 0.0000000000
18384  -19.301  -57.547  59.583 0.0000000000
18385  -20.732  -59.947  57.510 0.0000000000
18386  -19.845  -59.788  57.645 0.0000000000
18387  -20.095  -60.886  56.629 0.0000000000
18388  -19.444  -61.794  55.704 0.0000000000
18389  -20.331  -61.965  55.586 0.0000000000
18391  -23.236  -60.156  56.771 0.0000000000
18392  -23.440  -61.183  55.684 0.0000000000
18393  -22.431  -64.207  52.960 0.0000000000
18394  -22.242  -63.202  54.084 0.0000000000
18395  -21.612  -64.164  53.217 0.0000000000
18396  -20.767  -64.071  53.423 0.0000000000
18397  -20.967  -65.096  52.306 0.0000000000
18398  -20.309  -66.001  51.351 0.0000000000
18399  -21.158  -66.104  51.169 0.0000000000
18401  -21.509  -68.065  48.831 0.0000000000
18403  -21.018  -69.929  46.651 0.0000000000
21285  -17.092  -59.087  57.725 0.0000000000
26006  -20.207  -57.732  59.491 0.0000000000
26007  -21.094  -57.878  59.341 0.0000000000
26008  -21.353  -58.979  58.346 0.0000000000
26009  -21.596  -60.064  57.320 0.0000000000
26013  -23.220  -64.197  52.650 0.0000000000
26015  -21.982  -66.155  50.936 0.0000000000
27747  -17.624  -61.336  55.784 0.0000000000
31341  -18.554  -65.656  51.567 0.0000000000
31342  -17.654  -65.422  51.603 0.0000000000
31343  -17.870  -66.478  50.501 0.0000000000
31344  -17.181  -67.275  49.395 0.0000000000
35349  -17.445  -57.072  59.601 0.0000000000
35350  -17.741  -58.219  58.694 0.0000000000
35351  -18.021  -59.355  57.750 0.0000000000
35352  -19.581  -58.674  58.631 0.0000000000
35353  -18.940  -59.589  57.724 0.0000000000
35354  -18.287  -60.476  56.774 0.0000000000
35355  -18.540  -61.583  55.769 0.0000000000
35356  -18.781  -62.674  54.736 0.0000000000
35357  -19.011  -63.749  53.677 0.0000000000
35359  -22.432  -60.134  57.073 0.0000000000
35361  -22.852  -62.208  54.907 0.0000000000
35362  -22.040  -62.175  55.188 0.0000000000
35363  -21.198  -62.094  55.414 0.0000000000
35364  -20.555  -63.027  54.517 0.0000000000
35365  -19.898  -63.931  53.576 0.0000000000
35366  -19.230  -64.808  52.592 0.0000000000
35367  -19.440  -65.851  51.484 0.0000000000
35368  -19.641  -66.878  50.352 0.0000000000
35369  -19.832  -67.891  49.197 0.0000000000
35370  -21.338  -67.094  50.010 0.0000000000
35371  -20.682  -68.004  49.038 0.0000000000
35373  -20.188  -69.860  46.831 0.0000000000
43575  -18.224  -64.064  53.197 0.0000000000
43576  -17.770  -63.943  53.209 0.0000000000
43577  -17.884  -64.480  52.676 0.0000000000
45975  -19.060  -68.237  48.730 0.0000000000
49102  -19.467  -56.513  60.468 0.0000000000
49103  -19.156  -56.980  60.045 0.0000000000
49104  -19.613  -57.080  60.011 0.0000000000
49105  -20.854  -60.491  56.996 0.0000000000
49106  -20.416  -60.420  57.075 0.0000000000
49107  -20.536  -60.963  56.559 0.0000000000
49108  -20.215  -61.428  56.110 0.0000000000
49109  -20.654  -61.502  56.036 0.0000000000
49110  -24.101  -60.634  55.866 0.0000000000
49113  -22.119  -64.691  52.529 0.0000000000
49114  -22.026  -64.192  53.095 0.0000000000
49115  -21.709  -64.669  52.654 0.0000000000
49116  -21.292  -64.634  52.767 0.0000000000
49117  -21.388  -65.139  52.203 0.0000000000
49118  -21.064  -65.602  51.740 0.0000000000
49119  -21.482  -65.640  51.634 0.0000000000
49121  -21.992  -68.547  48.109 0.0000000000
58702  -21.259  -56.829  60.214 0.0000000000
58708  -21.476  -59.524  57.837 0.0000000000
58716  -22.917  -64.697  52.238 0.0000000000
61605  -17.749  -61.889  55.280 0.0000000000
68805  -18.660  -66.179  51.012 0.0000000000
68806  -18.213  -66.070  51.039 0.0000000000
68807  -18.318  -66.593  50.481 0.0000000000
68809  -17.630  -67.403  49.390 0.0000000000
78187  -17.608  -56.051  60.494 0.0000000000
78188  -17.292  -56.495  60.039 0.0000000000
78189  -17.763  -56.628  60.061 0.0000000000
78190  -18.525  -57.896  59.160 0.0000000000
78191  -18.062  -57.776  59.163 0.0000000000
78192  -18.206  -58.346  58.699 0.0000000000
78193  -17.883  -58.788  58.227 0.0000000000
78194  -18.346  -58.912  58.225 0.0000000000
78195  -20.345  -58.291  59.009 0.0000000000
78196  -19.896  -58.206  59.067 0.0000000000
78197  -20.032  -58.765  58.581 0.0000000000
78198  -19.524  -60.248  57.192 0.0000000000
78200  -19.071  -60.147  57.229 0.0000000000
78201  -18.615  -60.036  57.254 0.0000000000
78202  -18.745  -60.593  56.757 0.0000000000
78203  -18.415  -61.032  56.275 0.0000000000
78204  -18.871  -61.145  56.253 0.0000000000
78205  -19.562  -62.335  55.182 0.0000000000
78206  -19.114  -62.237  55.225 0.0000000000
78207  -19.231  -62.777  54.701 0.0000000000
78208  -18.897  -63.213  54.210 0.0000000000
78209  -19.345  -63.313  54.170 0.0000000000
78213  -22.945  -60.672  56.392 0.0000000000
78214  -22.838  -60.151  56.929 0.0000000000
78215  -22.542  -60.660  56.541 0.0000000000
78217  -22.241  -61.162  56.141 0.0000000000
78221  -21.830  -63.176  54.212 0.0000000000
78222  -22.143  -62.691  54.639 0.0000000000
78223  -21.728  -62.661  54.763 0.0000000000
78224  -21.623  -62.141  55.308 0.0000000000
78225  -21.307  -62.618  54.874 0.0000000000
78226  -20.879  -62.564  54.971 0.0000000000
78227  -20.986  -63.089  54.429 0.0000000000
78228  -20.439  -64.526  52.954 0.0000000000
78229  -20.335  -64.007  53.506 0.0000000000
78230  -20.005  -64.455  53.028 0.0000000000
78231  -19.566  -64.373  53.089 0.0000000000
78232  -19.672  -64.897  52.540 0.0000000000
78233  -19.337  -65.331  52.041 0.0000000000
78234  -19.776  -65.416  51.985 0.0000000000
78235  -20.406  -66.508  50.782 0.0000000000
78236  -19.976  -66.443  50.857 0.0000000000
78237  -20.073  -66.951  50.285 0.0000000000
78238  -19.738  -67.387  49.778 0.0000000000
78239  -20.168  -67.454  49.707 0.0000000000
78240  -22.068  -66.641  50.353 0.0000000000
78241  -21.662  -66.628  50.479 0.0000000000
78242  -21.748  -67.115  49.894 0.0000000000
78243  -21.183  -68.525  48.347 0.0000000000
78244  -21.099  -68.041  48.941 0.0000000000
78245  -20.769  -68.493  48.447 0.0000000000
78246  -20.349  -68.448  48.536 0.0000000000
78250  -21.098  -70.395  46.048 0.0000000000
78251  -20.688  -70.374  46.145 0.0000000000
86895  -16.655  -57.367  59.094 0.0000000000
96867  -17.991  -62.984  54.252 0.0000000000
96869  -17.653  -63.401  53.735 0.0000000000
101187  -18.864  -67.215  49.882 0.0000000000
101188  -18.421  -67.113  49.917 0.0000000000
106816  -18.544  -56.298  60.509 0.0000000000
106818  -18.695  -56.871  60.064 0.0000000000
106819  -18.842  -57.441  59.608 0.0000000000
106820  -18.986  -58.008  59.143 0.0000000000
106821  -20.607  -59.399  58.018 0.0000000000
106822  -20.164  -59.321  58.087 0.0000000000
106823  -20.291  -59.873  57.584 0.0000000000
106824  -19.972  -60.339  57.140 0.0000000000
106825  -19.649  -60.798  56.685 0.0000000000
106826  -19.323  -61.249  56.219 0.0000000000
106827  -19.771  -61.344  56.171 0.0000000000
106828  -19.890  -61.885  55.651 0.0000000000
106829  -20.006  -62.422  55.125 0.0000000000
106831  -23.520  -59.632  57.138 0.0000000000
106832  -23.624  -60.148  56.599 0.0000000000
106834  -23.049  -61.188  55.850 0.0000000000
106835  -22.739  -63.714  53.380 0.0000000000
106836  -22.646  -63.214  53.943 0.0000000000
106837  -22.338  -63.707  53.524 0.0000000000
106838  -21.929  -63.687  53.656 0.0000000000
106839  -21.513  -63.654  53.775 0.0000000000
106840  -21.091  -63.608  53.880 0.0000000000
106841  -21.193  -64.123  53.326 0.0000000000
106842  -20.868  -64.586  52.867 0.0000000000
106843  -20.541  -65.041  52.397 0.0000000000
106844  -20.210  -65.490  51.916 0.0000000000
106845  -20.640  -65.552  51.835 0.0000000000
106846  -20.736  -66.059  51.267 0.0000000000
106847  -20.831  -66.561  50.693 0.0000000000
106848  -22.232  -67.599  49.171 0.0000000000
106849  -21.832  -67.597  49.303 0.0000000000
106850  -21.913  -68.075  48.708 0.0000000000
106851  -21.591  -68.543  48.234 0.0000000000
106852  -21.265  -69.003  47.749 0.0000000000
106854  -21.346  -69.476  47.147 0.0000000000
112041  -16.950  -58.517  58.190 0.0000000000
122120  -20.067  -57.171  59.964 0.0000000000
122121  -20.515  -57.252  59.902 0.0000000000
122122  -20.653  -57.810  59.423 0.0000000000
122123  -20.788  -58.366  58.936 0.0000000000
122126  -20.918  -58.918  58.439 0.0000000000
122127  -21.045  -59.467  57.934 0.0000000000
122128  -21.167  -60.011  57.422 0.0000000000
122129  -21.286  -60.551  56.903 0.0000000000
122138  -22.830  -64.209  52.811 0.0000000000
122139  -22.522  -64.701  52.390 0.0000000000
122140  -22.210  -65.186  51.957 0.0000000000
122141  -21.893  -65.664  51.514 0.0000000000
122147  -22.547  -67.117  49.623 0.0000000000
126183  -17.496  -60.779  56.280 0.0000000000
135537  -18.446  -65.130  52.116 0.0000000000
135538  -17.996  -65.014  52.136 0.0000000000
135539  -18.106  -65.544  51.591 0.0000000000
135540  -17.763  -65.952  51.055 0.0000000000
135543  -17.526  -66.879  49.953 0.0000000000
135544  -17.075  -66.748  49.955 0.0000000000
147050  -16.346  -56.208  59.956 0.0000000000
147051  -16.820  -56.355  60.004 0.0000000000
147052  -16.975  -56.934  59.572 0.0000000000
147053  -17.126  -57.511  59.130 0.0000000000
147054  -17.914  -57.203  59.617 0.0000000000
147055  -17.595  -57.647  59.153 0.0000000000
147056  -17.274  -58.085  58.677 0.0000000000
147057  -17.418  -58.656  58.215 0.0000000000
147058  -17.558  -59.225  57.744 0.0000000000
147059  -17.694  -59.790  57.265 0.0000000000
147060  -19.757  -57.644  59.544 0.0000000000
147061  -19.443  -58.112  59.112 0.0000000000
147062  -19.126  -58.573  58.668 0.0000000000
147063  -19.715  -59.233  58.142 0.0000000000
147064  -19.262  -59.135  58.183 0.0000000000
147065  -18.806  -59.028  58.211 0.0000000000
147066  -18.482  -59.476  57.744 0.0000000000
147067  -18.156  -59.917  57.266 0.0000000000
147068  -17.827  -60.352  56.778 0.0000000000
147069  -17.957  -60.910  56.284 0.0000000000
147070  -18.084  -61.464  55.782 0.0000000000
147071  -18.207  -62.014  55.274 0.0000000000
147072  -18.994  -61.693  55.743 0.0000000000
147073  -18.662  -62.130  55.256 0.0000000000
147074  -18.328  -62.560  54.759 0.0000000000
147075  -18.446  -63.103  54.237 0.0000000000
147076  -18.561  -63.642  53.709 0.0000000000
147077  -18.674  -64.177  53.173 0.0000000000
147081  -23.128  -59.634  57.305 0.0000000000
147085  -21.712  -60.599  56.796 0.0000000000
147086  -21.402  -61.086  56.377 0.0000000000
147088  -23.149  -61.699  55.302 0.0000000000
147089  -22.752  -61.697  55.458 0.0000000000
147090  -22.549  -62.709  54.502 0.0000000000
147091  -22.450  -62.198  55.054 0.0000000000
147092  -22.347  -61.682  55.601 0.0000000000
147093  -21.934  -61.655  55.730 0.0000000000
147094  -21.514  -61.616  55.846 0.0000000000
147095  -21.087  -61.564  55.948 0.0000000000
147096  -20.768  -62.035  55.507 0.0000000000
147097  -20.445  -62.498  55.055 0.0000000000
147098  -20.119  -62.954  54.592 0.0000000000
147099  -20.662  -63.551  53.973 0.0000000000
147100  -20.228  -63.483  54.052 0.0000000000
147101  -19.789  -63.403  54.118 0.0000000000
147102  -19.457  -63.845  53.633 0.0000000000
147103  -19.122  -64.280  53.138 0.0000000000
147104  -18.785  -64.708  52.632 0.0000000000
147105  -18.893  -65.235  52.085 0.0000000000
147106  -18.999  -65.759  51.531 0.0000000000
147107  -19.103  -66.278  50.972 0.0000000000
147108  -19.877  -65.932  51.424 0.0000000000
147109  -19.542  -66.366  50.921 0.0000000000
147110  -19.204  -66.794  50.407 0.0000000000
147111  -19.303  -67.307  49.836 0.0000000000
147112  -19.400  -67.815  49.259 0.0000000000
147113  -19.494  -68.320  48.677 0.0000000000
147114  -21.573  -66.136  51.059 0.0000000000
147115  -21.249  -66.601  50.592 0.0000000000
147116  -20.922  -67.059  50.114 0.0000000000
147117  -21.425  -67.582  49.423 0.0000000000
147118  -21.012  -67.552  49.530 0.0000000000
147119  -20.592  -67.510  49.625 0.0000000000
147120  -20.260  -67.954  49.124 0.0000000000
147121  -19.924  -68.390  48.612 0.0000000000
147122  -19.586  -68.820  48.090 0.0000000000
147123  -19.676  -69.315  47.498 0.0000000000
147124  -19.764  -69.805  46.903 0.0000000000
147125  -19.851  -70.290  46.306 0.0000000000
147126  -20.606  -69.901  46.747 0.0000000000
147127  -20.272  -70.339  46.231 0.0000000000
147128  -19.935  -70.770  45.706 0.0000000000
151202  -17.451  -55.471  60.917 0.0000000000
151203  -17.922  -55.601  60.937 0.0000000000
151206  -18.391  -55.723  60.944 0.0000000000
151220  -21.119  -56.270  60.685 0.0000000000
157550  -17.543  -64.889  52.145 0.0000000000
