#!ascii label  , from subject fsaverage vox2ras=TkReg
168
341  -10.605  -48.663  -38.248 0.0000000000
1768  -7.654  -53.677  -41.543 0.0000000000
1770  0.266  -48.437  -47.140 0.0000000000
3903  -10.789  -51.862  -38.361 0.0000000000
3905  -7.765  -50.532  -41.478 0.0000000000
3906  -6.068  -49.574  -42.977 0.0000000000
3907  -5.821  -52.647  -42.997 0.0000000000
6086  -9.252  -48.119  -39.835 0.0000000000
7962  -9.338  -51.294  -39.938 0.0000000000
7963  -9.353  -54.500  -40.036 0.0000000000
7969  -1.843  -50.019  -45.781 0.0000000000
11583  -10.704  -50.253  -38.304 0.0000000000
11587  -5.177  -49.023  -43.710 0.0000000000
17470  -9.303  -49.700  -39.887 0.0000000000
17471  -8.560  -49.355  -40.668 0.0000000000
17472  -7.721  -52.105  -41.512 0.0000000000
17473  -8.555  -52.525  -40.755 0.0000000000
17474  -8.520  -54.115  -40.797 0.0000000000
17476  -8.461  -55.700  -40.837 0.0000000000
17478  -7.560  -55.243  -41.574 0.0000000000
22591  -0.469  -50.670  -46.420 0.0000000000
22593  0.629  -49.836  -47.086 0.0000000000
25456  -11.567  -53.707  -37.623 0.0000000000
25457  -10.860  -53.485  -38.421 0.0000000000
25460  -6.987  -48.522  -42.207 0.0000000000
25461  -6.932  -50.077  -42.233 0.0000000000
25462  -6.855  -51.634  -42.256 0.0000000000
25463  -6.753  -53.187  -42.277 0.0000000000
25466  -4.081  -49.929  -44.418 0.0000000000
25468  -3.320  -47.785  -45.147 0.0000000000
28532  1.350  -47.587  -47.813 0.0000000000
29558  -9.942  -48.411  -39.044 0.0000000000
34224  -10.017  -49.998  -39.099 0.0000000000
34225  -10.078  -51.601  -39.154 0.0000000000
34226  -10.123  -53.215  -39.209 0.0000000000
34227  -8.567  -50.938  -40.713 0.0000000000
34228  -9.355  -52.895  -39.987 0.0000000000
34229  -10.150  -54.833  -39.265 0.0000000000
34245  -0.798  -49.249  -46.463 0.0000000000
34247  -1.101  -47.815  -46.511 0.0000000000
40426  1.746  -48.961  -47.748 0.0000000000
42301  -10.983  -49.567  -37.877 0.0000000000
42303  -10.656  -49.456  -38.276 0.0000000000
48192  -7.690  -52.891  -41.528 0.0000000000
48193  -8.120  -53.112  -41.154 0.0000000000
48194  -8.091  -53.902  -41.172 0.0000000000
48195  -8.494  -54.908  -40.817 0.0000000000
48196  -8.057  -54.691  -41.189 0.0000000000
48197  -8.015  -55.478  -41.207 0.0000000000
48198  -7.610  -54.461  -41.559 0.0000000000
53311  -0.099  -49.555  -46.777 0.0000000000
53312  0.077  -50.258  -46.754 0.0000000000
53313  0.444  -49.139  -47.112 0.0000000000
57784  -11.134  -51.975  -37.962 0.0000000000
57786  -11.177  -52.787  -37.992 0.0000000000
57787  -11.217  -53.602  -38.023 0.0000000000
57788  -10.826  -52.672  -38.391 0.0000000000
57793  -6.542  -49.058  -42.597 0.0000000000
57794  -6.504  -49.832  -42.607 0.0000000000
57795  -6.896  -50.856  -42.245 0.0000000000
57796  -6.460  -50.606  -42.615 0.0000000000
57800  -5.108  -49.783  -43.709 0.0000000000
57802  -4.560  -50.242  -44.064 0.0000000000
62911  1.326  -45.075  -48.266 0.0000000000
64982  -9.523  -46.704  -39.385 0.0000000000
75444  -9.600  -48.270  -39.440 0.0000000000
75445  -9.981  -49.203  -39.071 0.0000000000
75446  -9.634  -49.060  -39.467 0.0000000000
75447  -9.322  -50.496  -39.913 0.0000000000
75448  -9.689  -50.653  -39.521 0.0000000000
75449  -9.711  -51.454  -39.547 0.0000000000
75450  -10.102  -52.407  -39.182 0.0000000000
75451  -9.729  -52.257  -39.573 0.0000000000
75452  -7.779  -49.746  -41.460 0.0000000000
75453  -8.176  -49.952  -41.077 0.0000000000
75454  -8.170  -50.741  -41.097 0.0000000000
75455  -8.953  -53.515  -40.395 0.0000000000
75456  -8.959  -52.717  -40.373 0.0000000000
75457  -9.356  -53.698  -40.012 0.0000000000
75458  -9.752  -53.867  -39.626 0.0000000000
75459  -9.756  -54.673  -39.652 0.0000000000
75461  -9.754  -55.480  -39.678 0.0000000000
75474  -6.291  -52.923  -42.638 0.0000000000
75475  -6.692  -53.961  -42.287 0.0000000000
75476  -6.221  -53.693  -42.646 0.0000000000
75494  -1.170  -50.357  -46.103 0.0000000000
75495  -1.323  -49.639  -46.122 0.0000000000
75504  0.285  -45.911  -47.578 0.0000000000
75506  0.653  -42.278  -48.435 0.0000000000
75508  1.145  -41.867  -48.789 0.0000000000
75510  1.470  -40.756  -49.191 0.0000000000
79581  -10.748  -46.421  -37.766 0.0000000000
79582  -10.809  -47.200  -37.794 0.0000000000
90821  2.101  -47.830  -48.111 0.0000000000
94576  -11.087  -51.168  -37.933 0.0000000000
94577  -10.748  -51.055  -38.332 0.0000000000
94582  -5.681  -48.539  -43.341 0.0000000000
94585  -4.793  -47.974  -44.076 0.0000000000
105172  -9.280  -48.907  -39.862 0.0000000000
105173  -8.918  -48.743  -40.254 0.0000000000
105174  -8.935  -49.534  -40.279 0.0000000000
105175  -8.948  -50.327  -40.303 0.0000000000
105176  -7.746  -51.318  -41.496 0.0000000000
105177  -8.159  -51.531  -41.116 0.0000000000
105178  -8.142  -52.322  -41.135 0.0000000000
105179  -8.540  -53.320  -40.776 0.0000000000
105180  -8.941  -54.314  -40.418 0.0000000000
105181  -9.343  -55.302  -40.061 0.0000000000
105182  -8.923  -55.112  -40.440 0.0000000000
105189  -5.345  -52.359  -43.353 0.0000000000
105190  -5.743  -53.412  -43.002 0.0000000000
120839  -10.890  -54.299  -38.451 0.0000000000
120845  -6.575  -48.285  -42.586 0.0000000000
120846  -6.962  -49.299  -42.221 0.0000000000
120847  -7.352  -50.311  -41.857 0.0000000000
120848  -7.325  -51.093  -41.872 0.0000000000
120849  -7.292  -51.876  -41.886 0.0000000000
120850  -7.253  -52.657  -41.899 0.0000000000
120851  -7.207  -53.438  -41.912 0.0000000000
120852  -6.807  -52.411  -42.267 0.0000000000
120853  -6.354  -52.151  -42.631 0.0000000000
120854  -5.893  -51.880  -42.992 0.0000000000
120855  -5.565  -50.069  -43.347 0.0000000000
120856  -5.498  -50.833  -43.349 0.0000000000
120857  -5.425  -51.597  -43.351 0.0000000000
120862  -3.597  -49.604  -44.770 0.0000000000
128012  0.806  -48.017  -47.477 0.0000000000
128013  1.161  -46.893  -47.848 0.0000000000
128016  2.383  -44.202  -48.948 0.0000000000
130693  -10.229  -47.755  -38.618 0.0000000000
130694  -10.277  -48.542  -38.646 0.0000000000
130695  -9.899  -47.625  -39.016 0.0000000000
130696  -9.564  -47.485  -39.413 0.0000000000
130697  -9.222  -47.334  -39.809 0.0000000000
143730  -10.322  -49.334  -38.674 0.0000000000
143731  -10.364  -50.131  -38.702 0.0000000000
143732  -10.402  -50.932  -38.730 0.0000000000
143733  -9.663  -49.855  -39.494 0.0000000000
143734  -10.049  -50.798  -39.126 0.0000000000
143735  -10.437  -51.737  -38.759 0.0000000000
143736  -10.468  -52.545  -38.788 0.0000000000
143737  -10.495  -53.356  -38.816 0.0000000000
143738  -10.518  -54.168  -38.846 0.0000000000
143739  -8.178  -49.165  -41.056 0.0000000000
143740  -8.566  -50.145  -40.691 0.0000000000
143741  -8.956  -51.122  -40.326 0.0000000000
143742  -8.563  -51.731  -40.734 0.0000000000
143743  -8.960  -51.919  -40.350 0.0000000000
143744  -9.349  -52.094  -39.963 0.0000000000
143745  -9.743  -53.061  -39.600 0.0000000000
143746  -10.139  -54.024  -39.237 0.0000000000
143766  -7.155  -54.217  -41.924 0.0000000000
143767  -7.096  -54.995  -41.937 0.0000000000
143792  -0.637  -49.961  -46.440 0.0000000000
143793  -0.268  -48.848  -46.802 0.0000000000
143795  -2.489  -49.656  -45.454 0.0000000000
143796  -1.981  -49.292  -45.799 0.0000000000
143798  -1.609  -48.194  -46.164 0.0000000000
143799  -1.469  -48.918  -46.143 0.0000000000
143800  -0.952  -48.533  -46.486 0.0000000000
143801  -0.431  -48.138  -46.829 0.0000000000
143802  0.095  -47.733  -47.170 0.0000000000
143803  0.452  -46.616  -47.543 0.0000000000
148734  -10.552  -47.874  -38.220 0.0000000000
148735  -10.178  -46.972  -38.590 0.0000000000
162232  0.992  -48.712  -47.447 0.0000000000
162233  1.185  -49.403  -47.418 0.0000000000
162235  2.309  -48.510  -48.076 0.0000000000
