#!ascii label  , from subject fsaverage vox2ras=TkReg
799
298  -14.373  -93.405  13.155 0.0000000000
566  -6.083  -91.255  11.521 0.0000000000
567  -10.879  -99.518  2.068 0.0000000000
1255  -16.808  -96.702  8.396 0.0000000000
1256  -12.735  -96.651  7.583 0.0000000000
1664  -20.380  -95.598  8.889 0.0000000000
1688  -12.083  -89.545  17.863 0.0000000000
1689  -15.918  -89.951  18.661 0.0000000000
1690  -18.128  -93.101  13.857 0.0000000000
2338  -3.930  -93.788  6.170 0.0000000000
2339  -10.286  -92.712  12.267 0.0000000000
2340  -8.372  -95.611  6.753 0.0000000000
2341  -6.259  -98.023  1.373 0.0000000000
3734  -20.878  -93.636  11.521 0.0000000000
3774  -16.700  -88.187  21.354 0.0000000000
3776  -18.754  -91.234  16.519 0.0000000000
3777  -19.818  -92.520  14.043 0.0000000000
3778  -19.263  -94.437  11.394 0.0000000000
5204  -5.022  -92.581  8.829 0.0000000000
5205  -13.199  -91.538  15.503 0.0000000000
5206  -11.194  -91.154  15.060 0.0000000000
5207  -12.357  -93.171  12.713 0.0000000000
5208  -11.847  -98.145  4.806 0.0000000000
5209  -10.578  -96.244  7.149 0.0000000000
5210  -9.616  -97.633  4.403 0.0000000000
5211  -7.347  -96.891  4.047 0.0000000000
5212  -8.580  -98.884  1.698 0.0000000000
5213  -7.472  -99.975  -0.964 0.0000000000
5214  -9.819  -100.739  -0.622 0.0000000000
6866  -7.117  -89.840  14.253 0.0000000000
6867  -15.581  -95.132  10.794 0.0000000000
6868  -13.572  -95.063  10.373 0.0000000000
6869  -14.821  -96.813  8.013 0.0000000000
6870  -14.007  -98.408  5.225 0.0000000000
7780  -14.030  -89.860  18.288 0.0000000000
7781  -15.148  -91.696  15.922 0.0000000000
7782  -17.712  -89.785  18.949 0.0000000000
7783  -17.008  -91.603  16.275 0.0000000000
7784  -16.305  -93.388  13.552 0.0000000000
7785  -17.486  -94.929  11.146 0.0000000000
7786  -18.670  -96.301  8.698 0.0000000000
9575  -10.110  -89.033  17.430 0.0000000000
9576  -9.159  -90.575  14.631 0.0000000000
9577  -8.187  -92.061  11.859 0.0000000000
9578  -11.486  -94.747  9.924 0.0000000000
9579  -9.349  -94.207  9.492 0.0000000000
9580  -7.188  -93.473  9.122 0.0000000000
9581  -6.150  -94.781  6.425 0.0000000000
9582  -5.069  -95.953  3.751 0.0000000000
11415  -21.612  -93.118  11.532 0.0000000000
11456  -20.090  -91.546  15.343 0.0000000000
11458  -20.350  -93.099  12.788 0.0000000000
12880  -5.567  -90.125  12.733 0.0000000000
12882  -5.032  -90.803  11.385 0.0000000000
12883  -4.490  -91.457  10.046 0.0000000000
12884  -5.556  -91.931  10.171 0.0000000000
12885  -13.781  -92.488  14.329 0.0000000000
12886  -12.781  -92.361  14.108 0.0000000000
12887  -13.374  -93.318  12.937 0.0000000000
12888  -11.374  -98.848  3.431 0.0000000000
12889  -10.738  -97.919  4.600 0.0000000000
12890  -10.247  -98.593  3.233 0.0000000000
12891  -9.108  -98.278  3.045 0.0000000000
12892  -9.734  -99.231  1.878 0.0000000000
12893  -9.201  -99.829  0.534 0.0000000000
12894  -10.360  -100.149  0.717 0.0000000000
15284  -7.626  -89.107  15.634 0.0000000000
15285  -16.193  -95.939  9.600 0.0000000000
15286  -15.206  -95.983  9.405 0.0000000000
15287  -15.828  -96.794  8.213 0.0000000000
15289  -15.055  -98.440  5.429 0.0000000000
15291  -13.574  -99.169  3.838 0.0000000000
17080  -15.388  -89.071  19.854 0.0000000000
17081  -14.449  -89.011  19.673 0.0000000000
17082  -14.984  -89.935  18.483 0.0000000000
17083  -14.583  -90.795  17.103 0.0000000000
17084  -15.533  -90.827  17.296 0.0000000000
17087  -18.566  -89.596  19.048 0.0000000000
17088  -18.441  -92.173  15.196 0.0000000000
17089  -17.897  -91.455  16.413 0.0000000000
17090  -17.565  -92.371  15.072 0.0000000000
17091  -16.658  -92.499  14.919 0.0000000000
17092  -17.232  -93.279  13.718 0.0000000000
17093  -16.894  -94.178  12.354 0.0000000000
17094  -17.810  -94.020  12.506 0.0000000000
17095  -19.827  -95.039  10.148 0.0000000000
17096  -18.973  -95.376  10.052 0.0000000000
17097  -19.547  -95.988  8.809 0.0000000000
21370  -3.388  -92.677  7.393 0.0000000000
21375  -11.556  -88.507  19.055 0.0000000000
21376  -10.581  -88.244  18.842 0.0000000000
21377  -11.098  -89.312  17.645 0.0000000000
21378  -10.744  -91.940  13.662 0.0000000000
21379  -10.179  -90.887  14.841 0.0000000000
21380  -9.712  -91.655  13.446 0.0000000000
21381  -8.676  -91.326  13.241 0.0000000000
21382  -9.238  -92.409  12.056 0.0000000000
21383  -13.158  -95.867  8.978 0.0000000000
21384  -12.536  -94.934  10.150 0.0000000000
21385  -12.105  -95.716  8.755 0.0000000000
21386  -9.479  -95.955  6.943 0.0000000000
21387  -9.957  -95.242  8.319 0.0000000000
21388  -8.867  -94.922  8.118 0.0000000000
21389  -8.270  -93.862  9.298 0.0000000000
21390  -7.771  -94.554  7.934 0.0000000000
21391  -6.674  -94.142  7.769 0.0000000000
21392  -7.262  -95.218  6.580 0.0000000000
21393  -6.811  -97.476  2.706 0.0000000000
21394  -6.208  -96.444  3.891 0.0000000000
21395  -5.660  -97.001  2.557 0.0000000000
21399  -5.690  -98.530  0.051 0.0000000000
21401  -6.895  -100.457  -2.278 0.0000000000
24147  -17.419  -97.423  7.182 0.0000000000
24148  -16.450  -97.562  7.011 0.0000000000
25154  -20.636  -94.624  10.212 0.0000000000
25156  -21.395  -94.131  10.242 0.0000000000
25225  -15.796  -88.205  21.212 0.0000000000
25226  -16.306  -89.070  20.015 0.0000000000
25228  -19.069  -90.287  17.825 0.0000000000
25229  -19.578  -90.938  16.590 0.0000000000
25230  -19.285  -91.898  15.288 0.0000000000
25231  -18.992  -92.850  13.967 0.0000000000
25232  -18.695  -93.790  12.631 0.0000000000
25233  -19.544  -93.484  12.726 0.0000000000
25234  -20.094  -94.075  11.474 0.0000000000
27799  -3.942  -92.082  8.716 0.0000000000
27800  -4.481  -93.201  7.497 0.0000000000
27801  -12.632  -90.556  16.680 0.0000000000
27802  -11.639  -90.355  16.460 0.0000000000
27803  -12.202  -91.372  15.282 0.0000000000
27804  -11.768  -92.177  13.885 0.0000000000
27805  -11.327  -92.968  12.488 0.0000000000
27806  -12.299  -97.411  6.191 0.0000000000
27807  -11.664  -96.477  7.364 0.0000000000
27808  -11.209  -97.212  5.978 0.0000000000
27809  -10.105  -96.954  5.772 0.0000000000
27810  -8.989  -96.638  5.576 0.0000000000
27811  -7.867  -96.268  5.397 0.0000000000
27812  -8.484  -97.289  4.218 0.0000000000
27813  -7.961  -97.903  2.869 0.0000000000
27814  -7.421  -98.479  1.529 0.0000000000
27815  -6.864  -99.015  0.199 0.0000000000
27816  -8.035  -99.450  0.361 0.0000000000
27817  -8.649  -100.386  -0.797 0.0000000000
27818  -9.261  -101.284  -1.946 0.0000000000
31382  -6.603  -90.557  12.882 0.0000000000
31383  -14.974  -94.286  11.978 0.0000000000
31384  -13.977  -94.241  11.766 0.0000000000
31385  -14.588  -95.130  10.589 0.0000000000
31386  -14.193  -95.958  9.196 0.0000000000
31387  -13.788  -96.764  7.801 0.0000000000
31388  -15.450  -97.628  6.822 0.0000000000
31389  -14.422  -97.622  6.618 0.0000000000
31390  -13.370  -97.548  6.406 0.0000000000
31391  -12.937  -98.309  5.016 0.0000000000
31392  -12.484  -99.041  3.634 0.0000000000
31393  -12.008  -99.741  2.264 0.0000000000
33730  -12.017  -87.697  20.465 0.0000000000
33731  -12.529  -88.725  19.269 0.0000000000
33733  -13.494  -88.894  19.477 0.0000000000
33734  -13.062  -89.729  18.079 0.0000000000
33735  -13.614  -90.703  16.897 0.0000000000
33736  -14.183  -91.647  15.718 0.0000000000
33737  -14.763  -92.556  14.541 0.0000000000
33739  -17.201  -89.004  20.152 0.0000000000
33740  -16.828  -89.902  18.818 0.0000000000
33741  -18.230  -90.529  17.739 0.0000000000
33742  -17.359  -90.697  17.618 0.0000000000
33743  -16.459  -90.795  17.469 0.0000000000
33744  -16.091  -91.682  16.110 0.0000000000
33745  -15.723  -92.560  14.740 0.0000000000
33746  -15.351  -93.429  13.362 0.0000000000
33747  -15.947  -94.266  12.176 0.0000000000
33748  -16.548  -95.066  10.981 0.0000000000
33749  -17.152  -95.824  9.775 0.0000000000
33750  -18.392  -94.720  11.284 0.0000000000
33751  -18.080  -95.637  9.927 0.0000000000
33752  -17.756  -96.539  8.559 0.0000000000
38966  -10.640  -90.106  16.240 0.0000000000
38967  -9.637  -89.811  16.027 0.0000000000
38968  -8.631  -89.476  15.823 0.0000000000
38969  -8.139  -90.225  14.433 0.0000000000
38970  -7.640  -90.958  13.052 0.0000000000
38971  -7.135  -91.675  11.680 0.0000000000
38972  -12.959  -94.133  11.544 0.0000000000
38973  -11.926  -93.967  11.318 0.0000000000
38974  -10.879  -93.744  11.093 0.0000000000
38975  -11.037  -95.507  8.533 0.0000000000
38976  -10.423  -94.503  9.702 0.0000000000
38977  -9.821  -93.469  10.876 0.0000000000
38978  -8.758  -93.145  10.672 0.0000000000
38979  -7.692  -92.778  10.486 0.0000000000
38980  -6.624  -92.372  10.318 0.0000000000
38981  -6.105  -93.045  8.965 0.0000000000
38982  -5.576  -93.690  7.623 0.0000000000
38983  -5.039  -94.304  6.287 0.0000000000
38984  -6.742  -95.849  5.233 0.0000000000
38985  -5.616  -95.386  5.085 0.0000000000
38986  -4.492  -94.882  4.956 0.0000000000
38993  -6.291  -99.511  -1.120 0.0000000000
42176  -20.727  -91.615  14.726 0.0000000000
42178  -20.857  -92.378  13.451 0.0000000000
43600  -5.822  -90.692  12.126 0.0000000000
43601  -5.300  -90.467  12.058 0.0000000000
43602  -5.557  -91.033  11.450 0.0000000000
43603  -5.291  -91.369  10.776 0.0000000000
43604  -5.820  -91.596  10.845 0.0000000000
43605  -14.076  -92.951  13.742 0.0000000000
43606  -13.578  -92.905  13.633 0.0000000000
43607  -13.876  -93.369  13.047 0.0000000000
43608  -11.129  -99.188  2.748 0.0000000000
43609  -10.813  -98.729  3.331 0.0000000000
43610  -10.563  -99.060  2.650 0.0000000000
43611  -9.994  -98.917  2.554 0.0000000000
43612  -10.308  -99.383  1.972 0.0000000000
43613  -10.047  -99.695  1.297 0.0000000000
43614  -10.622  -99.839  1.391 0.0000000000
46004  -7.877  -88.735  16.329 0.0000000000
46005  -16.501  -96.326  8.999 0.0000000000
46006  -16.012  -96.369  8.907 0.0000000000
46007  -16.322  -96.757  8.307 0.0000000000
47800  -15.651  -89.515  19.257 0.0000000000
47801  -15.185  -89.504  19.170 0.0000000000
47802  -15.454  -89.951  18.574 0.0000000000
47803  -15.257  -90.385  17.889 0.0000000000
47804  -15.725  -90.389  17.980 0.0000000000
47807  -18.981  -89.473  19.083 0.0000000000
47808  -18.285  -92.638  14.528 0.0000000000
47809  -18.007  -92.281  15.138 0.0000000000
47810  -17.846  -92.741  14.466 0.0000000000
47811  -17.399  -92.826  14.397 0.0000000000
47812  -17.683  -93.199  13.791 0.0000000000
47813  -17.520  -93.655  13.114 0.0000000000
47814  -17.970  -93.562  13.183 0.0000000000
47815  -20.105  -95.324  9.520 0.0000000000
47816  -19.688  -95.516  9.480 0.0000000000
47817  -19.969  -95.803  8.853 0.0000000000
52092  -3.377  -93.517  6.120 0.0000000000
52095  -11.817  -89.029  18.458 0.0000000000
52096  -11.327  -88.910  18.350 0.0000000000
52097  -11.591  -89.434  17.754 0.0000000000
52098  -10.516  -92.328  12.964 0.0000000000
52099  -10.228  -91.803  13.553 0.0000000000
52100  -9.996  -92.187  12.855 0.0000000000
52101  -9.475  -92.034  12.750 0.0000000000
52102  -9.762  -92.566  12.159 0.0000000000
52103  -12.948  -96.262  8.280 0.0000000000
52104  -12.634  -95.799  8.867 0.0000000000
52105  -12.419  -96.188  8.170 0.0000000000
52106  -8.926  -95.789  6.846 0.0000000000
52107  -9.171  -95.442  7.530 0.0000000000
52108  -8.621  -95.270  7.434 0.0000000000
52109  -8.319  -94.744  8.024 0.0000000000
52110  -8.070  -95.086  7.343 0.0000000000
52111  -7.518  -94.890  7.256 0.0000000000
52112  -7.818  -95.420  6.665 0.0000000000
52113  -6.537  -97.754  2.038 0.0000000000
52114  -6.236  -97.244  2.629 0.0000000000
52115  -5.958  -97.515  1.964 0.0000000000
52116  -5.379  -97.265  1.894 0.0000000000
52117  -5.677  -97.776  1.301 0.0000000000
52118  -5.391  -98.028  0.641 0.0000000000
52119  -5.977  -98.281  0.711 0.0000000000
57284  -20.758  -94.132  10.868 0.0000000000
57285  -21.022  -94.387  10.231 0.0000000000
57286  -21.138  -93.889  10.883 0.0000000000
57403  -16.049  -88.642  20.613 0.0000000000
57404  -16.502  -88.629  20.686 0.0000000000
57407  -19.975  -90.761  16.611 0.0000000000
57408  -19.954  -92.034  14.696 0.0000000000
57409  -19.692  -91.732  15.320 0.0000000000
57410  -19.551  -92.214  14.667 0.0000000000
57411  -19.138  -92.375  14.629 0.0000000000
57412  -19.410  -92.695  14.009 0.0000000000
57413  -19.268  -93.172  13.348 0.0000000000
57414  -19.681  -93.003  13.386 0.0000000000
57415  -20.615  -93.372  12.155 0.0000000000
57416  -20.223  -93.589  12.133 0.0000000000
57417  -20.492  -93.865  11.502 0.0000000000
57418  -20.366  -94.355  10.844 0.0000000000
61690  -4.753  -92.020  9.436 0.0000000000
61691  -4.217  -91.773  9.380 0.0000000000
61692  -4.482  -92.336  8.770 0.0000000000
61693  -4.209  -92.644  8.105 0.0000000000
61694  -4.752  -92.895  8.162 0.0000000000
61695  -12.913  -91.050  16.091 0.0000000000
61696  -12.417  -90.965  15.981 0.0000000000
61697  -12.702  -91.462  15.393 0.0000000000
61698  -12.570  -92.768  13.411 0.0000000000
61699  -12.276  -92.276  13.997 0.0000000000
61700  -12.061  -92.678  13.298 0.0000000000
61701  -11.548  -92.574  13.186 0.0000000000
61702  -11.844  -93.077  12.600 0.0000000000
61703  -12.075  -97.781  5.498 0.0000000000
61704  -11.756  -97.319  6.084 0.0000000000
61705  -11.528  -97.683  5.392 0.0000000000
61706  -10.179  -97.784  4.500 0.0000000000
61707  -10.421  -97.441  5.186 0.0000000000
61708  -9.863  -97.298  5.086 0.0000000000
61709  -9.548  -96.803  5.672 0.0000000000
61710  -9.301  -97.140  4.989 0.0000000000
61711  -8.738  -96.968  4.896 0.0000000000
61712  -9.051  -97.468  4.309 0.0000000000
61713  -8.847  -98.585  2.370 0.0000000000
61714  -8.535  -98.097  2.955 0.0000000000
61715  -8.270  -98.398  2.282 0.0000000000
61716  -7.693  -98.196  2.198 0.0000000000
61717  -8.001  -98.688  1.612 0.0000000000
61718  -7.728  -98.969  0.944 0.0000000000
61719  -8.310  -99.172  1.028 0.0000000000
61720  -9.510  -100.289  -0.044 0.0000000000
61721  -8.927  -100.113  -0.133 0.0000000000
61722  -9.235  -100.570  -0.710 0.0000000000
61723  -8.955  -100.840  -1.372 0.0000000000
68892  -6.607  -89.636  14.170 0.0000000000
68893  -6.347  -89.993  13.486 0.0000000000
68894  -6.861  -90.201  13.566 0.0000000000
68895  -15.277  -94.714  11.387 0.0000000000
68896  -14.782  -94.710  11.284 0.0000000000
68897  -15.088  -95.140  10.693 0.0000000000
68898  -15.015  -96.401  8.709 0.0000000000
68899  -14.703  -95.979  9.302 0.0000000000
68900  -14.506  -96.390  8.606 0.0000000000
68901  -13.992  -96.364  8.499 0.0000000000
68902  -14.307  -96.797  7.908 0.0000000000
68903  -16.266  -97.984  6.317 0.0000000000
68904  -15.954  -97.604  6.918 0.0000000000
68905  -15.764  -98.019  6.223 0.0000000000
68906  -14.534  -98.433  5.328 0.0000000000
68907  -14.739  -98.036  6.025 0.0000000000
68908  -14.217  -98.018  5.921 0.0000000000
68909  -13.899  -97.593  6.513 0.0000000000
68910  -13.689  -97.983  5.816 0.0000000000
68911  -13.156  -97.932  5.710 0.0000000000
68912  -13.475  -98.367  5.121 0.0000000000
68913  -13.349  -99.538  3.148 0.0000000000
68914  -13.032  -99.113  3.736 0.0000000000
68915  -12.802  -99.475  3.048 0.0000000000
68916  -12.249  -99.395  2.947 0.0000000000
74277  -12.498  -87.805  20.568 0.0000000000
74278  -12.270  -88.214  19.866 0.0000000000
74279  -12.752  -88.314  19.970 0.0000000000
74282  -14.403  -88.116  20.960 0.0000000000
74283  -14.239  -89.436  18.982 0.0000000000
74284  -13.973  -88.959  19.577 0.0000000000
74285  -13.760  -89.381  18.882 0.0000000000
74286  -13.277  -89.312  18.779 0.0000000000
74287  -13.547  -89.801  18.185 0.0000000000
74288  -13.336  -90.220  17.487 0.0000000000
74289  -13.822  -90.283  17.593 0.0000000000
74290  -14.864  -91.250  16.513 0.0000000000
74291  -14.383  -91.222  16.411 0.0000000000
74292  -14.668  -91.679  15.822 0.0000000000
74293  -14.472  -92.106  15.130 0.0000000000
74294  -14.956  -92.127  15.233 0.0000000000
74298  -17.890  -89.327  19.607 0.0000000000
74299  -17.638  -88.945  20.211 0.0000000000
74300  -17.455  -89.399  19.551 0.0000000000
74301  -17.014  -89.453  19.487 0.0000000000
74302  -17.274  -89.852  18.887 0.0000000000
74303  -18.912  -90.762  17.175 0.0000000000
74304  -18.654  -90.417  17.787 0.0000000000
74305  -18.491  -90.887  17.131 0.0000000000
74306  -17.456  -91.538  16.347 0.0000000000
74307  -17.627  -91.081  17.017 0.0000000000
74308  -17.183  -91.151  16.948 0.0000000000
74309  -16.912  -90.755  17.547 0.0000000000
74310  -16.732  -91.204  16.872 0.0000000000
74311  -16.275  -91.239  16.791 0.0000000000
74312  -16.553  -91.650  16.195 0.0000000000
74313  -16.482  -92.945  14.237 0.0000000000
74314  -16.194  -92.538  14.833 0.0000000000
74315  -16.013  -92.979  14.147 0.0000000000
74316  -15.538  -92.996  14.052 0.0000000000
74317  -15.832  -93.417  13.459 0.0000000000
74318  -15.648  -93.852  12.770 0.0000000000
74319  -16.127  -93.828  12.865 0.0000000000
74320  -17.189  -94.558  11.751 0.0000000000
74321  -16.722  -94.623  11.669 0.0000000000
74322  -17.021  -95.006  11.066 0.0000000000
74323  -16.850  -95.450  10.379 0.0000000000
74324  -17.320  -95.378  10.461 0.0000000000
74325  -18.980  -94.119  12.014 0.0000000000
74326  -18.545  -94.257  11.959 0.0000000000
74327  -18.833  -94.588  11.343 0.0000000000
74328  -18.823  -95.841  9.377 0.0000000000
74329  -18.531  -95.516  9.993 0.0000000000
74330  -18.376  -95.975  9.314 0.0000000000
74331  -17.919  -96.090  9.244 0.0000000000
74332  -18.218  -96.429  8.632 0.0000000000
74333  -18.056  -96.880  7.947 0.0000000000
74334  -18.514  -96.758  8.016 0.0000000000
87168  -10.345  -88.640  18.135 0.0000000000
87170  -9.854  -88.489  18.030 0.0000000000
87171  -9.362  -88.328  17.927 0.0000000000
87172  -9.615  -88.878  17.325 0.0000000000
87173  -11.417  -90.756  15.759 0.0000000000
87174  -11.141  -90.236  16.350 0.0000000000
87175  -10.915  -90.633  15.649 0.0000000000
87176  -9.670  -90.736  14.735 0.0000000000
87177  -9.905  -90.351  15.433 0.0000000000
87178  -9.399  -90.195  15.328 0.0000000000
87179  -9.134  -89.648  15.923 0.0000000000
87180  -8.892  -90.028  15.226 0.0000000000
87181  -8.386  -89.852  15.127 0.0000000000
87182  -8.649  -90.404  14.530 0.0000000000
87183  -8.432  -91.696  12.549 0.0000000000
87184  -8.158  -91.147  13.145 0.0000000000
87185  -7.911  -91.512  12.455 0.0000000000
87186  -7.389  -91.319  12.365 0.0000000000
87187  -7.661  -91.873  11.768 0.0000000000
87188  -13.775  -94.654  11.070 0.0000000000
87189  -13.470  -94.195  11.656 0.0000000000
87190  -13.264  -94.602  10.959 0.0000000000
87191  -12.013  -94.847  10.037 0.0000000000
87192  -12.230  -94.454  10.734 0.0000000000
87193  -11.707  -94.359  10.621 0.0000000000
87194  -11.404  -93.862  11.205 0.0000000000
87195  -11.181  -94.249  10.508 0.0000000000
87196  -11.123  -96.368  7.255 0.0000000000
87197  -11.349  -95.996  7.949 0.0000000000
87198  -10.809  -95.879  7.840 0.0000000000
87199  -9.651  -94.728  8.905 0.0000000000
87200  -10.191  -94.875  9.009 0.0000000000
87201  -9.887  -94.362  9.595 0.0000000000
87202  -10.120  -93.990  10.288 0.0000000000
87203  -9.586  -93.841  10.183 0.0000000000
87204  -9.290  -93.313  10.772 0.0000000000
87205  -9.051  -93.679  10.081 0.0000000000
87206  -7.729  -93.672  9.208 0.0000000000
87207  -7.978  -93.322  9.891 0.0000000000
87208  -7.441  -93.128  9.803 0.0000000000
87209  -7.158  -92.579  10.400 0.0000000000
87210  -6.903  -92.924  9.719 0.0000000000
87211  -6.365  -92.711  9.640 0.0000000000
87212  -6.646  -93.263  9.041 0.0000000000
87213  -6.413  -94.465  7.096 0.0000000000
87214  -6.125  -93.921  7.694 0.0000000000
87215  -5.861  -94.238  7.023 0.0000000000
87216  -5.309  -94.001  6.954 0.0000000000
87217  -5.595  -94.547  6.353 0.0000000000
87218  -7.609  -96.584  4.721 0.0000000000
87219  -7.304  -96.064  5.313 0.0000000000
87220  -7.043  -96.373  4.639 0.0000000000
87221  -5.639  -96.204  3.819 0.0000000000
87222  -5.911  -95.918  4.487 0.0000000000
87223  -5.345  -95.674  4.417 0.0000000000
87224  -5.054  -95.138  5.018 0.0000000000
87225  -4.779  -95.420  4.352 0.0000000000
87240  -7.168  -99.500  -0.384 0.0000000000
87241  -6.579  -99.268  -0.461 0.0000000000
87242  -6.882  -99.749  -1.043 0.0000000000
94274  -20.995  -93.137  12.169 0.0000000000
94275  -21.251  -93.386  11.531 0.0000000000
94349  -20.476  -91.341  15.357 0.0000000000
94350  -20.346  -91.834  14.716 0.0000000000
94351  -20.215  -92.325  14.069 0.0000000000
94352  -20.084  -92.814  13.417 0.0000000000
94353  -20.476  -92.606  13.438 0.0000000000
94354  -20.736  -92.877  12.805 0.0000000000
96917  -4.233  -90.890  10.657 0.0000000000
96918  -4.761  -91.133  10.714 0.0000000000
96919  -5.023  -91.698  10.105 0.0000000000
96920  -5.290  -92.259  9.499 0.0000000000
96921  -13.488  -92.017  14.916 0.0000000000
96922  -12.990  -91.951  14.806 0.0000000000
96923  -13.283  -92.432  14.219 0.0000000000
96924  -13.076  -92.843  13.523 0.0000000000
96925  -12.867  -93.252  12.826 0.0000000000
96926  -11.613  -98.501  4.117 0.0000000000
96927  -11.295  -98.040  4.702 0.0000000000
96928  -11.056  -98.388  4.015 0.0000000000
96929  -10.496  -98.261  3.915 0.0000000000
96930  -9.931  -98.118  3.818 0.0000000000
96931  -9.365  -97.960  3.722 0.0000000000
96932  -9.679  -98.443  3.138 0.0000000000
96933  -9.421  -98.759  2.461 0.0000000000
96934  -9.158  -99.065  1.787 0.0000000000
96935  -8.891  -99.361  1.115 0.0000000000
96936  -9.470  -99.536  1.205 0.0000000000
96937  -9.781  -99.997  0.625 0.0000000000
96938  -10.092  -100.449  0.046 0.0000000000
101240  -7.372  -89.476  14.942 0.0000000000
101241  -15.887  -95.541  10.198 0.0000000000
101242  -15.395  -95.560  10.100 0.0000000000
101243  -15.703  -95.970  9.504 0.0000000000
101244  -15.517  -96.394  8.810 0.0000000000
101245  -15.328  -96.812  8.114 0.0000000000
101248  -15.370  -98.835  4.831 0.0000000000
101249  -14.851  -98.838  4.733 0.0000000000
101250  -14.325  -98.824  4.633 0.0000000000
101251  -13.793  -98.792  4.530 0.0000000000
101252  -14.110  -99.208  3.939 0.0000000000
104472  -15.127  -88.620  20.451 0.0000000000
104473  -14.659  -88.586  20.362 0.0000000000
104474  -14.920  -89.048  19.766 0.0000000000
104475  -14.714  -89.477  19.078 0.0000000000
104476  -14.509  -89.905  18.387 0.0000000000
104477  -14.305  -90.331  17.695 0.0000000000
104478  -14.783  -90.366  17.794 0.0000000000
104479  -15.061  -90.819  17.202 0.0000000000
104480  -15.341  -91.262  16.610 0.0000000000
104481  -18.669  -88.307  20.945 0.0000000000
104484  -18.316  -89.236  19.655 0.0000000000
104485  -18.143  -89.699  19.003 0.0000000000
104486  -18.598  -91.705  15.860 0.0000000000
104487  -18.330  -91.354  16.470 0.0000000000
104488  -18.168  -91.819  15.806 0.0000000000
104489  -17.731  -91.914  15.744 0.0000000000
104490  -17.285  -91.992  15.675 0.0000000000
104491  -16.833  -92.052  15.598 0.0000000000
104492  -17.115  -92.444  14.999 0.0000000000
104493  -16.944  -92.894  14.320 0.0000000000
104494  -16.772  -93.342  13.638 0.0000000000
104495  -16.599  -93.787  12.954 0.0000000000
104496  -17.063  -93.730  13.037 0.0000000000
104497  -17.356  -94.108  12.434 0.0000000000
104498  -17.649  -94.476  11.827 0.0000000000
104499  -19.546  -94.743  10.772 0.0000000000
104500  -19.120  -94.908  10.725 0.0000000000
104501  -19.405  -95.217  10.104 0.0000000000
104502  -19.261  -95.688  9.432 0.0000000000
104503  -19.114  -96.154  8.757 0.0000000000
104504  -18.963  -96.617  8.079 0.0000000000
112203  -11.302  -87.980  19.655 0.0000000000
112204  -10.817  -87.846  19.549 0.0000000000
112205  -11.069  -88.381  18.949 0.0000000000
112206  -10.836  -88.780  18.242 0.0000000000
112207  -10.604  -89.178  17.537 0.0000000000
112208  -10.970  -91.549  14.361 0.0000000000
112209  -10.687  -91.026  14.950 0.0000000000
112210  -10.459  -91.416  14.251 0.0000000000
112211  -9.946  -91.272  14.143 0.0000000000
112212  -9.433  -91.118  14.038 0.0000000000
112213  -8.919  -90.952  13.935 0.0000000000
112214  -9.194  -91.495  13.342 0.0000000000
112215  -8.954  -91.870  12.648 0.0000000000
112216  -8.713  -92.240  11.955 0.0000000000
112217  -13.366  -95.467  9.676 0.0000000000
112218  -13.056  -95.006  10.262 0.0000000000
112219  -12.846  -95.405  9.565 0.0000000000
112220  -12.322  -95.327  9.452 0.0000000000
112221  -11.794  -95.236  9.340 0.0000000000
112222  -10.030  -96.106  7.045 0.0000000000
112223  -10.266  -95.747  7.734 0.0000000000
112224  -9.719  -95.601  7.630 0.0000000000
112225  -9.412  -95.088  8.216 0.0000000000
112226  -9.109  -94.568  8.803 0.0000000000
112227  -8.810  -94.040  9.393 0.0000000000
112228  -8.566  -94.395  8.707 0.0000000000
112229  -8.022  -94.211  8.615 0.0000000000
112230  -7.477  -94.016  8.527 0.0000000000
112231  -6.932  -93.811  8.445 0.0000000000
112232  -7.223  -94.353  7.850 0.0000000000
112233  -6.966  -94.683  7.174 0.0000000000
112234  -6.706  -95.005  6.500 0.0000000000
112235  -7.081  -97.188  3.375 0.0000000000
112236  -6.778  -96.673  3.967 0.0000000000
112237  -6.509  -96.963  3.297 0.0000000000
112238  -5.936  -96.727  3.223 0.0000000000
112239  -5.363  -96.480  3.153 0.0000000000
112240  -4.790  -96.222  3.087 0.0000000000
112241  -5.084  -96.747  2.489 0.0000000000
112248  -7.776  -100.442  -1.541 0.0000000000
112249  -7.185  -100.222  -1.622 0.0000000000
112250  -7.488  -100.685  -2.198 0.0000000000
112251  -7.197  -100.917  -2.852 0.0000000000
117783  -17.114  -97.068  7.791 0.0000000000
117784  -16.631  -97.135  7.704 0.0000000000
117785  -16.939  -97.501  7.099 0.0000000000
120134  -20.510  -95.113  9.552 0.0000000000
120136  -20.902  -94.883  9.576 0.0000000000
120139  -21.505  -93.626  10.889 0.0000000000
120298  -15.546  -87.760  21.812 0.0000000000
120299  -15.336  -88.190  21.133 0.0000000000
120300  -15.591  -88.638  20.535 0.0000000000
120301  -15.850  -89.079  19.937 0.0000000000
120302  -16.112  -89.511  19.340 0.0000000000
120306  -19.323  -90.618  17.209 0.0000000000
120307  -19.171  -91.096  16.560 0.0000000000
120308  -19.833  -91.247  15.968 0.0000000000
120309  -19.431  -91.419  15.941 0.0000000000
120310  -19.019  -91.572  15.905 0.0000000000
120311  -18.867  -92.045  15.246 0.0000000000
120312  -18.716  -92.516  14.583 0.0000000000
120313  -18.564  -92.985  13.916 0.0000000000
120314  -18.411  -93.451  13.245 0.0000000000
120315  -18.844  -93.321  13.300 0.0000000000
120316  -19.125  -93.647  12.682 0.0000000000
120317  -19.405  -93.962  12.062 0.0000000000
120318  -19.953  -93.301  12.761 0.0000000000
120319  -19.820  -93.785  12.101 0.0000000000
120320  -19.684  -94.266  11.438 0.0000000000
120321  -19.962  -94.559  10.813 0.0000000000
120322  -20.237  -94.841  10.184 0.0000000000
126306  -3.666  -92.384  8.054 0.0000000000
126307  -3.934  -92.943  7.442 0.0000000000
126308  -4.207  -93.499  6.833 0.0000000000
126309  -12.355  -90.054  17.271 0.0000000000
126310  -11.861  -89.951  17.161 0.0000000000
126311  -12.137  -90.462  16.570 0.0000000000
126312  -11.918  -90.867  15.870 0.0000000000
126313  -11.699  -91.270  15.171 0.0000000000
126314  -12.489  -91.870  14.695 0.0000000000
126315  -11.985  -91.776  14.583 0.0000000000
126316  -11.479  -91.669  14.472 0.0000000000
126317  -11.257  -92.065  13.773 0.0000000000
126318  -11.033  -92.458  13.074 0.0000000000
126319  -10.808  -92.847  12.376 0.0000000000
126320  -12.519  -97.034  6.887 0.0000000000
126321  -12.201  -96.571  7.473 0.0000000000
126322  -11.981  -96.948  6.778 0.0000000000
126323  -11.439  -96.848  6.670 0.0000000000
126324  -10.893  -96.733  6.564 0.0000000000
126325  -10.976  -97.569  5.288 0.0000000000
126326  -10.659  -97.091  5.874 0.0000000000
126327  -10.343  -96.603  6.459 0.0000000000
126328  -9.790  -96.459  6.357 0.0000000000
126329  -9.236  -96.300  6.259 0.0000000000
126330  -8.679  -96.129  6.164 0.0000000000
126331  -8.121  -95.944  6.074 0.0000000000
126332  -8.428  -96.460  5.484 0.0000000000
126333  -8.174  -96.783  4.806 0.0000000000
126334  -7.916  -97.096  4.131 0.0000000000
126335  -8.795  -97.788  3.631 0.0000000000
126336  -8.225  -97.601  3.542 0.0000000000
126337  -7.653  -97.401  3.457 0.0000000000
126338  -7.386  -97.696  2.786 0.0000000000
126339  -7.116  -97.981  2.116 0.0000000000
126340  -6.840  -98.257  1.450 0.0000000000
126341  -6.561  -98.523  0.785 0.0000000000
126342  -7.145  -98.752  0.863 0.0000000000
126343  -7.450  -99.239  0.279 0.0000000000
126344  -7.755  -99.718  -0.303 0.0000000000
126345  -8.618  -99.647  0.446 0.0000000000
126346  -8.342  -99.922  -0.219 0.0000000000
126347  -8.061  -100.188  -0.882 0.0000000000
126348  -8.367  -100.648  -1.458 0.0000000000
126349  -8.672  -101.099  -2.031 0.0000000000
135648  -5.833  -89.777  13.411 0.0000000000
135649  -6.085  -90.345  12.805 0.0000000000
135650  -6.344  -90.909  12.200 0.0000000000
135651  -14.672  -93.850  12.567 0.0000000000
135652  -14.176  -93.824  12.461 0.0000000000
135653  -14.478  -94.272  11.873 0.0000000000
135654  -14.281  -94.690  11.178 0.0000000000
135655  -14.082  -95.105  10.483 0.0000000000
135656  -14.896  -95.562  9.998 0.0000000000
135657  -14.392  -95.546  9.893 0.0000000000
135658  -13.881  -95.515  9.786 0.0000000000
135659  -13.678  -95.920  9.088 0.0000000000
135660  -13.472  -96.321  8.390 0.0000000000
135661  -13.264  -96.715  7.693 0.0000000000
135662  -16.140  -97.183  7.613 0.0000000000
135663  -15.641  -97.213  7.517 0.0000000000
135664  -15.136  -97.225  7.418 0.0000000000
135665  -15.255  -98.037  6.125 0.0000000000
135666  -14.940  -97.633  6.721 0.0000000000
135667  -14.623  -97.220  7.316 0.0000000000
135668  -14.105  -97.198  7.211 0.0000000000
135669  -13.581  -97.159  7.104 0.0000000000
135670  -13.052  -97.104  6.995 0.0000000000
135671  -12.837  -97.488  6.299 0.0000000000
135672  -12.618  -97.864  5.604 0.0000000000
135673  -12.394  -98.234  4.911 0.0000000000
135674  -13.256  -98.744  4.427 0.0000000000
135675  -12.713  -98.678  4.324 0.0000000000
135676  -12.166  -98.597  4.220 0.0000000000
135677  -11.932  -98.953  3.532 0.0000000000
135678  -11.692  -99.300  2.847 0.0000000000
135679  -11.445  -99.638  2.166 0.0000000000
135680  -11.193  -99.967  1.487 0.0000000000
142306  -12.043  -88.622  19.162 0.0000000000
142307  -12.306  -89.136  18.566 0.0000000000
142311  -14.187  -88.538  20.270 0.0000000000
142313  -13.233  -88.401  20.073 0.0000000000
142314  -13.012  -88.816  19.374 0.0000000000
142315  -12.792  -89.230  18.673 0.0000000000
142316  -12.573  -89.643  17.972 0.0000000000
142317  -12.846  -90.143  17.380 0.0000000000
142318  -13.124  -90.636  16.789 0.0000000000
142319  -13.407  -91.122  16.200 0.0000000000
142320  -14.101  -90.756  17.001 0.0000000000
142321  -13.897  -91.179  16.307 0.0000000000
142322  -13.693  -91.599  15.612 0.0000000000
142323  -13.982  -92.069  15.024 0.0000000000
142324  -14.274  -92.530  14.437 0.0000000000
142325  -14.569  -92.982  13.849 0.0000000000
142328  -17.143  -88.153  21.415 0.0000000000
142329  -17.823  -88.489  20.866 0.0000000000
142330  -17.389  -88.553  20.813 0.0000000000
142331  -16.949  -88.600  20.753 0.0000000000
142332  -16.757  -89.046  20.087 0.0000000000
142333  -16.566  -89.490  19.416 0.0000000000
142334  -16.376  -89.934  18.742 0.0000000000
142335  -18.817  -89.946  18.438 0.0000000000
142336  -18.398  -90.063  18.396 0.0000000000
142337  -17.970  -90.162  18.345 0.0000000000
142338  -18.063  -90.993  17.078 0.0000000000
142339  -17.798  -90.622  17.683 0.0000000000
142340  -17.535  -90.242  18.285 0.0000000000
142341  -17.093  -90.304  18.218 0.0000000000
142342  -16.643  -90.349  18.145 0.0000000000
142343  -16.187  -90.377  18.065 0.0000000000
142344  -15.999  -90.819  17.385 0.0000000000
142345  -15.811  -91.259  16.703 0.0000000000
142346  -15.623  -91.697  16.018 0.0000000000
142347  -16.374  -92.095  15.515 0.0000000000
142348  -15.907  -92.122  15.426 0.0000000000
142349  -15.435  -92.133  15.332 0.0000000000
142350  -15.246  -92.566  14.643 0.0000000000
142351  -15.056  -92.997  13.952 0.0000000000
142352  -14.865  -93.425  13.260 0.0000000000
142353  -15.163  -93.859  12.671 0.0000000000
142354  -15.464  -94.285  12.079 0.0000000000
142355  -15.765  -94.701  11.486 0.0000000000
142356  -16.424  -94.231  12.268 0.0000000000
142357  -16.247  -94.671  11.580 0.0000000000
142358  -16.068  -95.108  10.890 0.0000000000
142359  -16.372  -95.504  10.291 0.0000000000
142360  -16.677  -95.890  9.690 0.0000000000
142361  -16.981  -96.266  9.086 0.0000000000
142362  -18.257  -93.914  12.572 0.0000000000
142363  -18.101  -94.375  11.896 0.0000000000
142364  -17.943  -94.833  11.218 0.0000000000
142365  -18.683  -95.054  10.669 0.0000000000
142366  -18.237  -95.180  10.607 0.0000000000
142367  -17.783  -95.288  10.537 0.0000000000
142368  -17.620  -95.740  9.854 0.0000000000
142369  -17.455  -96.187  9.168 0.0000000000
142370  -17.286  -96.630  8.480 0.0000000000
142371  -17.589  -96.983  7.872 0.0000000000
142372  -17.891  -97.326  7.260 0.0000000000
157856  -11.366  -89.837  17.051 0.0000000000
157857  -10.869  -89.710  16.942 0.0000000000
157858  -10.372  -89.572  16.834 0.0000000000
157859  -10.410  -90.498  15.540 0.0000000000
157860  -10.139  -89.964  16.132 0.0000000000
157861  -9.874  -89.424  16.727 0.0000000000
157862  -9.375  -89.265  16.623 0.0000000000
157863  -8.876  -89.097  16.522 0.0000000000
157865  -8.128  -89.296  15.727 0.0000000000
157866  -7.879  -89.668  15.032 0.0000000000
157867  -7.628  -90.036  14.341 0.0000000000
157868  -8.404  -90.777  13.837 0.0000000000
157869  -7.890  -90.594  13.742 0.0000000000
157870  -7.376  -90.401  13.651 0.0000000000
157871  -7.122  -90.762  12.965 0.0000000000
157872  -6.866  -91.118  12.280 0.0000000000
157873  -6.609  -91.469  11.598 0.0000000000
157874  -13.674  -93.783  12.352 0.0000000000
157875  -13.168  -93.727  12.241 0.0000000000
157876  -12.657  -93.656  12.129 0.0000000000
157877  -12.749  -94.536  10.847 0.0000000000
157878  -12.444  -94.057  11.431 0.0000000000
157879  -12.143  -93.571  12.016 0.0000000000
157880  -11.625  -93.472  11.903 0.0000000000
157881  -11.104  -93.358  11.790 0.0000000000
157882  -10.580  -93.232  11.679 0.0000000000
157883  -11.886  -96.100  8.059 0.0000000000
157884  -11.573  -95.619  8.644 0.0000000000
157885  -11.263  -95.129  9.228 0.0000000000
157886  -10.498  -95.381  8.425 0.0000000000
157887  -10.728  -95.009  9.118 0.0000000000
157888  -10.956  -94.632  9.812 0.0000000000
157889  -10.652  -94.126  10.397 0.0000000000
157890  -10.351  -93.613  10.983 0.0000000000
157891  -10.055  -93.093  11.571 0.0000000000
157892  -9.527  -92.942  11.465 0.0000000000
157893  -8.999  -92.779  11.363 0.0000000000
157894  -8.470  -92.606  11.265 0.0000000000
157895  -8.515  -93.506  9.984 0.0000000000
157896  -8.225  -92.967  10.577 0.0000000000
157897  -7.940  -92.422  11.172 0.0000000000
157898  -7.411  -92.228  11.082 0.0000000000
157899  -6.881  -92.026  10.998 0.0000000000
157900  -6.350  -91.815  10.919 0.0000000000
157901  -6.090  -92.155  10.242 0.0000000000
157902  -5.827  -92.490  9.567 0.0000000000
157903  -5.563  -92.817  8.895 0.0000000000
157904  -6.387  -93.596  8.366 0.0000000000
157905  -5.842  -93.371  8.293 0.0000000000
157906  -5.297  -93.138  8.225 0.0000000000
157907  -5.028  -93.450  7.557 0.0000000000
157908  -4.757  -93.755  6.891 0.0000000000
157909  -4.484  -94.051  6.226 0.0000000000
157910  -7.562  -95.747  5.988 0.0000000000
157911  -7.003  -95.538  5.906 0.0000000000
157912  -6.444  -95.318  5.828 0.0000000000
157913  -6.477  -96.151  4.561 0.0000000000
157914  -6.179  -95.622  5.157 0.0000000000
157915  -5.885  -95.088  5.755 0.0000000000
157916  -5.326  -94.847  5.685 0.0000000000
157917  -4.767  -94.597  5.621 0.0000000000
157937  -6.277  -98.779  0.123 0.0000000000
157938  -5.990  -99.024  -0.536 0.0000000000
157940  -6.593  -99.988  -1.700 0.0000000000
157955  -10.935  -100.286  0.811 0.0000000000
157956  -10.671  -100.594  0.138 0.0000000000
