#!ascii label  , from subject fsaverage vox2ras=TkReg
238
621  0.807  -67.734  -44.599 0.0000000000
1386  -6.040  -65.816  -41.937 0.0000000000
1387  -4.461  -71.251  -42.246 0.0000000000
1388  -1.222  -62.805  -44.504 0.0000000000
2499  3.288  -71.929  -44.495 0.0000000000
5599  -1.859  -69.601  -43.463 0.0000000000
5601  -0.767  -71.937  -43.541 0.0000000000
5602  0.460  -74.076  -43.552 0.0000000000
5603  1.989  -69.936  -44.590 0.0000000000
7101  -8.302  -66.980  -40.549 0.0000000000
7102  -7.712  -69.904  -40.750 0.0000000000
7104  -5.317  -68.617  -42.092 0.0000000000
7105  -2.827  -67.091  -43.357 0.0000000000
7106  -0.261  -65.350  -44.558 0.0000000000
10053  4.694  -73.694  -44.278 0.0000000000
13279  -0.533  -68.694  -44.042 0.0000000000
13280  -1.329  -70.792  -43.508 0.0000000000
13281  0.022  -69.853  -44.068 0.0000000000
13282  0.607  -70.965  -44.079 0.0000000000
13283  1.383  -68.860  -44.603 0.0000000000
13284  2.753  -67.813  -45.110 0.0000000000
13285  2.157  -66.722  -45.131 0.0000000000
15672  -6.352  -64.363  -41.861 0.0000000000
15674  -7.185  -66.427  -41.252 0.0000000000
15676  -6.873  -67.878  -41.342 0.0000000000
15677  -6.528  -69.292  -41.432 0.0000000000
15678  -5.696  -67.236  -42.015 0.0000000000
15679  -2.459  -63.637  -43.885 0.0000000000
15680  -3.267  -65.774  -43.305 0.0000000000
15681  -2.020  -64.962  -43.925 0.0000000000
15682  -1.552  -66.247  -43.965 0.0000000000
15683  -0.755  -64.098  -44.531 0.0000000000
22564  1.873  -73.031  -44.040 0.0000000000
22566  2.551  -73.979  -43.979 0.0000000000
22567  3.255  -74.868  -43.885 0.0000000000
22568  3.979  -72.840  -44.404 0.0000000000
24383  -4.870  -65.145  -42.604 0.0000000000
28509  -3.169  -70.454  -42.864 0.0000000000
28511  -2.665  -71.676  -42.926 0.0000000000
28515  -0.170  -73.033  -43.557 0.0000000000
28516  1.224  -72.025  -44.071 0.0000000000
28517  2.624  -70.960  -44.555 0.0000000000
28518  4.026  -69.841  -45.010 0.0000000000
28519  3.376  -68.854  -45.071 0.0000000000
31929  -8.865  -70.450  -40.047 0.0000000000
31932  -7.365  -71.310  -40.852 0.0000000000
31933  -6.148  -70.664  -41.521 0.0000000000
31934  -4.905  -69.956  -42.169 0.0000000000
31935  -4.493  -66.534  -42.669 0.0000000000
31936  -4.082  -67.882  -42.733 0.0000000000
31937  -3.641  -69.189  -42.798 0.0000000000
31938  -2.357  -68.367  -43.410 0.0000000000
31939  -1.057  -67.491  -44.006 0.0000000000
31940  0.259  -66.563  -44.582 0.0000000000
31941  1.588  -65.584  -45.137 0.0000000000
31942  1.045  -64.403  -45.132 0.0000000000
40395  5.431  -74.486  -44.114 0.0000000000
40405  2.925  -64.555  -45.668 0.0000000000
43999  0.136  -68.220  -44.323 0.0000000000
44000  -0.259  -69.279  -44.057 0.0000000000
44001  0.415  -68.797  -44.333 0.0000000000
44002  0.701  -69.363  -44.339 0.0000000000
44003  1.092  -68.303  -44.603 0.0000000000
44004  1.771  -67.795  -44.866 0.0000000000
44005  1.481  -67.234  -44.868 0.0000000000
46392  -6.200  -65.093  -41.899 0.0000000000
46393  -6.768  -65.399  -41.556 0.0000000000
46395  -7.033  -67.157  -41.297 0.0000000000
46396  -6.456  -66.851  -41.639 0.0000000000
46397  -6.288  -67.565  -41.681 0.0000000000
46398  -5.872  -66.530  -41.976 0.0000000000
46399  -1.843  -63.227  -44.196 0.0000000000
46400  -2.243  -64.304  -43.905 0.0000000000
46401  -1.620  -63.887  -44.213 0.0000000000
46402  -1.390  -64.536  -44.230 0.0000000000
46403  -0.991  -63.456  -44.518 0.0000000000
46404  -0.359  -63.013  -44.819 0.0000000000
46405  -0.595  -62.370  -44.809 0.0000000000
53274  -5.100  -71.629  -41.931 0.0000000000
53284  2.580  -72.487  -44.272 0.0000000000
53285  2.208  -73.512  -44.013 0.0000000000
53286  2.920  -72.959  -44.238 0.0000000000
53287  3.265  -73.416  -44.196 0.0000000000
53288  3.631  -72.392  -44.454 0.0000000000
53289  4.341  -71.812  -44.663 0.0000000000
53290  3.996  -71.358  -44.712 0.0000000000
62874  -2.516  -70.034  -43.166 0.0000000000
62875  -2.921  -71.070  -42.896 0.0000000000
62876  -2.261  -70.643  -43.194 0.0000000000
62877  -1.052  -71.370  -43.527 0.0000000000
62878  -1.728  -71.827  -43.243 0.0000000000
62879  -1.449  -72.402  -43.263 0.0000000000
62881  -1.161  -72.965  -43.279 0.0000000000
62882  -0.864  -73.515  -43.290 0.0000000000
62883  -0.473  -72.492  -43.552 0.0000000000
62884  1.297  -70.457  -44.338 0.0000000000
62885  0.911  -71.502  -44.078 0.0000000000
62886  1.607  -70.985  -44.330 0.0000000000
62887  1.924  -71.500  -44.317 0.0000000000
62888  2.303  -70.455  -44.575 0.0000000000
62889  3.000  -69.911  -44.813 0.0000000000
62890  2.682  -69.402  -44.834 0.0000000000
62891  3.133  -66.740  -45.373 0.0000000000
62892  3.439  -67.270  -45.354 0.0000000000
70060  -9.269  -68.226  -39.881 0.0000000000
70062  -7.872  -69.186  -40.699 0.0000000000
70063  -8.444  -69.459  -40.348 0.0000000000
70064  -8.293  -70.186  -40.401 0.0000000000
70066  -8.132  -70.902  -40.455 0.0000000000
70067  -7.962  -71.608  -40.509 0.0000000000
70068  -7.543  -70.613  -40.801 0.0000000000
70069  -5.926  -68.963  -41.764 0.0000000000
70070  -6.342  -69.984  -41.476 0.0000000000
70071  -5.732  -69.645  -41.806 0.0000000000
70072  -5.530  -70.317  -41.848 0.0000000000
70073  -5.115  -69.292  -42.131 0.0000000000
70074  -4.276  -64.788  -42.930 0.0000000000
70075  -4.685  -65.844  -42.636 0.0000000000
70076  -4.083  -65.479  -42.960 0.0000000000
70077  -3.050  -66.438  -43.331 0.0000000000
70078  -3.674  -66.832  -43.018 0.0000000000
70079  -3.457  -67.493  -43.047 0.0000000000
70080  -3.865  -68.540  -42.765 0.0000000000
70081  -3.233  -68.144  -43.077 0.0000000000
70082  -3.001  -68.785  -43.106 0.0000000000
70083  -2.596  -67.734  -43.384 0.0000000000
70084  -0.909  -65.805  -44.264 0.0000000000
70085  -1.308  -66.874  -43.986 0.0000000000
70086  -0.658  -66.424  -44.280 0.0000000000
70087  -0.401  -67.034  -44.296 0.0000000000
70088  -0.004  -65.962  -44.570 0.0000000000
70089  0.653  -65.487  -44.856 0.0000000000
70090  0.391  -64.883  -44.847 0.0000000000
70094  2.211  -61.114  -45.985 0.0000000000
70095  1.951  -60.503  -45.992 0.0000000000
90739  3.975  -74.288  -44.086 0.0000000000
90740  3.616  -75.290  -43.825 0.0000000000
90741  4.338  -74.700  -44.017 0.0000000000
90742  4.708  -75.098  -43.939 0.0000000000
90766  1.976  -64.498  -45.409 0.0000000000
90767  2.256  -65.076  -45.405 0.0000000000
97629  -1.198  -69.154  -43.755 0.0000000000
97630  -1.598  -70.202  -43.487 0.0000000000
97631  -0.930  -69.747  -43.775 0.0000000000
97632  -0.655  -70.329  -43.791 0.0000000000
97633  -0.372  -70.899  -43.805 0.0000000000
97634  -0.081  -71.458  -43.814 0.0000000000
97635  0.310  -70.415  -44.076 0.0000000000
97636  0.995  -69.916  -44.341 0.0000000000
97637  1.683  -69.404  -44.599 0.0000000000
97638  2.371  -68.879  -44.849 0.0000000000
97639  2.068  -68.343  -44.860 0.0000000000
97640  2.452  -67.274  -45.123 0.0000000000
97641  2.835  -66.197  -45.387 0.0000000000
101938  -6.912  -64.663  -41.516 0.0000000000
101940  -7.747  -66.711  -40.903 0.0000000000
101942  -7.604  -67.447  -40.950 0.0000000000
101943  -7.452  -68.176  -40.998 0.0000000000
101944  -7.292  -68.896  -41.046 0.0000000000
101945  -7.123  -69.606  -41.094 0.0000000000
101946  -6.705  -68.590  -41.387 0.0000000000
101947  -6.111  -68.269  -41.723 0.0000000000
101948  -5.511  -67.932  -42.054 0.0000000000
101949  -3.070  -64.034  -43.570 0.0000000000
101950  -3.475  -65.101  -43.279 0.0000000000
101951  -2.862  -64.709  -43.594 0.0000000000
101952  -2.646  -65.375  -43.617 0.0000000000
101953  -2.422  -66.030  -43.640 0.0000000000
101954  -2.192  -66.676  -43.663 0.0000000000
101955  -1.790  -65.609  -43.945 0.0000000000
101956  -1.153  -65.176  -44.247 0.0000000000
101957  -0.511  -64.729  -44.545 0.0000000000
101958  0.134  -64.270  -44.838 0.0000000000
101959  -0.115  -63.646  -44.829 0.0000000000
114342  1.166  -73.561  -43.800 0.0000000000
114343  0.787  -74.576  -43.540 0.0000000000
114344  1.497  -74.051  -43.781 0.0000000000
114348  2.900  -74.431  -43.936 0.0000000000
114349  3.617  -73.859  -44.145 0.0000000000
114350  4.334  -73.275  -44.346 0.0000000000
118329  -5.786  -64.049  -42.202 0.0000000000
118330  -5.626  -64.772  -42.237 0.0000000000
118331  -5.458  -65.488  -42.273 0.0000000000
118332  -5.046  -64.437  -42.571 0.0000000000
118334  -3.868  -63.725  -43.225 0.0000000000
127959  -3.817  -70.859  -42.557 0.0000000000
127961  -3.576  -71.483  -42.593 0.0000000000
127964  -1.999  -71.241  -43.220 0.0000000000
127965  -2.401  -72.270  -42.954 0.0000000000
127973  0.140  -73.561  -43.558 0.0000000000
127974  0.218  -72.004  -43.818 0.0000000000
127975  0.526  -72.537  -43.818 0.0000000000
127976  0.842  -73.056  -43.812 0.0000000000
127977  1.544  -72.535  -44.059 0.0000000000
127978  2.248  -72.000  -44.298 0.0000000000
127979  2.953  -71.451  -44.529 0.0000000000
127980  3.657  -70.889  -44.753 0.0000000000
127981  3.325  -70.407  -44.786 0.0000000000
127982  3.697  -69.354  -45.044 0.0000000000
127984  3.061  -68.340  -45.093 0.0000000000
137129  -8.588  -68.725  -40.294 0.0000000000
137130  -9.009  -69.717  -39.991 0.0000000000
137138  -7.178  -71.996  -40.903 0.0000000000
137139  -6.946  -70.306  -41.141 0.0000000000
137140  -6.760  -70.995  -41.189 0.0000000000
137141  -6.565  -71.673  -41.237 0.0000000000
137142  -5.945  -71.333  -41.566 0.0000000000
137143  -5.319  -70.979  -41.889 0.0000000000
137144  -4.687  -70.609  -42.208 0.0000000000
137145  -5.282  -66.195  -42.309 0.0000000000
137146  -5.097  -66.892  -42.344 0.0000000000
137147  -4.904  -67.580  -42.380 0.0000000000
137148  -3.882  -66.161  -42.989 0.0000000000
137149  -4.292  -67.213  -42.701 0.0000000000
137150  -4.703  -68.257  -42.415 0.0000000000
137151  -4.493  -68.923  -42.450 0.0000000000
137152  -4.275  -69.579  -42.486 0.0000000000
137153  -4.050  -70.225  -42.522 0.0000000000
137154  -3.408  -69.827  -42.831 0.0000000000
137155  -2.762  -69.415  -43.136 0.0000000000
137156  -2.112  -68.989  -43.437 0.0000000000
137157  -1.954  -67.311  -43.687 0.0000000000
137158  -1.709  -67.936  -43.710 0.0000000000
137159  -1.457  -68.550  -43.733 0.0000000000
137160  -0.798  -68.098  -44.025 0.0000000000
137161  -0.136  -67.632  -44.311 0.0000000000
137162  0.530  -67.154  -44.592 0.0000000000
137163  1.198  -66.663  -44.867 0.0000000000
137164  0.922  -66.080  -44.862 0.0000000000
137165  1.314  -64.999  -45.135 0.0000000000
137166  1.703  -63.911  -45.412 0.0000000000
137167  0.784  -63.797  -45.128 0.0000000000
137169  2.091  -62.816  -45.692 0.0000000000
162140  5.082  -75.481  -43.851 0.0000000000
162151  4.361  -70.315  -44.969 0.0000000000
162169  1.869  -66.159  -45.135 0.0000000000
162170  2.542  -65.642  -45.398 0.0000000000
162171  3.216  -65.113  -45.655 0.0000000000
