#!ascii label  , from subject fsaverage vox2ras=TkReg
571
86  8.335  -94.981  -18.502 0.0000000000
578  3.349  -97.285  -9.134 0.0000000000
1278  5.396  -93.426  -4.109 0.0000000000
1279  0.841  -96.971  -4.175 0.0000000000
1280  -1.442  -100.736  -8.907 0.0000000000
1522  3.457  -99.698  -18.501 0.0000000000
2367  10.390  -91.838  -13.606 0.0000000000
2368  9.667  -89.348  -3.626 0.0000000000
2369  7.893  -93.106  -8.933 0.0000000000
2370  5.855  -96.623  -13.915 0.0000000000
2371  1.011  -100.721  -13.790 0.0000000000
2898  9.572  -93.794  -20.705 0.0000000000
3496  0.937  -101.739  -18.304 0.0000000000
5274  8.440  -89.479  -1.222 0.0000000000
5275  4.403  -95.394  -6.662 0.0000000000
5276  6.647  -93.385  -6.541 0.0000000000
5277  5.660  -95.273  -9.085 0.0000000000
5278  6.915  -94.908  -11.469 0.0000000000
5279  4.603  -97.077  -11.545 0.0000000000
5280  3.460  -98.771  -13.911 0.0000000000
5281  2.217  -99.068  -11.514 0.0000000000
6911  2.092  -97.248  -6.675 0.0000000000
6912  0.973  -99.114  -9.072 0.0000000000
6913  -0.277  -98.916  -6.584 0.0000000000
7390  5.931  -97.433  -18.561 0.0000000000
7391  7.160  -96.392  -20.801 0.0000000000
7392  4.667  -98.807  -20.775 0.0000000000
9657  9.414  -93.456  -16.102 0.0000000000
9661  7.576  -91.446  -3.918 0.0000000000
9662  8.811  -91.245  -6.316 0.0000000000
9663  10.043  -90.812  -8.685 0.0000000000
9664  9.143  -92.591  -11.292 0.0000000000
9665  8.169  -94.303  -13.811 0.0000000000
9666  7.099  -95.925  -16.238 0.0000000000
9667  4.700  -98.227  -16.263 0.0000000000
9668  2.236  -100.337  -16.170 0.0000000000
9670  -0.212  -100.853  -11.370 0.0000000000
10578  8.953  -94.418  -19.611 0.0000000000
12954  7.819  -89.458  -0.007 0.0000000000
12955  3.885  -96.352  -7.909 0.0000000000
12956  5.032  -95.364  -7.879 0.0000000000
12957  4.514  -96.300  -9.123 0.0000000000
12958  5.141  -96.187  -10.326 0.0000000000
12959  3.976  -97.212  -10.345 0.0000000000
12960  3.418  -98.096  -11.543 0.0000000000
12961  2.793  -98.192  -10.336 0.0000000000
15355  1.378  -95.959  -2.941 0.0000000000
15356  2.522  -95.131  -2.945 0.0000000000
15357  2.001  -96.146  -4.197 0.0000000000
15358  2.627  -96.274  -5.444 0.0000000000
15359  1.465  -97.139  -5.430 0.0000000000
15360  0.914  -98.107  -6.642 0.0000000000
15361  0.289  -97.958  -5.390 0.0000000000
16246  4.701  -98.591  -18.547 0.0000000000
16247  5.311  -98.140  -19.683 0.0000000000
16248  4.063  -99.284  -19.645 0.0000000000
18879  6.535  -97.045  -21.911 0.0000000000
21576  9.915  -92.657  -14.865 0.0000000000
21582  10.670  -88.260  -3.449 0.0000000000
21584  10.274  -89.197  -4.816 0.0000000000
21585  5.871  -92.424  -2.803 0.0000000000
21586  6.954  -91.459  -2.703 0.0000000000
21587  6.496  -92.451  -4.027 0.0000000000
21588  7.270  -93.275  -7.741 0.0000000000
21589  7.739  -92.330  -6.441 0.0000000000
21592  8.979  -91.974  -8.820 0.0000000000
21593  9.601  -91.708  -9.999 0.0000000000
21594  8.518  -92.878  -10.117 0.0000000000
21595  6.397  -95.778  -12.704 0.0000000000
21596  7.543  -94.636  -12.646 0.0000000000
21597  7.023  -95.483  -13.876 0.0000000000
21598  7.647  -95.127  -15.037 0.0000000000
21599  6.478  -96.305  -15.083 0.0000000000
21600  5.909  -97.098  -16.264 0.0000000000
21601  5.289  -97.440  -15.101 0.0000000000
21602  2.240  -99.772  -13.865 0.0000000000
21603  2.857  -99.572  -15.054 0.0000000000
21604  1.624  -100.561  -14.986 0.0000000000
21605  0.991  -101.309  -16.076 0.0000000000
21606  0.385  -101.492  -14.886 0.0000000000
21607  -0.231  -99.952  -9.001 0.0000000000
21608  0.389  -100.001  -10.234 0.0000000000
21609  -0.825  -100.825  -10.144 0.0000000000
23648  10.192  -93.108  -21.785 0.0000000000
24192  -0.334  -97.750  -4.128 0.0000000000
24724  2.201  -100.749  -18.421 0.0000000000
24725  2.802  -100.373  -19.573 0.0000000000
27925  9.458  -88.470  -1.058 0.0000000000
27926  9.056  -89.442  -2.429 0.0000000000
27927  4.906  -94.417  -5.395 0.0000000000
27928  6.022  -93.435  -5.331 0.0000000000
27929  5.535  -94.407  -6.615 0.0000000000
27930  6.161  -94.337  -7.823 0.0000000000
27931  6.786  -94.207  -9.021 0.0000000000
27932  7.413  -94.017  -10.211 0.0000000000
27933  6.287  -95.121  -10.281 0.0000000000
27934  5.769  -96.013  -11.520 0.0000000000
27935  5.229  -96.880  -12.735 0.0000000000
27936  4.667  -97.720  -13.927 0.0000000000
27937  4.042  -97.938  -12.740 0.0000000000
27938  2.839  -98.950  -12.717 0.0000000000
27939  1.623  -99.911  -12.665 0.0000000000
31481  4.770  -93.359  -2.877 0.0000000000
31485  3.774  -95.365  -5.433 0.0000000000
31486  3.255  -96.343  -6.682 0.0000000000
31487  2.721  -97.297  -7.910 0.0000000000
31488  2.168  -98.224  -9.117 0.0000000000
31489  1.541  -98.196  -7.885 0.0000000000
31490  0.348  -99.045  -7.833 0.0000000000
31491  -0.854  -99.842  -7.757 0.0000000000
31492  -0.900  -98.727  -5.326 0.0000000000
31493  -1.477  -99.672  -6.503 0.0000000000
31494  -2.063  -100.585  -7.660 0.0000000000
32674  7.143  -96.228  -18.546 0.0000000000
32675  7.760  -95.702  -19.664 0.0000000000
32676  6.545  -96.944  -19.689 0.0000000000
32679  3.399  -99.934  -20.711 0.0000000000
35955  8.378  -95.113  -20.768 0.0000000000
35956  8.997  -94.462  -21.857 0.0000000000
39207  8.887  -94.232  -17.315 0.0000000000
39218  8.017  -90.465  -2.578 0.0000000000
39219  8.635  -90.411  -3.784 0.0000000000
39220  7.119  -92.420  -5.239 0.0000000000
39221  8.195  -91.374  -5.122 0.0000000000
39222  9.248  -90.299  -4.980 0.0000000000
39223  9.859  -90.131  -6.169 0.0000000000
39226  10.661  -90.509  -9.857 0.0000000000
39227  10.223  -91.384  -11.167 0.0000000000
39228  9.767  -92.244  -12.455 0.0000000000
39229  8.040  -93.767  -11.393 0.0000000000
39230  8.667  -93.456  -12.563 0.0000000000
39231  9.292  -93.086  -13.721 0.0000000000
39232  8.793  -93.910  -14.964 0.0000000000
39233  8.268  -94.709  -16.184 0.0000000000
39234  7.718  -95.483  -17.378 0.0000000000
39235  6.527  -96.694  -17.413 0.0000000000
39236  5.316  -97.861  -17.419 0.0000000000
39237  4.089  -98.980  -17.396 0.0000000000
39238  4.081  -98.530  -15.093 0.0000000000
39239  3.474  -99.307  -16.232 0.0000000000
39240  2.847  -100.049  -17.342 0.0000000000
39241  1.596  -101.061  -17.255 0.0000000000
39244  1.596  -99.122  -10.299 0.0000000000
39245  1.006  -99.987  -11.455 0.0000000000
39246  0.400  -100.818  -12.585 0.0000000000
41297  9.232  -94.059  -19.023 0.0000000000
41298  8.644  -94.707  -19.059 0.0000000000
43675  3.619  -96.822  -8.524 0.0000000000
43676  4.200  -96.334  -8.517 0.0000000000
43677  3.934  -96.798  -9.132 0.0000000000
43678  4.247  -96.759  -9.737 0.0000000000
43679  3.663  -97.257  -9.741 0.0000000000
43680  3.387  -97.708  -10.344 0.0000000000
43681  3.074  -97.742  -9.738 0.0000000000
46075  1.111  -96.468  -3.561 0.0000000000
46076  1.689  -96.060  -3.570 0.0000000000
46077  1.423  -96.564  -4.189 0.0000000000
46078  1.735  -96.645  -4.816 0.0000000000
46079  1.152  -97.062  -4.804 0.0000000000
46080  0.879  -97.554  -5.413 0.0000000000
46081  0.566  -97.468  -4.785 0.0000000000
46966  4.080  -99.151  -18.528 0.0000000000
46967  4.385  -98.943  -19.100 0.0000000000
46968  3.760  -99.499  -19.075 0.0000000000
52295  10.466  -92.019  -14.806 0.0000000000
52296  10.155  -92.250  -14.238 0.0000000000
52302  10.172  -88.807  -3.540 0.0000000000
52304  9.971  -89.280  -4.222 0.0000000000
52305  5.635  -92.926  -3.459 0.0000000000
52306  6.183  -92.445  -3.416 0.0000000000
52307  5.948  -92.942  -4.071 0.0000000000
52308  7.581  -93.198  -8.338 0.0000000000
52311  8.669  -92.085  -8.228 0.0000000000
52312  8.439  -92.544  -8.880 0.0000000000
52313  8.750  -92.428  -9.471 0.0000000000
52314  8.205  -93.000  -9.526 0.0000000000
52315  6.129  -96.204  -13.312 0.0000000000
52316  6.710  -95.638  -13.291 0.0000000000
52317  6.442  -96.058  -13.899 0.0000000000
52318  6.754  -95.897  -14.482 0.0000000000
52319  6.167  -96.471  -14.500 0.0000000000
52320  5.886  -96.878  -15.095 0.0000000000
52321  5.575  -97.035  -14.511 0.0000000000
52322  1.627  -100.254  -13.832 0.0000000000
52323  1.934  -100.171  -14.429 0.0000000000
52324  1.317  -100.649  -14.390 0.0000000000
52325  1.005  -101.034  -14.940 0.0000000000
52326  0.700  -101.112  -14.342 0.0000000000
52327  -0.836  -100.351  -8.957 0.0000000000
52328  -0.526  -100.393  -9.576 0.0000000000
52329  -1.133  -100.788  -9.527 0.0000000000
54771  10.160  -93.120  -20.663 0.0000000000
54773  9.882  -93.458  -21.247 0.0000000000
56566  1.570  -101.252  -18.367 0.0000000000
56567  1.869  -101.082  -18.947 0.0000000000
56568  1.234  -101.579  -18.885 0.0000000000
61900  8.644  -88.985  -0.538 0.0000000000
61901  9.151  -88.487  -0.456 0.0000000000
61902  8.953  -88.978  -1.143 0.0000000000
61903  9.260  -88.956  -1.745 0.0000000000
61904  8.749  -89.468  -1.826 0.0000000000
61905  4.657  -94.908  -6.031 0.0000000000
61906  5.221  -94.420  -6.007 0.0000000000
61907  4.971  -94.905  -6.642 0.0000000000
61908  5.346  -95.326  -8.484 0.0000000000
61909  5.599  -94.855  -7.855 0.0000000000
61910  5.912  -94.807  -8.457 0.0000000000
61911  6.474  -94.280  -8.423 0.0000000000
61912  6.226  -94.744  -9.056 0.0000000000
61913  6.539  -94.666  -9.654 0.0000000000
61914  5.973  -95.204  -9.684 0.0000000000
61915  4.874  -96.635  -10.938 0.0000000000
61916  5.455  -96.107  -10.924 0.0000000000
61917  5.188  -96.550  -11.535 0.0000000000
61918  5.502  -96.449  -12.131 0.0000000000
61919  4.916  -96.986  -12.141 0.0000000000
61920  4.638  -97.415  -12.741 0.0000000000
61921  4.325  -97.511  -12.146 0.0000000000
61922  2.819  -98.588  -11.532 0.0000000000
61923  3.131  -98.527  -12.134 0.0000000000
61924  2.528  -99.017  -12.117 0.0000000000
61925  2.232  -99.437  -12.695 0.0000000000
61926  1.923  -99.493  -12.093 0.0000000000
69110  3.402  -94.773  -3.561 0.0000000000
69112  3.714  -94.828  -4.183 0.0000000000
69113  4.028  -94.870  -4.801 0.0000000000
69114  3.460  -95.329  -4.815 0.0000000000
69115  2.361  -96.764  -6.062 0.0000000000
69116  2.941  -96.316  -6.064 0.0000000000
69117  2.676  -96.801  -6.682 0.0000000000
69118  2.990  -96.823  -7.299 0.0000000000
69119  2.406  -97.280  -7.294 0.0000000000
69120  2.133  -97.752  -7.901 0.0000000000
69121  1.819  -97.725  -7.283 0.0000000000
69122  0.320  -98.518  -6.616 0.0000000000
69123  0.633  -98.580  -7.241 0.0000000000
69124  0.036  -98.988  -7.210 0.0000000000
69125  -0.252  -99.450  -7.798 0.0000000000
69126  -0.564  -99.383  -7.174 0.0000000000
69128  -0.615  -98.242  -4.729 0.0000000000
69129  -1.210  -98.610  -4.693 0.0000000000
69131  -1.787  -99.565  -5.873 0.0000000000
69132  -2.079  -100.030  -6.455 0.0000000000
69133  -1.769  -100.133  -7.084 0.0000000000
69134  -2.373  -100.487  -7.032 0.0000000000
69135  -2.669  -100.935  -7.604 0.0000000000
69136  -2.978  -100.828  -6.975 0.0000000000
71776  6.539  -96.836  -18.558 0.0000000000
71777  6.847  -96.590  -19.121 0.0000000000
71778  6.238  -97.196  -19.127 0.0000000000
71780  5.617  -97.890  -20.246 0.0000000000
71784  2.464  -100.693  -20.096 0.0000000000
71785  3.101  -100.161  -20.144 0.0000000000
71786  2.760  -100.475  -20.665 0.0000000000
79674  7.463  -96.051  -20.236 0.0000000000
79675  8.069  -95.415  -20.218 0.0000000000
79676  7.772  -95.758  -20.788 0.0000000000
87767  9.978  -92.817  -16.051 0.0000000000
87769  9.724  -93.207  -16.665 0.0000000000
87771  9.154  -93.847  -16.712 0.0000000000
87790  11.078  -88.531  -5.320 0.0000000000
87798  7.266  -91.460  -3.312 0.0000000000
87799  7.489  -90.966  -2.644 0.0000000000
87800  7.799  -90.956  -3.250 0.0000000000
87801  8.327  -90.445  -3.182 0.0000000000
87802  8.109  -90.932  -3.854 0.0000000000
87803  6.335  -93.417  -5.937 0.0000000000
87804  6.573  -92.931  -5.288 0.0000000000
87805  6.885  -92.904  -5.893 0.0000000000
87806  8.278  -91.791  -6.382 0.0000000000
87807  7.969  -91.853  -5.784 0.0000000000
87808  8.503  -91.317  -5.720 0.0000000000
87809  8.725  -90.840  -5.054 0.0000000000
87811  9.554  -90.222  -5.575 0.0000000000
87813  9.735  -90.942  -8.095 0.0000000000
87814  9.951  -90.485  -7.430 0.0000000000
87815  10.259  -90.360  -8.020 0.0000000000
87818  10.874  -90.067  -9.194 0.0000000000
87819  10.352  -90.668  -9.272 0.0000000000
87820  9.374  -92.152  -10.648 0.0000000000
87821  9.912  -91.554  -10.584 0.0000000000
87822  9.686  -91.991  -11.233 0.0000000000
87823  9.997  -91.816  -11.814 0.0000000000
87824  9.455  -92.425  -11.875 0.0000000000
87825  7.167  -94.465  -10.843 0.0000000000
87826  7.726  -93.899  -10.803 0.0000000000
87827  7.480  -94.342  -11.434 0.0000000000
87828  7.856  -94.477  -13.230 0.0000000000
87829  8.108  -94.051  -12.608 0.0000000000
87830  8.421  -93.882  -13.190 0.0000000000
87831  8.980  -93.279  -13.144 0.0000000000
87832  8.734  -93.699  -13.769 0.0000000000
87833  9.046  -93.501  -14.345 0.0000000000
87834  8.482  -94.114  -14.389 0.0000000000
87835  7.376  -95.529  -15.640 0.0000000000
87836  7.958  -94.926  -15.612 0.0000000000
87837  7.686  -95.322  -16.214 0.0000000000
87838  7.996  -95.100  -16.784 0.0000000000
87839  7.408  -95.711  -16.810 0.0000000000
87840  7.125  -96.094  -17.399 0.0000000000
87841  6.816  -96.313  -16.829 0.0000000000
87842  5.306  -97.668  -16.267 0.0000000000
87843  5.615  -97.484  -16.845 0.0000000000
87844  5.008  -98.052  -16.843 0.0000000000
87845  4.704  -98.427  -17.411 0.0000000000
87846  4.397  -98.608  -16.833 0.0000000000
87847  4.065  -98.251  -13.922 0.0000000000
87848  4.376  -98.129  -14.513 0.0000000000
87849  3.771  -98.658  -14.503 0.0000000000
87850  2.549  -99.959  -15.616 0.0000000000
87851  3.166  -99.447  -15.645 0.0000000000
87852  2.856  -99.829  -16.205 0.0000000000
87853  3.163  -99.683  -16.791 0.0000000000
87854  2.542  -100.201  -16.758 0.0000000000
87855  2.223  -100.562  -17.303 0.0000000000
87856  1.918  -100.704  -16.717 0.0000000000
87857  0.368  -101.772  -16.017 0.0000000000
87858  0.669  -101.666  -16.609 0.0000000000
87862  1.572  -98.675  -9.098 0.0000000000
87863  1.884  -98.677  -9.711 0.0000000000
87864  1.285  -99.126  -9.687 0.0000000000
87865  0.090  -100.431  -10.805 0.0000000000
87866  0.698  -100.002  -10.846 0.0000000000
87867  0.398  -100.427  -11.416 0.0000000000
87868  0.705  -100.407  -12.023 0.0000000000
92768  9.263  -94.113  -20.160 0.0000000000
97045  8.335  -88.977  0.068 0.0000000000
97046  8.130  -89.476  -0.615 0.0000000000
97047  4.146  -95.876  -7.288 0.0000000000
97048  4.718  -95.387  -7.272 0.0000000000
97049  4.461  -95.863  -7.897 0.0000000000
97050  4.775  -95.835  -8.504 0.0000000000
97051  5.089  -95.792  -9.107 0.0000000000
97052  5.403  -95.733  -9.708 0.0000000000
97053  4.827  -96.251  -9.726 0.0000000000
97054  4.561  -96.705  -10.339 0.0000000000
97055  4.289  -97.152  -10.946 0.0000000000
97056  4.012  -97.592  -11.548 0.0000000000
97057  3.699  -97.658  -10.947 0.0000000000
97058  3.105  -98.152  -10.941 0.0000000000
97059  2.508  -98.634  -10.928 0.0000000000
101367  1.641  -95.445  -2.317 0.0000000000
101369  1.952  -95.550  -2.947 0.0000000000
101370  2.263  -95.641  -3.574 0.0000000000
101371  2.576  -95.717  -4.199 0.0000000000
101372  2.889  -95.778  -4.822 0.0000000000
101373  2.313  -96.217  -4.822 0.0000000000
101374  2.048  -96.712  -5.440 0.0000000000
101375  1.778  -97.201  -6.054 0.0000000000
101376  1.505  -97.683  -6.662 0.0000000000
101377  1.191  -97.626  -6.039 0.0000000000
101378  0.601  -98.040  -6.017 0.0000000000
101379  0.008  -98.441  -5.990 0.0000000000
101381  -1.807  -98.965  -4.650 0.0000000000
102970  5.318  -98.018  -18.558 0.0000000000
102971  5.624  -97.791  -19.126 0.0000000000
102972  5.006  -98.373  -19.117 0.0000000000
102973  4.689  -98.719  -19.668 0.0000000000
102974  4.365  -99.054  -20.212 0.0000000000
102975  1.766  -101.295  -21.114 0.0000000000
107709  6.851  -96.723  -21.360 0.0000000000
107710  7.469  -96.092  -21.352 0.0000000000
107711  7.159  -96.416  -21.910 0.0000000000
112565  10.226  -92.420  -15.432 0.0000000000
112566  9.668  -93.059  -15.487 0.0000000000
112572  10.259  -87.916  -1.568 0.0000000000
112578  10.971  -88.173  -4.043 0.0000000000
112579  10.776  -88.637  -4.728 0.0000000000
112581  6.103  -91.920  -2.143 0.0000000000
112582  6.642  -91.444  -2.092 0.0000000000
112583  6.415  -91.945  -2.756 0.0000000000
112584  6.727  -91.956  -3.367 0.0000000000
112585  7.038  -91.952  -3.975 0.0000000000
112586  6.959  -93.338  -7.142 0.0000000000
112587  7.196  -92.861  -6.494 0.0000000000
112588  7.506  -92.804  -7.093 0.0000000000
112594  9.514  -91.397  -8.755 0.0000000000
112595  9.824  -91.262  -9.344 0.0000000000
112596  9.290  -91.849  -9.411 0.0000000000
112597  9.062  -92.297  -10.061 0.0000000000
112598  8.830  -92.742  -10.706 0.0000000000
112599  6.659  -95.346  -12.089 0.0000000000
112600  7.229  -94.780  -12.059 0.0000000000
112601  6.973  -95.212  -12.678 0.0000000000
112602  7.286  -95.062  -13.264 0.0000000000
112603  7.599  -94.898  -13.847 0.0000000000
112604  7.911  -94.718  -14.427 0.0000000000
112605  7.335  -95.313  -14.458 0.0000000000
112606  7.065  -95.721  -15.063 0.0000000000
112607  6.789  -96.122  -15.662 0.0000000000
112608  6.507  -96.517  -16.254 0.0000000000
112609  6.197  -96.705  -15.677 0.0000000000
112610  5.599  -97.277  -15.684 0.0000000000
112611  4.997  -97.837  -15.685 0.0000000000
112612  2.852  -99.278  -13.892 0.0000000000
112613  3.161  -99.175  -14.486 0.0000000000
112614  2.549  -99.680  -14.461 0.0000000000
112615  2.241  -100.073  -15.024 0.0000000000
112616  1.930  -100.457  -15.580 0.0000000000
112617  1.614  -100.830  -16.128 0.0000000000
112618  1.309  -100.940  -15.535 0.0000000000
112621  0.372  -99.539  -9.039 0.0000000000
112622  0.683  -99.561  -9.656 0.0000000000
112623  0.079  -99.984  -9.619 0.0000000000
112624  -0.217  -100.420  -10.192 0.0000000000
112625  -0.518  -100.847  -10.758 0.0000000000
117887  0.530  -96.865  -3.544 0.0000000000
117888  0.255  -97.366  -4.155 0.0000000000
117889  -0.055  -97.250  -3.522 0.0000000000
119128  2.830  -100.231  -18.465 0.0000000000
119129  3.132  -100.041  -19.041 0.0000000000
119130  2.502  -100.569  -18.999 0.0000000000
119131  2.167  -100.895  -19.523 0.0000000000
119132  1.825  -101.210  -20.038 0.0000000000
126591  10.619  -91.421  -12.967 0.0000000000
126600  9.763  -88.439  -1.659 0.0000000000
126601  9.565  -88.921  -2.346 0.0000000000
126602  9.362  -89.402  -3.029 0.0000000000
126603  5.153  -93.923  -4.755 0.0000000000
126604  5.709  -93.437  -4.721 0.0000000000
126605  5.466  -93.930  -5.366 0.0000000000
126606  5.780  -93.923  -5.975 0.0000000000
126607  6.093  -93.900  -6.581 0.0000000000
126608  5.285  -94.888  -7.250 0.0000000000
126609  5.848  -94.380  -7.221 0.0000000000
126610  6.406  -93.863  -7.185 0.0000000000
126611  6.718  -93.810  -7.785 0.0000000000
126612  7.030  -93.743  -8.384 0.0000000000
126613  7.342  -93.661  -8.980 0.0000000000
126614  7.655  -93.564  -9.575 0.0000000000
126615  7.099  -94.119  -9.617 0.0000000000
126616  6.853  -94.573  -10.249 0.0000000000
126617  6.601  -95.022  -10.876 0.0000000000
126618  5.717  -95.659  -10.307 0.0000000000
126619  6.031  -95.570  -10.903 0.0000000000
126620  6.345  -95.465  -11.498 0.0000000000
126621  6.083  -95.903  -12.113 0.0000000000
126622  5.816  -96.334  -12.723 0.0000000000
126623  5.543  -96.759  -13.327 0.0000000000
126624  5.263  -97.177  -13.924 0.0000000000
126625  4.951  -97.303  -13.334 0.0000000000
126626  4.355  -97.837  -13.335 0.0000000000
126627  3.754  -98.359  -13.329 0.0000000000
126628  3.730  -98.025  -12.143 0.0000000000
126629  3.442  -98.450  -12.732 0.0000000000
126630  3.150  -98.868  -13.315 0.0000000000
126631  2.542  -99.365  -13.295 0.0000000000
126632  1.932  -99.850  -13.267 0.0000000000
126633  1.319  -100.320  -13.231 0.0000000000
135915  5.558  -92.389  -2.188 0.0000000000
135916  5.322  -92.895  -2.843 0.0000000000
135917  5.083  -93.400  -3.494 0.0000000000
135925  4.526  -93.866  -3.523 0.0000000000
135926  4.839  -93.902  -4.140 0.0000000000
135927  4.592  -94.401  -4.781 0.0000000000
135928  4.342  -94.896  -5.418 0.0000000000
135929  4.089  -95.387  -6.049 0.0000000000
135930  3.202  -95.825  -5.442 0.0000000000
135931  3.517  -95.857  -6.060 0.0000000000
135932  3.831  -95.874  -6.675 0.0000000000
135933  3.570  -96.355  -7.297 0.0000000000
135934  3.305  -96.830  -7.913 0.0000000000
135935  3.035  -97.299  -8.524 0.0000000000
135936  2.760  -97.761  -9.129 0.0000000000
135937  2.447  -97.764  -8.517 0.0000000000
135938  1.854  -98.217  -8.503 0.0000000000
135939  1.259  -98.658  -8.482 0.0000000000
135940  1.227  -98.159  -7.265 0.0000000000
135941  0.946  -98.627  -7.862 0.0000000000
135942  0.661  -99.087  -8.454 0.0000000000
135943  0.060  -99.502  -8.420 0.0000000000
135944  -0.542  -99.905  -8.380 0.0000000000
135945  -1.147  -100.293  -8.335 0.0000000000
135946  -0.023  -97.861  -4.760 0.0000000000
135947  -0.304  -98.349  -5.361 0.0000000000
135948  -0.589  -98.829  -5.956 0.0000000000
135949  -1.498  -99.092  -5.285 0.0000000000
135950  -1.187  -99.204  -5.917 0.0000000000
135951  -0.876  -99.301  -6.547 0.0000000000
135952  -1.165  -99.765  -7.132 0.0000000000
135953  -1.458  -100.220  -7.711 0.0000000000
135954  -1.752  -100.668  -8.285 0.0000000000
139246  7.742  -95.610  -18.528 0.0000000000
139247  8.051  -95.345  -19.087 0.0000000000
139248  7.452  -95.973  -19.107 0.0000000000
139249  7.155  -96.328  -19.680 0.0000000000
139250  6.853  -96.676  -20.247 0.0000000000
139251  5.930  -97.548  -19.690 0.0000000000
139252  6.237  -97.289  -20.250 0.0000000000
139253  6.544  -97.014  -20.807 0.0000000000
139257  3.434  -99.836  -19.614 0.0000000000
139258  3.734  -99.615  -20.182 0.0000000000
148845  8.359  -95.065  -19.641 0.0000000000
148846  8.668  -94.769  -20.192 0.0000000000
148847  8.978  -94.458  -20.740 0.0000000000
148848  8.081  -95.449  -21.337 0.0000000000
148849  8.687  -94.795  -21.314 0.0000000000
148850  9.287  -94.132  -21.284 0.0000000000
148851  9.597  -93.789  -21.824 0.0000000000
158577  8.614  -94.609  -17.912 0.0000000000
158607  7.921  -89.974  -1.295 0.0000000000
158608  7.177  -90.961  -2.035 0.0000000000
158610  8.231  -89.973  -1.902 0.0000000000
158611  8.540  -89.957  -2.506 0.0000000000
158612  8.848  -89.927  -3.108 0.0000000000
158613  9.155  -89.883  -3.708 0.0000000000
158614  6.261  -92.944  -4.681 0.0000000000
158615  6.807  -92.443  -4.634 0.0000000000
158616  7.349  -91.934  -4.581 0.0000000000
158617  7.429  -92.382  -5.841 0.0000000000
158618  7.660  -91.901  -5.184 0.0000000000
158619  7.886  -91.417  -4.521 0.0000000000
158622  9.460  -89.824  -4.305 0.0000000000
158623  9.765  -89.751  -4.901 0.0000000000
158625  10.373  -89.564  -6.087 0.0000000000
158627  10.164  -90.025  -6.761 0.0000000000
158635  10.134  -91.112  -9.931 0.0000000000
158638  10.533  -91.200  -11.747 0.0000000000
158639  10.308  -91.626  -12.392 0.0000000000
158640  10.079  -92.048  -13.032 0.0000000000
158641  7.968  -93.452  -10.167 0.0000000000
158642  8.281  -93.325  -10.758 0.0000000000
158643  8.594  -93.183  -11.346 0.0000000000
158644  7.794  -94.204  -12.022 0.0000000000
158645  8.353  -93.619  -11.980 0.0000000000
158646  8.907  -93.026  -11.930 0.0000000000
158647  9.220  -92.854  -12.512 0.0000000000
158648  9.532  -92.667  -13.091 0.0000000000
158649  9.844  -92.466  -13.666 0.0000000000
158650  9.604  -92.879  -14.295 0.0000000000
158651  9.357  -93.287  -14.918 0.0000000000
158652  9.104  -93.690  -15.535 0.0000000000
158653  8.223  -94.523  -15.004 0.0000000000
158654  8.534  -94.313  -15.577 0.0000000000
158655  8.844  -94.087  -16.146 0.0000000000
158656  8.578  -94.478  -16.751 0.0000000000
158657  8.305  -94.862  -17.350 0.0000000000
158658  8.026  -95.239  -17.942 0.0000000000
158659  7.433  -95.859  -17.966 0.0000000000
158660  6.835  -96.469  -17.982 0.0000000000
158661  6.232  -97.068  -17.990 0.0000000000
158662  6.218  -96.904  -16.840 0.0000000000
158663  5.924  -97.283  -17.419 0.0000000000
158664  5.624  -97.655  -17.992 0.0000000000
158665  5.011  -98.231  -17.987 0.0000000000
158666  4.395  -98.794  -17.973 0.0000000000
158667  3.775  -99.344  -17.953 0.0000000000
158668  4.978  -97.588  -14.516 0.0000000000
158669  4.687  -97.991  -15.101 0.0000000000
158670  4.390  -98.386  -15.679 0.0000000000
158671  3.471  -99.057  -15.077 0.0000000000
158672  3.780  -98.923  -15.666 0.0000000000
158673  4.088  -98.773  -16.251 0.0000000000
158674  3.781  -99.152  -16.816 0.0000000000
158675  3.469  -99.521  -17.373 0.0000000000
158676  3.152  -99.881  -17.923 0.0000000000
158677  2.527  -100.404  -17.886 0.0000000000
158678  1.899  -100.913  -17.839 0.0000000000
158679  1.270  -101.406  -17.784 0.0000000000
158680  1.294  -101.193  -16.667 0.0000000000
158681  0.969  -101.544  -17.198 0.0000000000
158686  2.481  -98.216  -9.728 0.0000000000
158687  2.196  -98.663  -10.321 0.0000000000
158688  1.907  -99.103  -10.908 0.0000000000
158689  0.993  -99.568  -10.270 0.0000000000
158690  1.303  -99.559  -10.881 0.0000000000
158691  1.613  -99.534  -11.488 0.0000000000
158692  1.315  -99.957  -12.062 0.0000000000
158693  1.012  -100.371  -12.629 0.0000000000
158694  0.705  -100.777  -13.189 0.0000000000
158703  0.395  -101.173  -13.742 0.0000000000
