#!ascii label  , from subject fsaverage vox2ras=TkReg
675
296  -14.592  -79.009  33.681 0.0000000000
564  -7.483  -76.259  32.466 0.0000000000
1249  -11.022  -77.818  33.135 0.0000000000
1250  -8.624  -80.806  27.566 0.0000000000
1251  -5.043  -79.151  26.924 0.0000000000
1685  -18.066  -79.553  33.864 0.0000000000
2332  -6.586  -71.727  37.255 0.0000000000
2333  -4.032  -74.554  31.886 0.0000000000
2334  -1.541  -77.367  26.560 0.0000000000
3766  -19.265  -77.852  36.221 0.0000000000
3767  -19.715  -79.494  33.747 0.0000000000
5183  -15.842  -77.436  36.271 0.0000000000
5184  -15.391  -75.437  38.704 0.0000000000
5185  -14.077  -76.952  36.111 0.0000000000
5186  -9.242  -77.068  32.800 0.0000000000
5187  -10.525  -75.611  35.561 0.0000000000
5188  -8.762  -74.820  35.225 0.0000000000
5190  -7.018  -73.989  34.888 0.0000000000
5191  -5.296  -73.137  34.569 0.0000000000
5192  -5.748  -75.417  32.155 0.0000000000
5194  -3.283  -78.266  26.701 0.0000000000
5196  -0.287  -78.731  23.943 0.0000000000
6854  -13.397  -80.587  31.014 0.0000000000
6855  -12.811  -78.477  33.439 0.0000000000
6856  -11.597  -80.009  30.706 0.0000000000
6857  -9.798  -79.311  30.361 0.0000000000
6858  -8.014  -78.533  30.014 0.0000000000
6859  -6.250  -77.703  29.695 0.0000000000
6860  -6.824  -80.002  27.220 0.0000000000
7770  -17.580  -77.750  36.317 0.0000000000
7771  -16.349  -79.379  33.832 0.0000000000
7772  -18.632  -81.252  31.413 0.0000000000
7773  -16.933  -81.239  31.401 0.0000000000
7774  -15.181  -81.007  31.257 0.0000000000
9551  -12.302  -76.333  35.866 0.0000000000
9559  -2.332  -73.684  31.668 0.0000000000
9560  -4.508  -76.843  29.422 0.0000000000
9561  -2.785  -75.967  29.211 0.0000000000
9562  -1.076  -75.084  29.069 0.0000000000
9563  0.190  -76.458  26.500 0.0000000000
12863  -15.210  -78.222  34.986 0.0000000000
12864  -14.962  -77.213  36.203 0.0000000000
12865  -14.326  -77.986  34.895 0.0000000000
12866  -8.360  -76.669  32.631 0.0000000000
12867  -8.994  -75.944  34.015 0.0000000000
12868  -8.116  -75.539  33.847 0.0000000000
12869  -7.887  -74.408  35.056 0.0000000000
12870  -7.244  -75.125  33.681 0.0000000000
12871  -6.378  -74.704  33.521 0.0000000000
12872  -6.613  -75.841  32.306 0.0000000000
15263  -12.821  -81.373  29.656 0.0000000000
15264  -12.498  -80.316  30.866 0.0000000000
15265  -11.916  -81.089  29.493 0.0000000000
15266  -9.530  -81.182  27.747 0.0000000000
15267  -10.107  -80.427  29.144 0.0000000000
15268  -9.206  -80.058  28.965 0.0000000000
15269  -8.904  -78.930  30.185 0.0000000000
15270  -8.308  -79.670  28.788 0.0000000000
15271  -7.415  -79.267  28.617 0.0000000000
15272  -7.721  -80.412  27.389 0.0000000000
17058  -18.658  -78.706  35.056 0.0000000000
17059  -18.431  -77.829  36.288 0.0000000000
17060  -17.815  -78.664  35.089 0.0000000000
17061  -16.957  -78.566  35.086 0.0000000000
17062  -17.214  -79.493  33.865 0.0000000000
17063  -19.761  -81.920  30.123 0.0000000000
17064  -19.452  -81.166  31.361 0.0000000000
17065  -18.950  -82.055  30.183 0.0000000000
17069  -16.062  -81.148  31.343 0.0000000000
17070  -15.510  -81.975  30.047 0.0000000000
17071  -14.620  -81.819  29.938 0.0000000000
21311  -14.506  -75.166  38.629 0.0000000000
21316  -11.916  -78.161  33.293 0.0000000000
21317  -12.548  -77.407  34.652 0.0000000000
21318  -11.656  -77.074  34.507 0.0000000000
21319  -10.297  -74.505  36.767 0.0000000000
21320  -11.182  -74.890  36.928 0.0000000000
21333  -4.661  -73.846  33.227 0.0000000000
21334  -4.443  -72.706  34.421 0.0000000000
21335  -3.809  -73.413  33.094 0.0000000000
21336  -2.962  -72.980  32.973 0.0000000000
21337  -3.180  -74.119  31.770 0.0000000000
21338  -5.644  -78.427  28.307 0.0000000000
21339  -5.377  -77.276  29.551 0.0000000000
21340  -4.767  -77.995  28.174 0.0000000000
21341  -2.410  -77.817  26.621 0.0000000000
21342  -3.027  -77.114  27.960 0.0000000000
21343  -2.164  -76.670  27.881 0.0000000000
21344  -1.929  -75.526  29.132 0.0000000000
21345  -1.303  -76.224  27.821 0.0000000000
21346  -0.445  -75.776  27.780 0.0000000000
21347  -0.674  -76.914  26.520 0.0000000000
21351  2.123  -78.414  22.718 0.0000000000
25211  -20.076  -77.811  36.112 0.0000000000
25212  -19.481  -78.688  34.984 0.0000000000
25213  -18.901  -79.555  33.826 0.0000000000
27761  -16.488  -76.650  37.534 0.0000000000
27762  -16.272  -75.670  38.751 0.0000000000
27763  -15.611  -76.442  37.491 0.0000000000
27764  -14.728  -76.194  37.419 0.0000000000
27765  -13.843  -75.911  37.324 0.0000000000
27766  -10.130  -77.452  32.969 0.0000000000
27767  -10.765  -76.716  34.349 0.0000000000
27768  -9.877  -76.337  34.184 0.0000000000
27769  -9.641  -75.221  35.395 0.0000000000
27770  -9.416  -74.106  36.600 0.0000000000
27772  -8.538  -73.696  36.427 0.0000000000
27773  -7.666  -73.278  36.254 0.0000000000
27774  -6.799  -72.855  36.082 0.0000000000
27775  -5.938  -72.429  35.912 0.0000000000
27776  -6.154  -73.565  34.726 0.0000000000
27777  -5.517  -74.277  33.370 0.0000000000
27778  -4.888  -74.987  32.015 0.0000000000
27779  -4.446  -79.869  25.547 0.0000000000
27780  -4.160  -78.712  26.803 0.0000000000
27781  -3.557  -79.423  25.439 0.0000000000
27782  -2.672  -78.970  25.353 0.0000000000
27783  -1.792  -78.513  25.289 0.0000000000
27784  -0.915  -78.055  25.247 0.0000000000
31352  -13.987  -79.798  32.357 0.0000000000
31353  -13.703  -78.761  33.569 0.0000000000
31354  -13.094  -79.539  32.226 0.0000000000
31355  -12.197  -79.244  32.079 0.0000000000
31356  -11.299  -78.917  31.920 0.0000000000
31357  -11.011  -80.772  29.321 0.0000000000
31358  -10.696  -79.673  30.536 0.0000000000
31359  -10.403  -78.565  31.752 0.0000000000
31360  -9.510  -78.190  31.580 0.0000000000
31361  -8.622  -77.799  31.409 0.0000000000
31362  -7.739  -77.395  31.243 0.0000000000
31363  -6.863  -76.980  31.082 0.0000000000
31364  -7.129  -78.123  29.850 0.0000000000
31365  -6.527  -78.852  28.456 0.0000000000
31366  -5.931  -79.581  27.064 0.0000000000
31368  -6.238  -80.736  25.825 0.0000000000
31369  -5.340  -80.307  25.676 0.0000000000
33704  -19.060  -76.988  37.457 0.0000000000
33705  -18.217  -76.928  37.520 0.0000000000
33706  -17.358  -76.814  37.544 0.0000000000
33707  -16.716  -77.617  36.310 0.0000000000
33708  -16.088  -78.417  35.051 0.0000000000
33709  -15.474  -79.216  33.770 0.0000000000
33711  -19.165  -80.376  32.595 0.0000000000
33712  -18.337  -80.417  32.640 0.0000000000
33714  -17.791  -81.275  31.425 0.0000000000
33715  -17.491  -80.397  32.646 0.0000000000
33716  -16.630  -80.321  32.617 0.0000000000
33717  -15.757  -80.193  32.556 0.0000000000
33718  -14.876  -80.017  32.468 0.0000000000
33719  -14.292  -80.819  31.146 0.0000000000
38891  -13.438  -77.713  34.783 0.0000000000
38892  -13.190  -76.657  35.997 0.0000000000
38893  -12.956  -75.597  37.209 0.0000000000
38894  -11.412  -75.983  35.719 0.0000000000
38895  -12.069  -75.255  37.076 0.0000000000
38912  -5.083  -72.001  35.749 0.0000000000
38915  -2.752  -71.846  34.155 0.0000000000
38916  -2.119  -72.549  32.866 0.0000000000
38918  -5.992  -76.558  30.929 0.0000000000
38919  -5.126  -76.130  30.788 0.0000000000
38920  -4.265  -75.697  30.661 0.0000000000
38921  -3.894  -77.557  28.058 0.0000000000
38922  -3.645  -76.407  29.308 0.0000000000
38923  -3.408  -75.261  30.547 0.0000000000
38924  -2.554  -74.824  30.449 0.0000000000
38925  -1.705  -74.386  30.366 0.0000000000
38928  0.410  -75.324  27.758 0.0000000000
38929  1.052  -75.996  26.500 0.0000000000
38932  1.699  -76.654  25.251 0.0000000000
38934  3.008  -77.912  22.786 0.0000000000
43583  -14.899  -78.615  34.336 0.0000000000
43584  -14.769  -78.108  34.944 0.0000000000
43585  -14.457  -78.499  34.288 0.0000000000
43586  -7.921  -76.465  32.548 0.0000000000
43587  -8.236  -76.104  33.240 0.0000000000
43588  -7.798  -75.899  33.157 0.0000000000
43589  -7.680  -75.333  33.763 0.0000000000
43590  -7.362  -75.692  33.075 0.0000000000
43591  -6.927  -75.483  32.994 0.0000000000
43592  -7.047  -76.051  32.385 0.0000000000
45984  -12.369  -81.236  29.576 0.0000000000
45985  -12.084  -81.624  28.888 0.0000000000
45986  -9.076  -80.996  27.656 0.0000000000
45987  -9.365  -80.621  28.356 0.0000000000
45988  -8.914  -80.432  28.266 0.0000000000
45989  -8.757  -79.866  28.876 0.0000000000
45990  -8.463  -80.239  28.176 0.0000000000
45991  -8.014  -80.041  28.088 0.0000000000
45992  -8.172  -80.611  27.476 0.0000000000
47778  -18.360  -79.130  34.464 0.0000000000
47779  -18.238  -78.692  35.078 0.0000000000
47780  -17.938  -79.112  34.476 0.0000000000
47781  -17.512  -79.079  34.480 0.0000000000
47782  -17.642  -79.530  33.869 0.0000000000
47783  -19.523  -82.371  29.540 0.0000000000
47784  -19.359  -81.996  30.158 0.0000000000
47789  -15.953  -82.034  30.092 0.0000000000
52031  -14.063  -75.019  38.583 0.0000000000
52036  -11.469  -77.993  33.215 0.0000000000
52037  -11.784  -77.618  33.900 0.0000000000
52038  -11.337  -77.446  33.822 0.0000000000
52046  -7.018  -71.941  37.344 0.0000000000
52053  -4.346  -74.200  32.556 0.0000000000
52054  -4.234  -73.630  33.159 0.0000000000
52055  -3.919  -73.983  32.493 0.0000000000
52056  -3.494  -73.766  32.432 0.0000000000
52057  -3.606  -74.337  31.826 0.0000000000
52058  -5.343  -78.789  27.615 0.0000000000
52059  -5.205  -78.212  28.239 0.0000000000
52060  -4.902  -78.573  27.549 0.0000000000
52061  -1.975  -77.592  26.588 0.0000000000
52062  -2.285  -77.243  27.252 0.0000000000
52063  -1.852  -77.019  27.220 0.0000000000
52064  -1.733  -76.447  27.849 0.0000000000
52065  -1.420  -76.795  27.192 0.0000000000
52066  -0.989  -76.570  27.169 0.0000000000
52067  -1.107  -77.141  26.537 0.0000000000
57380  -19.596  -79.095  34.365 0.0000000000
57381  -19.189  -79.123  34.408 0.0000000000
57382  -19.311  -79.533  33.792 0.0000000000
61628  -16.164  -77.043  36.906 0.0000000000
61629  -16.050  -76.551  37.516 0.0000000000
61630  -15.725  -76.940  36.881 0.0000000000
61631  -14.520  -77.087  36.160 0.0000000000
61632  -14.843  -76.704  36.812 0.0000000000
61633  -14.401  -76.573  36.768 0.0000000000
61634  -14.285  -76.056  37.375 0.0000000000
61635  -13.958  -76.432  36.718 0.0000000000
61636  -9.686  -77.262  32.884 0.0000000000
61637  -10.001  -76.895  33.577 0.0000000000
61638  -9.558  -76.702  33.493 0.0000000000
61639  -8.876  -75.382  34.621 0.0000000000
61640  -9.316  -75.582  34.706 0.0000000000
61641  -9.201  -75.022  35.311 0.0000000000
61642  -9.527  -74.663  35.999 0.0000000000
61643  -9.088  -74.462  35.914 0.0000000000
61644  -8.976  -73.902  36.514 0.0000000000
61645  -8.649  -74.258  35.828 0.0000000000
61646  -7.452  -74.200  34.972 0.0000000000
61647  -7.776  -73.843  35.657 0.0000000000
61648  -7.341  -73.633  35.572 0.0000000000
61649  -7.232  -73.067  36.168 0.0000000000
61650  -6.908  -73.422  35.487 0.0000000000
61651  -6.476  -73.210  35.404 0.0000000000
61652  -6.585  -73.778  34.806 0.0000000000
61653  -6.062  -75.061  32.838 0.0000000000
61654  -5.947  -74.491  33.444 0.0000000000
61655  -5.631  -74.847  32.764 0.0000000000
61656  -5.202  -74.633  32.692 0.0000000000
61657  -5.318  -75.203  32.083 0.0000000000
61659  -4.001  -79.647  25.490 0.0000000000
61664  -2.232  -78.742  25.318 0.0000000000
68828  -13.690  -80.193  31.688 0.0000000000
68829  -13.541  -79.673  32.294 0.0000000000
68830  -13.243  -80.065  31.620 0.0000000000
68831  -12.047  -80.167  30.787 0.0000000000
68832  -12.345  -79.781  31.472 0.0000000000
68833  -11.895  -79.627  31.394 0.0000000000
68834  -11.748  -79.084  32.001 0.0000000000
68835  -11.445  -79.465  31.313 0.0000000000
68838  -10.723  -81.153  28.626 0.0000000000
68839  -9.950  -79.870  29.752 0.0000000000
68840  -10.400  -80.050  29.841 0.0000000000
68841  -10.247  -79.495  30.449 0.0000000000
68842  -10.547  -79.119  31.144 0.0000000000
68843  -10.099  -78.938  31.057 0.0000000000
68844  -9.956  -78.380  31.666 0.0000000000
68845  -9.651  -78.751  30.970 0.0000000000
68846  -8.458  -78.733  30.099 0.0000000000
68847  -8.760  -78.365  30.797 0.0000000000
68848  -8.317  -78.166  30.712 0.0000000000
68849  -8.180  -77.599  31.325 0.0000000000
68850  -7.874  -77.964  30.628 0.0000000000
68851  -7.433  -77.759  30.547 0.0000000000
68852  -7.571  -78.329  29.931 0.0000000000
68853  -7.119  -79.635  27.919 0.0000000000
68854  -6.971  -79.061  28.535 0.0000000000
68855  -6.673  -79.427  27.838 0.0000000000
68856  -6.228  -79.217  27.760 0.0000000000
68857  -6.377  -79.793  27.141 0.0000000000
68864  -5.789  -80.523  25.748 0.0000000000
74213  -19.573  -77.421  36.791 0.0000000000
74214  -19.474  -76.995  37.410 0.0000000000
74215  -19.161  -77.423  36.839 0.0000000000
74216  -18.007  -77.796  36.307 0.0000000000
74217  -18.323  -77.382  36.904 0.0000000000
74218  -17.897  -77.340  36.922 0.0000000000
74219  -17.790  -76.878  37.536 0.0000000000
74220  -17.468  -77.284  36.931 0.0000000000
74221  -17.035  -77.216  36.931 0.0000000000
74222  -17.149  -77.689  36.318 0.0000000000
74223  -16.651  -78.973  34.462 0.0000000000
74224  -16.523  -78.497  35.072 0.0000000000
74225  -16.216  -78.900  34.441 0.0000000000
74226  -15.779  -78.816  34.413 0.0000000000
74227  -15.913  -79.304  33.805 0.0000000000
74231  -19.045  -81.217  31.392 0.0000000000
74232  -19.305  -80.775  31.979 0.0000000000
74233  -18.896  -80.815  32.008 0.0000000000
74234  -18.754  -80.404  32.623 0.0000000000
74235  -18.482  -80.838  32.027 0.0000000000
74239  -17.094  -81.688  30.792 0.0000000000
74240  -17.524  -81.703  30.807 0.0000000000
74241  -17.364  -81.264  31.417 0.0000000000
74242  -17.638  -80.839  32.036 0.0000000000
74243  -17.210  -80.818  32.027 0.0000000000
74244  -17.062  -80.365  32.635 0.0000000000
74245  -16.779  -80.783  32.009 0.0000000000
74246  -15.623  -81.084  31.303 0.0000000000
74247  -15.907  -80.673  31.950 0.0000000000
74248  -15.467  -80.600  31.909 0.0000000000
74249  -15.318  -80.111  32.515 0.0000000000
74250  -15.026  -80.515  31.862 0.0000000000
74251  -14.582  -80.418  31.809 0.0000000000
74252  -14.738  -80.919  31.204 0.0000000000
74254  -14.172  -81.724  29.874 0.0000000000
74256  -13.443  -82.015  29.130 0.0000000000
86971  -15.832  -75.558  38.731 0.0000000000
86986  -13.257  -78.623  33.506 0.0000000000
86987  -13.568  -78.238  34.176 0.0000000000
86988  -13.123  -78.094  34.113 0.0000000000
86989  -12.423  -76.871  35.259 0.0000000000
86990  -12.868  -77.032  35.327 0.0000000000
86991  -12.746  -76.499  35.933 0.0000000000
86992  -13.072  -76.128  36.604 0.0000000000
86993  -12.628  -75.964  36.540 0.0000000000
86994  -10.643  -76.163  34.956 0.0000000000
86995  -11.087  -76.349  35.036 0.0000000000
86996  -10.968  -75.799  35.642 0.0000000000
86998  -11.625  -75.075  37.003 0.0000000000
86999  -11.956  -74.715  37.678 0.0000000000
87038  -5.616  -72.782  35.241 0.0000000000
87039  -5.510  -72.215  35.830 0.0000000000
87040  -5.188  -72.568  35.162 0.0000000000
87041  -4.018  -72.491  34.350 0.0000000000
87042  -4.337  -72.138  35.010 0.0000000000
87043  -3.913  -71.923  34.938 0.0000000000
87048  -2.647  -73.332  32.320 0.0000000000
87049  -2.540  -72.764  32.918 0.0000000000
87050  -2.225  -73.116  32.270 0.0000000000
87052  -1.910  -73.467  31.622 0.0000000000
87053  -6.556  -77.341  30.388 0.0000000000
87054  -6.426  -76.770  31.004 0.0000000000
87055  -6.119  -77.130  30.313 0.0000000000
87056  -4.942  -77.060  29.485 0.0000000000
87057  -5.250  -76.702  30.171 0.0000000000
87058  -4.817  -76.486  30.105 0.0000000000
87059  -4.695  -75.914  30.723 0.0000000000
87060  -4.385  -76.270  30.043 0.0000000000
87061  -3.721  -78.490  26.750 0.0000000000
87062  -4.025  -78.134  27.431 0.0000000000
87063  -3.588  -77.912  27.379 0.0000000000
87064  -2.905  -76.540  28.587 0.0000000000
87065  -3.336  -76.761  28.634 0.0000000000
87066  -3.215  -76.187  29.258 0.0000000000
87067  -3.525  -75.833  29.929 0.0000000000
87068  -3.096  -75.615  29.879 0.0000000000
87069  -2.980  -75.043  30.496 0.0000000000
87070  -2.669  -75.395  29.832 0.0000000000
87071  -1.502  -75.305  29.098 0.0000000000
87072  -1.816  -74.956  29.751 0.0000000000
87073  -1.391  -74.736  29.717 0.0000000000
87074  -1.281  -74.167  30.331 0.0000000000
87075  -0.966  -74.515  29.687 0.0000000000
87076  -0.542  -74.294  29.662 0.0000000000
87078  -0.128  -76.118  27.139 0.0000000000
87079  -0.017  -75.550  27.767 0.0000000000
87080  0.302  -75.891  27.131 0.0000000000
87081  0.730  -75.662  27.128 0.0000000000
87082  0.621  -76.228  26.497 0.0000000000
87086  1.035  -78.020  23.952 0.0000000000
87087  0.715  -77.692  24.587 0.0000000000
87088  1.152  -77.455  24.596 0.0000000000
87092  1.913  -77.537  23.987 0.0000000000
87094  2.566  -78.164  22.749 0.0000000000
94333  -20.112  -79.439  33.691 0.0000000000
96881  -15.524  -77.829  35.631 0.0000000000
96882  -15.403  -77.329  36.241 0.0000000000
96883  -15.084  -77.719  35.595 0.0000000000
96884  -14.642  -77.599  35.552 0.0000000000
96885  -14.200  -77.470  35.503 0.0000000000
96886  -8.801  -76.870  32.715 0.0000000000
96887  -9.116  -76.506  33.408 0.0000000000
96888  -8.675  -76.306  33.324 0.0000000000
96889  -8.555  -75.743  33.931 0.0000000000
96890  -8.438  -75.179  34.536 0.0000000000
96891  -8.324  -74.615  35.140 0.0000000000
96892  -8.000  -74.974  34.452 0.0000000000
96893  -7.564  -74.767  34.369 0.0000000000
96894  -7.130  -74.557  34.286 0.0000000000
96895  -6.697  -74.347  34.205 0.0000000000
96896  -6.810  -74.915  33.600 0.0000000000
96897  -6.494  -75.273  32.915 0.0000000000
96898  -6.180  -75.630  32.229 0.0000000000
101201  -13.107  -80.980  30.337 0.0000000000
101202  -12.948  -80.456  30.942 0.0000000000
101203  -12.656  -80.846  30.261 0.0000000000
101204  -12.205  -80.703  30.181 0.0000000000
101205  -11.754  -80.551  30.099 0.0000000000
101208  -9.817  -80.804  28.446 0.0000000000
101209  -9.656  -80.245  29.054 0.0000000000
101210  -9.501  -79.684  29.663 0.0000000000
101211  -9.350  -79.123  30.273 0.0000000000
101212  -9.052  -79.494  29.574 0.0000000000
101213  -8.605  -79.300  29.487 0.0000000000
101214  -8.159  -79.102  29.400 0.0000000000
101215  -7.714  -78.900  29.316 0.0000000000
101216  -7.861  -79.471  28.701 0.0000000000
101217  -7.566  -79.840  28.002 0.0000000000
101218  -7.272  -80.209  27.303 0.0000000000
104432  -18.960  -78.280  35.642 0.0000000000
104433  -18.850  -77.848  36.260 0.0000000000
104434  -18.543  -78.271  35.672 0.0000000000
104435  -18.121  -78.247  35.692 0.0000000000
104436  -17.695  -78.210  35.703 0.0000000000
104437  -17.266  -78.158  35.705 0.0000000000
104438  -17.387  -78.621  35.092 0.0000000000
104439  -17.083  -79.032  34.475 0.0000000000
104440  -16.783  -79.442  33.853 0.0000000000
104444  -19.199  -81.611  30.776 0.0000000000
104445  -18.788  -81.658  30.798 0.0000000000
104450  -16.661  -81.660  30.768 0.0000000000
104451  -16.499  -81.200  31.376 0.0000000000
104452  -16.224  -81.617  30.737 0.0000000000
104455  -14.899  -81.414  30.600 0.0000000000
104456  -15.066  -81.903  29.995 0.0000000000
112087  -14.949  -75.306  38.669 0.0000000000
112096  -12.364  -78.323  33.368 0.0000000000
112097  -12.677  -77.943  34.046 0.0000000000
112098  -12.230  -77.784  33.974 0.0000000000
112099  -12.102  -77.244  34.581 0.0000000000
112100  -11.978  -76.703  35.188 0.0000000000
112101  -10.410  -75.058  36.165 0.0000000000
112102  -10.852  -75.249  36.246 0.0000000000
112103  -10.739  -74.699  36.849 0.0000000000
112127  -4.977  -73.492  33.898 0.0000000000
112128  -4.869  -72.922  34.494 0.0000000000
112129  -4.551  -73.276  33.826 0.0000000000
112130  -4.125  -73.060  33.757 0.0000000000
112131  -3.701  -72.844  33.691 0.0000000000
112132  -3.278  -72.628  33.627 0.0000000000
112133  -3.385  -73.197  33.032 0.0000000000
112134  -3.070  -73.549  32.374 0.0000000000
112135  -2.756  -73.902  31.717 0.0000000000
112136  -5.947  -78.065  29.001 0.0000000000
112137  -5.813  -77.490  29.621 0.0000000000
112138  -5.508  -77.851  28.930 0.0000000000
112139  -5.071  -77.636  28.862 0.0000000000
112140  -4.635  -77.419  28.799 0.0000000000
112141  -2.846  -78.042  26.658 0.0000000000
112142  -3.153  -77.690  27.332 0.0000000000
112143  -2.719  -77.467  27.289 0.0000000000
112144  -2.595  -76.892  27.919 0.0000000000
112145  -2.474  -76.319  28.545 0.0000000000
112146  -2.357  -75.747  29.169 0.0000000000
112147  -2.045  -76.098  28.508 0.0000000000
112148  -1.616  -75.876  28.475 0.0000000000
112149  -1.188  -75.654  28.447 0.0000000000
112150  -0.761  -75.431  28.424 0.0000000000
112151  -0.874  -76.000  27.798 0.0000000000
112152  -0.558  -76.345  27.152 0.0000000000
112153  -0.241  -76.686  26.507 0.0000000000
112154  0.028  -79.064  23.295 0.0000000000
112155  0.155  -78.495  23.940 0.0000000000
112156  0.472  -78.825  23.298 0.0000000000
112157  0.915  -78.585  23.306 0.0000000000
112159  1.798  -78.099  23.341 0.0000000000
117762  -8.790  -81.372  26.955 0.0000000000
117763  -8.336  -81.180  26.865 0.0000000000
120265  -19.673  -77.839  36.172 0.0000000000
120268  -19.371  -78.273  35.602 0.0000000000
120269  -19.072  -78.705  35.025 0.0000000000
120270  -18.777  -79.134  34.441 0.0000000000
120271  -18.486  -79.562  33.850 0.0000000000
126182  1.587  -75.201  27.139 0.0000000000
126215  -16.816  -76.256  38.154 0.0000000000
126217  -16.379  -76.161  38.143 0.0000000000
126218  -15.940  -76.056  38.124 0.0000000000
126219  -15.499  -75.940  38.098 0.0000000000
126220  -15.285  -76.827  36.850 0.0000000000
126221  -15.170  -76.322  37.458 0.0000000000
126222  -15.058  -75.815  38.065 0.0000000000
126223  -14.615  -75.681  38.025 0.0000000000
126224  -14.173  -75.538  37.980 0.0000000000
126225  -13.730  -75.388  37.929 0.0000000000
126226  -10.576  -77.638  33.053 0.0000000000
126227  -10.891  -77.267  33.742 0.0000000000
126228  -10.446  -77.083  33.660 0.0000000000
126229  -10.321  -76.529  34.267 0.0000000000
126230  -10.200  -75.973  34.873 0.0000000000
126231  -9.435  -76.142  34.100 0.0000000000
126232  -9.757  -75.780  34.790 0.0000000000
126233  -10.082  -75.418  35.479 0.0000000000
126234  -9.968  -74.862  36.083 0.0000000000
126235  -9.856  -74.307  36.684 0.0000000000
126238  -9.305  -73.549  37.197 0.0000000000
126241  -8.212  -74.051  35.742 0.0000000000
126242  -8.102  -73.488  36.341 0.0000000000
126243  -7.993  -72.926  36.935 0.0000000000
126244  -7.558  -72.715  36.847 0.0000000000
126245  -7.124  -72.503  36.759 0.0000000000
126246  -6.692  -72.290  36.671 0.0000000000
126247  -6.262  -72.077  36.584 0.0000000000
126248  -6.368  -72.642  35.996 0.0000000000
126249  -6.045  -72.996  35.322 0.0000000000
126250  -5.724  -73.352  34.647 0.0000000000
126251  -6.265  -74.135  34.125 0.0000000000
126252  -5.835  -73.921  34.047 0.0000000000
126253  -5.405  -73.707  33.972 0.0000000000
126254  -5.088  -74.062  33.297 0.0000000000
126255  -4.773  -74.417  32.623 0.0000000000
126256  -4.460  -74.771  31.949 0.0000000000
126257  -4.744  -79.511  26.235 0.0000000000
126258  -4.601  -78.932  26.861 0.0000000000
126259  -4.301  -79.290  26.175 0.0000000000
126260  -3.859  -79.068  26.120 0.0000000000
126261  -3.418  -78.844  26.070 0.0000000000
126263  -3.114  -79.197  25.393 0.0000000000
126264  -2.978  -78.619  26.026 0.0000000000
126265  -2.539  -78.393  25.987 0.0000000000
126266  -2.101  -78.167  25.954 0.0000000000
126267  -1.664  -77.940  25.926 0.0000000000
126268  -1.228  -77.712  25.903 0.0000000000
126269  -1.353  -78.284  25.265 0.0000000000
126271  -0.729  -78.966  23.951 0.0000000000
135566  -14.288  -79.403  33.021 0.0000000000
135567  -14.148  -78.890  33.628 0.0000000000
135568  -13.843  -79.281  32.963 0.0000000000
135569  -13.397  -79.150  32.900 0.0000000000
135570  -12.950  -79.009  32.832 0.0000000000
135571  -12.794  -79.928  31.548 0.0000000000
135572  -12.645  -79.395  32.154 0.0000000000
135573  -12.502  -78.860  32.761 0.0000000000
135574  -12.054  -78.703  32.686 0.0000000000
135575  -11.606  -78.539  32.608 0.0000000000
135576  -11.158  -78.368  32.527 0.0000000000
135578  -11.464  -80.935  29.408 0.0000000000
135579  -11.302  -80.391  30.015 0.0000000000
135580  -10.559  -80.603  29.233 0.0000000000
135581  -10.851  -80.224  29.928 0.0000000000
135582  -11.146  -79.844  30.622 0.0000000000
135583  -10.996  -79.295  31.229 0.0000000000
135584  -10.850  -78.744  31.837 0.0000000000
135585  -10.710  -78.191  32.445 0.0000000000
135586  -10.264  -78.009  32.361 0.0000000000
135587  -9.818  -77.821  32.276 0.0000000000
135588  -9.374  -77.629  32.190 0.0000000000
135589  -9.205  -78.560  30.883 0.0000000000
135590  -9.065  -77.997  31.494 0.0000000000
135591  -8.930  -77.433  32.105 0.0000000000
135592  -8.489  -77.234  32.021 0.0000000000
135593  -8.048  -77.032  31.938 0.0000000000
135594  -7.609  -76.827  31.855 0.0000000000
135595  -7.172  -76.620  31.774 0.0000000000
135596  -7.300  -77.189  31.161 0.0000000000
135597  -6.994  -77.551  30.466 0.0000000000
135598  -6.689  -77.914  29.771 0.0000000000
135599  -7.270  -78.695  29.233 0.0000000000
135600  -6.827  -78.487  29.153 0.0000000000
135601  -6.386  -78.277  29.075 0.0000000000
135602  -6.085  -78.641  28.380 0.0000000000
135603  -5.785  -79.004  27.685 0.0000000000
135604  -5.486  -79.367  26.992 0.0000000000
135605  -7.883  -80.983  26.776 0.0000000000
135606  -7.431  -80.782  26.689 0.0000000000
135607  -6.980  -80.577  26.604 0.0000000000
135609  -6.689  -80.945  25.905 0.0000000000
135610  -6.530  -80.369  26.522 0.0000000000
135611  -6.082  -80.158  26.444 0.0000000000
135612  -5.635  -79.945  26.370 0.0000000000
135613  -5.189  -79.729  26.300 0.0000000000
135614  -4.892  -80.089  25.609 0.0000000000
142224  -17.914  -75.539  39.358 0.0000000000
142229  -18.744  -77.410  36.877 0.0000000000
142230  -18.641  -76.965  37.493 0.0000000000
142231  -18.540  -76.515  38.109 0.0000000000
142232  -18.114  -76.470  38.134 0.0000000000
142234  -17.252  -76.339  38.156 0.0000000000
142235  -16.925  -76.738  37.543 0.0000000000
142236  -16.601  -77.135  36.922 0.0000000000
142237  -16.280  -77.532  36.295 0.0000000000
142238  -16.834  -78.094  35.698 0.0000000000
142239  -16.400  -78.017  35.683 0.0000000000
142240  -15.963  -77.928  35.661 0.0000000000
142241  -15.650  -78.325  35.022 0.0000000000
142242  -15.340  -78.721  34.377 0.0000000000
142243  -15.034  -79.118  33.728 0.0000000000
142247  -19.708  -80.718  31.939 0.0000000000
142249  -19.438  -79.936  33.175 0.0000000000
142250  -19.030  -79.969  33.211 0.0000000000
142251  -18.617  -79.987  33.236 0.0000000000
142252  -18.199  -79.988  33.252 0.0000000000
142253  -18.704  -82.497  29.582 0.0000000000
142254  -18.535  -82.097  30.197 0.0000000000
142255  -18.372  -81.688  30.811 0.0000000000
142257  -17.950  -81.703  30.813 0.0000000000
142258  -18.214  -81.271  31.424 0.0000000000
142259  -18.062  -80.846  32.036 0.0000000000
142260  -17.916  -80.414  32.647 0.0000000000
142261  -17.776  -79.975  33.258 0.0000000000
142262  -17.350  -79.948  33.255 0.0000000000
142263  -16.920  -79.907  33.244 0.0000000000
142264  -16.487  -79.853  33.224 0.0000000000
142265  -16.344  -80.734  31.983 0.0000000000
142266  -16.195  -80.263  32.590 0.0000000000
142267  -16.051  -79.786  33.197 0.0000000000
142268  -15.613  -79.707  33.163 0.0000000000
142269  -15.173  -79.617  33.121 0.0000000000
142270  -14.731  -79.515  33.074 0.0000000000
142271  -14.432  -79.913  32.415 0.0000000000
142272  -14.137  -80.311  31.751 0.0000000000
142273  -13.845  -80.708  31.083 0.0000000000
142274  -14.453  -81.322  30.542 0.0000000000
142275  -14.006  -81.219  30.478 0.0000000000
142276  -13.557  -81.105  30.410 0.0000000000
142277  -13.272  -81.500  29.733 0.0000000000
142278  -12.990  -81.895  29.052 0.0000000000
157631  -14.013  -78.373  34.235 0.0000000000
157632  -13.883  -77.853  34.842 0.0000000000
157633  -13.756  -77.332  35.449 0.0000000000
157634  -12.993  -77.564  34.720 0.0000000000
157635  -13.312  -77.186  35.390 0.0000000000
157636  -13.634  -76.808  36.056 0.0000000000
157637  -13.515  -76.284  36.663 0.0000000000
157638  -13.399  -75.757  37.269 0.0000000000
157639  -13.287  -75.230  37.873 0.0000000000
157640  -11.210  -76.897  34.429 0.0000000000
157641  -11.532  -76.529  35.113 0.0000000000
157642  -11.857  -76.161  35.794 0.0000000000
157643  -11.296  -75.436  36.324 0.0000000000
157644  -11.740  -75.618  36.400 0.0000000000
157645  -12.184  -75.795  36.472 0.0000000000
157646  -12.513  -75.429  37.144 0.0000000000
157647  -12.843  -75.065  37.812 0.0000000000
157694  -5.832  -71.863  36.498 0.0000000000
157695  -5.405  -71.649  36.414 0.0000000000
157697  -4.762  -72.353  35.085 0.0000000000
157698  -4.657  -71.786  35.671 0.0000000000
157706  -2.856  -72.412  33.567 0.0000000000
157709  -1.700  -72.333  32.817 0.0000000000
157712  -6.736  -76.410  31.695 0.0000000000
157713  -6.301  -76.199  31.618 0.0000000000
157714  -5.868  -75.987  31.543 0.0000000000
157715  -5.684  -76.917  30.240 0.0000000000
157716  -5.558  -76.344  30.857 0.0000000000
157717  -5.436  -75.773  31.472 0.0000000000
157718  -5.006  -75.558  31.403 0.0000000000
157719  -4.576  -75.342  31.337 0.0000000000
157720  -4.147  -75.125  31.275 0.0000000000
157721  -4.463  -78.354  27.488 0.0000000000
157722  -4.330  -77.777  28.114 0.0000000000
157723  -4.201  -77.200  28.739 0.0000000000
157724  -3.460  -77.336  28.007 0.0000000000
157725  -3.768  -76.981  28.684 0.0000000000
157726  -4.076  -76.625  29.363 0.0000000000
157727  -3.955  -76.052  29.984 0.0000000000
157728  -3.836  -75.480  30.602 0.0000000000
157729  -3.720  -74.908  31.216 0.0000000000
157730  -3.293  -74.690  31.161 0.0000000000
157731  -2.867  -74.472  31.109 0.0000000000
157732  -2.442  -74.254  31.061 0.0000000000
157733  -2.242  -75.176  29.790 0.0000000000
157734  -2.129  -74.605  30.405 0.0000000000
157735  -2.018  -74.035  31.017 0.0000000000
157736  -1.596  -73.817  30.976 0.0000000000
157742  -0.334  -75.207  28.405 0.0000000000
157743  0.092  -74.983  28.391 0.0000000000
157746  1.159  -75.432  27.131 0.0000000000
157748  -0.793  -77.484  25.885 0.0000000000
157749  -0.358  -77.255  25.872 0.0000000000
157750  0.076  -77.025  25.865 0.0000000000
157753  0.510  -76.794  25.863 0.0000000000
157754  0.942  -76.561  25.866 0.0000000000
157756  1.806  -76.091  25.889 0.0000000000
157760  2.239  -77.853  23.366 0.0000000000
