#!ascii label  , from subject fsaverage vox2ras=TkReg
831
0  -36.806  -18.293  64.462 0.0000000000
165  -34.907  -24.476  50.476 0.0000000000
166  -32.514  -19.137  46.962 0.0000000000
167  -28.408  -23.290  56.404 0.0000000000
645  -36.441  -22.245  56.242 0.0000000000
646  -36.929  -19.071  54.695 0.0000000000
647  -33.052  -22.067  60.383 0.0000000000
648  -31.951  -23.866  54.197 0.0000000000
650  -31.453  -21.785  64.552 0.0000000000
1442  -39.059  -12.053  52.316 0.0000000000
1449  -34.819  -21.649  49.366 0.0000000000
1450  -35.077  -15.984  52.081 0.0000000000
1453  -27.654  -25.482  50.067 0.0000000000
1457  -28.943  -20.810  67.965 0.0000000000
2562  -39.262  -16.791  60.711 0.0000000000
2565  -37.029  -20.783  58.935 0.0000000000
2566  -38.081  -19.157  58.386 0.0000000000
2567  -34.849  -21.012  61.383 0.0000000000
2568  -34.781  -22.147  58.411 0.0000000000
2570  -34.342  -20.508  64.108 0.0000000000
3362  -39.080  -12.120  54.662 0.0000000000
3371  -35.018  -24.616  47.228 0.0000000000
3372  -35.561  -23.300  49.674 0.0000000000
3373  -37.631  -15.831  56.405 0.0000000000
3374  -35.943  -17.394  53.725 0.0000000000
3375  -36.883  -14.374  54.732 0.0000000000
3376  -36.672  -13.633  52.512 0.0000000000
3379  -27.943  -24.021  53.044 0.0000000000
3380  -33.556  -24.329  52.433 0.0000000000
3381  -31.187  -24.943  50.770 0.0000000000
3382  -32.757  -25.407  49.317 0.0000000000
3386  -30.564  -18.508  68.590 0.0000000000
3387  -29.989  -22.699  60.611 0.0000000000
3388  -28.906  -22.461  62.456 0.0000000000
5767  -35.703  -23.437  53.501 0.0000000000
5768  -36.388  -22.152  52.495 0.0000000000
5769  -37.282  -20.745  55.714 0.0000000000
5770  -38.098  -17.383  57.461 0.0000000000
5771  -30.809  -22.780  58.643 0.0000000000
5772  -30.116  -23.486  55.329 0.0000000000
5773  -32.595  -22.978  57.259 0.0000000000
5774  -34.231  -23.412  55.383 0.0000000000
5776  -32.206  -19.471  67.531 0.0000000000
5777  -33.493  -20.117  66.097 0.0000000000
5778  -32.337  -21.919  62.607 0.0000000000
6142  -32.052  -18.250  44.786 0.0000000000
7216  -34.426  -23.224  46.848 0.0000000000
7217  -33.553  -20.271  48.659 0.0000000000
7218  -35.773  -20.392  51.902 0.0000000000
7219  -34.566  -18.806  50.915 0.0000000000
7220  -33.744  -17.483  49.462 0.0000000000
7228  -29.611  -24.425  52.026 0.0000000000
7237  -26.700  -22.025  66.010 0.0000000000
7238  -30.217  -21.352  66.377 0.0000000000
7239  -27.745  -22.157  64.248 0.0000000000
10242  -39.128  -17.044  60.946 0.0000000000
10244  -38.445  -15.246  63.166 0.0000000000
10245  -37.243  -20.394  59.653 0.0000000000
10246  -38.159  -19.079  59.423 0.0000000000
10247  -35.405  -20.706  61.635 0.0000000000
10248  -35.658  -21.509  59.649 0.0000000000
10249  -36.719  -18.259  64.563 0.0000000000
10250  -35.418  -20.264  63.693 0.0000000000
11050  -34.460  -25.059  49.047 0.0000000000
11051  -35.014  -24.588  48.762 0.0000000000
11052  -35.429  -24.113  49.967 0.0000000000
11053  -38.410  -14.197  56.870 0.0000000000
11054  -37.226  -15.057  55.752 0.0000000000
11055  -38.055  -13.546  55.863 0.0000000000
11056  -37.876  -13.178  54.851 0.0000000000
11059  -28.009  -23.688  54.551 0.0000000000
11060  -34.295  -24.532  51.483 0.0000000000
11061  -33.204  -24.748  51.053 0.0000000000
11062  -33.859  -25.013  49.878 0.0000000000
11063  -33.487  -25.705  48.395 0.0000000000
11067  -29.171  -22.998  58.460 0.0000000000
11068  -28.595  -22.945  59.389 0.0000000000
11673  -32.565  -20.559  46.702 0.0000000000
11675  -32.115  -20.089  45.821 0.0000000000
13450  -36.081  -22.932  54.896 0.0000000000
13451  -36.666  -22.284  54.341 0.0000000000
13452  -36.986  -21.563  55.871 0.0000000000
13453  -38.778  -17.238  59.096 0.0000000000
13454  -38.125  -18.266  57.928 0.0000000000
13455  -38.788  -16.367  58.703 0.0000000000
13456  -38.752  -15.589  58.135 0.0000000000
13457  -32.020  -22.441  59.642 0.0000000000
13458  -31.627  -22.818  57.909 0.0000000000
13459  -32.870  -22.517  58.783 0.0000000000
13460  -35.512  -22.280  57.245 0.0000000000
13461  -34.585  -22.689  57.110 0.0000000000
13462  -35.480  -22.912  55.959 0.0000000000
13463  -35.012  -23.480  54.384 0.0000000000
13467  -33.884  -21.516  62.314 0.0000000000
13468  -33.429  -21.341  63.393 0.0000000000
13469  -32.631  -21.992  61.511 0.0000000000
13470  -31.598  -22.413  60.608 0.0000000000
15868  -35.041  -23.143  48.233 0.0000000000
15869  -34.921  -23.924  47.017 0.0000000000
15870  -34.468  -22.404  48.058 0.0000000000
15871  -33.863  -21.745  47.838 0.0000000000
15872  -34.208  -20.989  49.025 0.0000000000
15873  -36.625  -20.627  53.562 0.0000000000
15874  -36.275  -21.269  52.415 0.0000000000
15875  -36.359  -19.771  53.321 0.0000000000
15876  -35.504  -16.634  53.048 0.0000000000
15877  -35.257  -18.087  52.327 0.0000000000
15878  -34.729  -17.356  51.464 0.0000000000
15879  -34.110  -18.083  50.252 0.0000000000
15880  -34.436  -16.713  50.750 0.0000000000
15881  -34.154  -16.192  49.670 0.0000000000
15882  -34.925  -15.472  51.074 0.0000000000
15883  -37.819  -12.780  52.370 0.0000000000
15895  -31.051  -23.616  54.744 0.0000000000
15896  -29.807  -23.909  53.616 0.0000000000
15897  -30.646  -24.165  53.038 0.0000000000
15899  -30.208  -25.299  50.049 0.0000000000
15914  -28.288  -20.501  68.637 0.0000000000
15915  -27.220  -21.306  67.949 0.0000000000
15916  -27.873  -21.552  67.162 0.0000000000
15917  -31.913  -20.775  66.301 0.0000000000
15918  -31.392  -20.538  67.119 0.0000000000
15919  -30.888  -21.606  65.481 0.0000000000
15921  -28.396  -22.230  63.407 0.0000000000
17742  -31.747  -19.204  43.755 0.0000000000
23042  -39.472  -16.306  60.355 0.0000000000
23047  -36.768  -21.440  57.756 0.0000000000
23048  -37.351  -20.805  57.311 0.0000000000
23049  -37.668  -19.942  58.661 0.0000000000
23050  -38.486  -18.139  59.732 0.0000000000
23051  -34.085  -21.512  60.982 0.0000000000
23052  -33.717  -22.161  59.253 0.0000000000
23053  -34.795  -21.806  59.827 0.0000000000
23054  -35.717  -21.824  58.474 0.0000000000
23058  -34.748  -20.855  62.916 0.0000000000
24482  -39.007  -12.058  53.340 0.0000000000
24498  -34.725  -25.333  47.274 0.0000000000
24499  -35.216  -23.990  48.377 0.0000000000
24500  -35.294  -22.503  49.530 0.0000000000
24501  -37.127  -17.438  55.611 0.0000000000
24502  -36.456  -18.199  54.291 0.0000000000
24503  -36.737  -16.676  55.149 0.0000000000
24504  -36.258  -15.940  54.438 0.0000000000
24505  -35.945  -15.256  53.612 0.0000000000
24506  -35.734  -14.702  52.415 0.0000000000
24507  -36.712  -13.964  53.760 0.0000000000
24508  -37.801  -12.860  53.620 0.0000000000
24513  -27.717  -24.699  51.482 0.0000000000
24514  -32.809  -24.118  53.350 0.0000000000
24515  -31.533  -24.338  52.477 0.0000000000
24516  -32.407  -24.554  51.809 0.0000000000
24517  -32.016  -25.106  50.126 0.0000000000
24520  -32.590  -26.129  48.018 0.0000000000
24526  -29.926  -19.828  68.476 0.0000000000
24527  -30.706  -22.269  62.585 0.0000000000
24528  -30.183  -22.133  63.580 0.0000000000
24529  -29.606  -22.529  61.613 0.0000000000
24530  -28.118  -22.760  60.420 0.0000000000
28813  -35.275  -23.946  51.959 0.0000000000
28814  -35.900  -23.440  51.475 0.0000000000
28815  -36.268  -22.751  52.995 0.0000000000
28816  -36.782  -21.472  53.989 0.0000000000
28817  -37.199  -19.917  55.194 0.0000000000
28818  -37.603  -19.982  56.879 0.0000000000
28819  -37.632  -19.131  56.482 0.0000000000
28820  -37.537  -18.293  56.174 0.0000000000
28821  -37.883  -16.526  56.815 0.0000000000
28822  -38.591  -14.835  57.643 0.0000000000
28823  -29.655  -23.072  57.560 0.0000000000
28824  -29.403  -23.295  55.951 0.0000000000
28825  -30.510  -23.190  56.941 0.0000000000
28826  -31.397  -23.234  56.334 0.0000000000
28827  -32.051  -23.444  55.474 0.0000000000
28828  -33.683  -22.539  57.988 0.0000000000
28829  -33.403  -23.130  56.352 0.0000000000
28830  -33.091  -23.649  54.869 0.0000000000
28831  -33.812  -23.869  53.828 0.0000000000
28832  -34.715  -23.937  53.175 0.0000000000
28837  -32.450  -21.147  65.405 0.0000000000
28838  -34.028  -20.490  65.124 0.0000000000
28839  -33.003  -21.196  64.440 0.0000000000
28840  -31.673  -21.804  63.604 0.0000000000
28841  -31.078  -22.365  61.571 0.0000000000
28842  -30.255  -22.854  59.546 0.0000000000
29685  -32.782  -17.790  47.127 0.0000000000
29686  -32.167  -18.667  45.882 0.0000000000
29687  -32.622  -17.353  46.017 0.0000000000
32200  -33.179  -21.144  47.383 0.0000000000
32201  -32.954  -19.664  47.846 0.0000000000
32202  -35.957  -22.687  50.966 0.0000000000
32203  -35.755  -21.870  50.865 0.0000000000
32204  -35.287  -21.004  50.612 0.0000000000
32205  -35.749  -18.903  52.728 0.0000000000
32206  -35.230  -19.585  51.637 0.0000000000
32207  -34.599  -20.265  50.160 0.0000000000
32208  -34.023  -19.534  49.700 0.0000000000
32209  -33.498  -18.881  49.026 0.0000000000
32210  -33.081  -18.290  48.162 0.0000000000
32211  -33.413  -16.974  48.343 0.0000000000
32214  -35.616  -14.393  51.324 0.0000000000
32230  -28.927  -23.743  54.005 0.0000000000
32231  -28.722  -24.189  52.469 0.0000000000
32232  -28.559  -24.761  51.075 0.0000000000
32233  -30.347  -24.623  51.436 0.0000000000
32234  -29.385  -25.083  50.512 0.0000000000
32256  -26.087  -21.905  66.980 0.0000000000
32258  -31.410  -19.007  68.141 0.0000000000
32259  -30.674  -20.258  67.868 0.0000000000
32260  -29.583  -21.125  67.237 0.0000000000
32261  -29.556  -21.982  64.478 0.0000000000
32262  -29.063  -21.890  65.431 0.0000000000
32263  -28.567  -21.771  66.297 0.0000000000
32264  -27.231  -22.036  65.145 0.0000000000
34563  -31.802  -19.628  44.824 0.0000000000
40962  -39.027  -17.227  61.111 0.0000000000
40963  -39.549  -15.253  62.212 0.0000000000
40964  -38.463  -15.544  63.212 0.0000000000
40965  -37.298  -20.294  59.847 0.0000000000
40966  -38.090  -19.037  59.829 0.0000000000
40967  -35.677  -20.530  61.817 0.0000000000
40968  -35.852  -21.305  59.931 0.0000000000
40969  -36.763  -18.276  64.512 0.0000000000
40970  -35.668  -20.184  63.606 0.0000000000
40971  -37.413  -16.203  64.100 0.0000000000
41770  -34.689  -24.748  49.792 0.0000000000
41771  -35.001  -24.671  49.385 0.0000000000
41772  -35.198  -24.392  50.106 0.0000000000
41774  -38.183  -13.810  56.319 0.0000000000
41777  -27.790  -23.413  55.835 0.0000000000
41778  -27.538  -23.646  54.841 0.0000000000
41779  -28.116  -23.529  55.392 0.0000000000
41780  -34.582  -24.544  50.992 0.0000000000
41781  -34.033  -24.809  50.552 0.0000000000
41782  -34.378  -24.826  50.270 0.0000000000
41783  -34.193  -25.086  49.579 0.0000000000
41787  -28.741  -23.136  57.424 0.0000000000
41788  -28.640  -23.058  58.021 0.0000000000
41789  -28.163  -23.179  56.903 0.0000000000
42393  -32.499  -19.844  46.868 0.0000000000
42394  -32.299  -20.271  46.326 0.0000000000
42395  -32.271  -19.573  46.414 0.0000000000
44170  -36.246  -22.636  55.535 0.0000000000
44171  -36.610  -22.238  55.438 0.0000000000
44172  -36.772  -21.831  56.319 0.0000000000
44173  -39.233  -16.232  59.402 0.0000000000
44174  -38.793  -16.819  58.996 0.0000000000
44175  -39.314  -15.960  59.299 0.0000000000
44176  -39.297  -15.648  58.991 0.0000000000
44177  -32.563  -22.241  60.039 0.0000000000
44178  -32.354  -22.556  59.125 0.0000000000
44179  -33.076  -22.331  59.692 0.0000000000
44180  -36.091  -22.116  57.043 0.0000000000
44181  -35.601  -22.439  56.905 0.0000000000
44182  -35.970  -22.457  56.398 0.0000000000
44183  -35.740  -22.923  55.468 0.0000000000
44187  -33.667  -21.847  61.415 0.0000000000
44188  -33.231  -21.898  61.903 0.0000000000
44189  -32.942  -22.181  60.917 0.0000000000
44190  -32.313  -22.341  60.541 0.0000000000
46564  -39.712  -11.744  52.348 0.0000000000
46588  -34.902  -22.387  48.841 0.0000000000
46589  -34.763  -22.748  48.202 0.0000000000
46590  -34.632  -21.994  48.725 0.0000000000
46591  -34.400  -21.621  48.644 0.0000000000
46592  -34.516  -21.282  49.195 0.0000000000
46593  -36.824  -19.816  54.324 0.0000000000
46594  -36.533  -20.189  53.508 0.0000000000
46595  -36.523  -19.390  53.974 0.0000000000
46596  -35.280  -16.311  52.482 0.0000000000
46597  -35.110  -17.009  52.242 0.0000000000
46598  -34.933  -16.700  51.812 0.0000000000
46599  -34.661  -17.037  51.235 0.0000000000
46600  -34.782  -16.382  51.337 0.0000000000
46601  -34.602  -16.085  50.764 0.0000000000
46602  -35.017  -15.732  51.611 0.0000000000
46615  -31.431  -23.783  54.454 0.0000000000
46616  -30.900  -23.811  53.957 0.0000000000
46617  -31.236  -23.983  53.647 0.0000000000
46632  -29.131  -20.207  68.557 0.0000000000
46634  -28.643  -20.661  68.284 0.0000000000
46635  -28.126  -21.082  67.964 0.0000000000
46636  -28.476  -21.207  67.552 0.0000000000
46637  -31.731  -21.357  65.467 0.0000000000
46638  -31.397  -21.174  65.927 0.0000000000
46639  -31.191  -21.599  65.018 0.0000000000
53762  -39.358  -16.599  60.569 0.0000000000
53770  -36.901  -21.086  58.402 0.0000000000
53771  -37.215  -20.949  57.910 0.0000000000
53772  -37.415  -20.418  58.638 0.0000000000
53773  -38.724  -17.697  60.154 0.0000000000
53774  -38.396  -18.479  59.653 0.0000000000
53775  -38.824  -17.215  59.955 0.0000000000
53776  -39.025  -16.965  59.849 0.0000000000
53777  -34.508  -21.224  61.212 0.0000000000
53778  -34.572  -21.669  60.508 0.0000000000
53779  -35.003  -21.261  60.743 0.0000000000
53780  -36.484  -21.072  59.390 0.0000000000
53781  -35.786  -21.516  59.200 0.0000000000
53782  -36.304  -21.351  58.644 0.0000000000
53783  -36.208  -21.716  57.943 0.0000000000
53787  -35.237  -20.656  62.499 0.0000000000
53788  -35.181  -20.571  63.224 0.0000000000
53789  -34.933  -20.959  62.251 0.0000000000
53790  -34.514  -21.216  61.994 0.0000000000
56162  -39.040  -12.060  53.975 0.0000000000
56187  -34.471  -25.495  47.615 0.0000000000
56188  -35.402  -24.014  49.114 0.0000000000
56189  -35.247  -24.375  48.467 0.0000000000
56190  -35.363  -23.683  48.938 0.0000000000
56191  -35.349  -23.188  48.986 0.0000000000
56192  -35.460  -22.907  49.462 0.0000000000
56193  -37.314  -16.634  55.982 0.0000000000
56194  -36.953  -17.074  55.374 0.0000000000
56195  -37.162  -16.216  55.740 0.0000000000
56196  -37.059  -14.705  55.270 0.0000000000
56197  -36.771  -15.490  55.013 0.0000000000
56198  -36.564  -15.133  54.655 0.0000000000
56199  -36.110  -15.574  53.977 0.0000000000
56200  -36.401  -14.796  54.201 0.0000000000
56201  -36.353  -14.594  53.763 0.0000000000
56202  -36.820  -14.176  54.322 0.0000000000
56203  -38.456  -12.580  54.757 0.0000000000
56204  -37.804  -12.973  54.266 0.0000000000
56210  -27.313  -23.989  53.115 0.0000000000
56212  -27.226  -24.270  52.276 0.0000000000
56213  -27.187  -24.651  51.603 0.0000000000
56214  -27.592  -24.456  51.939 0.0000000000
56215  -33.188  -24.180  52.981 0.0000000000
56216  -32.581  -24.314  52.598 0.0000000000
56217  -32.870  -24.440  52.012 0.0000000000
56218  -32.949  -25.042  50.150 0.0000000000
56219  -32.650  -24.929  50.664 0.0000000000
56220  -32.345  -25.279  49.675 0.0000000000
56221  -31.894  -25.497  49.401 0.0000000000
56222  -32.236  -25.796  48.810 0.0000000000
56224  -32.596  -25.769  48.576 0.0000000000
56226  -33.371  -26.074  47.718 0.0000000000
56235  -29.872  -18.936  68.784 0.0000000000
56236  -30.243  -19.186  68.606 0.0000000000
56237  -30.305  -22.542  61.592 0.0000000000
56238  -30.191  -22.408  62.138 0.0000000000
56239  -29.674  -22.731  60.987 0.0000000000
56241  -28.337  -22.913  59.916 0.0000000000
63385  -35.479  -23.705  52.695 0.0000000000
63386  -35.781  -23.509  52.336 0.0000000000
63387  -35.988  -23.177  53.088 0.0000000000
63388  -36.954  -21.605  54.875 0.0000000000
63389  -36.835  -21.821  54.392 0.0000000000
63390  -36.984  -21.121  54.688 0.0000000000
63391  -37.082  -20.736  54.696 0.0000000000
63392  -37.166  -20.416  55.129 0.0000000000
63393  -37.709  -20.021  57.954 0.0000000000
63394  -37.457  -20.363  57.164 0.0000000000
63395  -37.791  -19.589  57.540 0.0000000000
63396  -38.151  -17.866  57.689 0.0000000000
63397  -37.848  -18.771  56.975 0.0000000000
63398  -37.833  -18.201  56.942 0.0000000000
63399  -37.566  -18.742  56.094 0.0000000000
63400  -37.720  -17.816  56.663 0.0000000000
63401  -37.723  -17.454  56.621 0.0000000000
63402  -38.004  -16.938  57.114 0.0000000000
63404  -38.686  -15.160  57.865 0.0000000000
63407  -30.275  -22.902  58.176 0.0000000000
63408  -29.993  -23.218  57.105 0.0000000000
63409  -30.607  -23.100  57.656 0.0000000000
63410  -31.924  -22.986  57.391 0.0000000000
63411  -31.364  -23.106  56.969 0.0000000000
63412  -31.902  -23.175  56.764 0.0000000000
63413  -31.593  -23.424  55.696 0.0000000000
63414  -32.350  -23.269  56.361 0.0000000000
63415  -34.368  -22.213  58.865 0.0000000000
63416  -33.800  -22.350  58.711 0.0000000000
63417  -34.435  -22.353  58.375 0.0000000000
63418  -34.366  -23.083  56.265 0.0000000000
63419  -33.864  -22.981  56.665 0.0000000000
63420  -33.826  -23.125  56.018 0.0000000000
63421  -33.307  -23.367  55.747 0.0000000000
63422  -33.635  -23.482  55.231 0.0000000000
63423  -33.498  -23.735  54.499 0.0000000000
63424  -33.947  -23.722  54.438 0.0000000000
63425  -35.376  -23.501  53.948 0.0000000000
63426  -34.932  -23.689  53.798 0.0000000000
63427  -35.177  -23.813  53.161 0.0000000000
63428  -34.970  -24.061  52.385 0.0000000000
63434  -33.242  -19.929  66.410 0.0000000000
63435  -32.923  -20.492  66.086 0.0000000000
63436  -33.124  -20.643  65.706 0.0000000000
63437  -34.788  -20.030  64.917 0.0000000000
63439  -34.289  -20.413  64.595 0.0000000000
63440  -32.818  -21.713  62.994 0.0000000000
63441  -33.229  -21.353  63.981 0.0000000000
63442  -32.692  -21.739  63.492 0.0000000000
63443  -32.435  -21.632  64.079 0.0000000000
63444  -32.245  -21.866  63.120 0.0000000000
63445  -31.460  -22.099  62.595 0.0000000000
63446  -31.807  -22.219  62.117 0.0000000000
63447  -31.101  -22.661  59.586 0.0000000000
63448  -30.937  -22.590  60.123 0.0000000000
63449  -30.671  -22.820  59.160 0.0000000000
63450  -29.996  -22.924  58.570 0.0000000000
65253  -33.029  -17.136  47.197 0.0000000000
65254  -32.711  -17.585  46.671 0.0000000000
70642  -34.934  -24.349  46.527 0.0000000000
70647  -34.109  -22.839  46.845 0.0000000000
70648  -33.632  -21.017  48.196 0.0000000000
70649  -33.562  -21.419  47.673 0.0000000000
70650  -33.354  -20.719  48.036 0.0000000000
70651  -32.995  -20.414  47.578 0.0000000000
70652  -33.248  -20.017  48.237 0.0000000000
70653  -36.231  -22.771  52.050 0.0000000000
70654  -36.010  -23.060  51.315 0.0000000000
70655  -36.198  -22.400  51.711 0.0000000000
70656  -35.993  -20.819  52.065 0.0000000000
70657  -36.027  -21.530  51.677 0.0000000000
70658  -35.797  -21.118  51.412 0.0000000000
70659  -35.500  -21.415  50.743 0.0000000000
70660  -35.481  -20.715  51.265 0.0000000000
70661  -36.275  -17.764  54.049 0.0000000000
70662  -36.172  -18.550  53.559 0.0000000000
70663  -35.859  -18.157  53.341 0.0000000000
70664  -34.904  -18.399  51.595 0.0000000000
70665  -35.243  -18.841  51.937 0.0000000000
70666  -34.809  -19.162  51.164 0.0000000000
70667  -34.830  -19.923  50.791 0.0000000000
70668  -34.590  -19.534  50.640 0.0000000000
70669  -34.271  -19.896  49.989 0.0000000000
70670  -34.296  -19.145  50.330 0.0000000000
70671  -33.900  -17.812  49.831 0.0000000000
70672  -33.762  -18.492  49.543 0.0000000000
70673  -33.569  -18.153  49.210 0.0000000000
70674  -33.291  -18.562  48.572 0.0000000000
70675  -33.374  -17.897  48.702 0.0000000000
70676  -33.223  -17.611  48.174 0.0000000000
70677  -33.557  -17.216  48.893 0.0000000000
70678  -34.466  -15.614  49.808 0.0000000000
70679  -34.090  -15.999  49.262 0.0000000000
70683  -36.221  -14.153  52.716 0.0000000000
70684  -35.656  -14.527  51.863 0.0000000000
70685  -36.149  -14.000  51.951 0.0000000000
70720  -29.608  -23.488  55.458 0.0000000000
70721  -29.066  -23.615  54.949 0.0000000000
70722  -29.519  -23.661  54.647 0.0000000000
70723  -29.637  -24.169  52.796 0.0000000000
70724  -29.318  -24.078  53.082 0.0000000000
70725  -29.165  -24.253  52.274 0.0000000000
70726  -28.647  -24.533  51.717 0.0000000000
70727  -29.006  -24.620  51.461 0.0000000000
70728  -31.486  -24.530  51.845 0.0000000000
70729  -30.945  -24.472  51.930 0.0000000000
70730  -30.807  -24.769  51.168 0.0000000000
70782  -27.052  -21.723  67.044 0.0000000000
70783  -26.695  -21.662  67.494 0.0000000000
70784  -26.407  -21.977  66.485 0.0000000000
70790  -30.837  -21.015  66.771 0.0000000000
70791  -31.037  -20.445  67.501 0.0000000000
70792  -30.558  -20.892  67.161 0.0000000000
70793  -30.184  -20.733  67.605 0.0000000000
70794  -29.942  -21.219  66.814 0.0000000000
70795  -29.528  -22.302  63.009 0.0000000000
70796  -29.979  -22.161  64.015 0.0000000000
70797  -29.374  -22.180  63.540 0.0000000000
70798  -28.070  -22.236  63.870 0.0000000000
70799  -28.727  -22.041  64.428 0.0000000000
70800  -28.434  -22.045  64.833 0.0000000000
70801  -28.767  -21.844  65.797 0.0000000000
70802  -28.225  -21.982  65.302 0.0000000000
70803  -27.930  -21.928  65.693 0.0000000000
70804  -27.511  -22.152  64.689 0.0000000000
76256  -32.085  -18.472  45.285 0.0000000000
76257  -31.968  -19.109  45.358 0.0000000000
76258  -31.861  -18.927  44.759 0.0000000000
92162  -39.195  -16.902  60.808 0.0000000000
92163  -39.740  -15.992  61.297 0.0000000000
92164  -39.340  -16.240  61.885 0.0000000000
92165  -39.319  -14.849  62.699 0.0000000000
92167  -37.207  -20.499  59.479 0.0000000000
92168  -37.527  -20.029  59.496 0.0000000000
92169  -37.714  -19.727  59.613 0.0000000000
92170  -38.447  -18.248  60.423 0.0000000000
92171  -35.150  -20.845  61.520 0.0000000000
92172  -35.146  -21.523  60.546 0.0000000000
92173  -35.322  -21.493  60.422 0.0000000000
92174  -36.151  -21.266  59.259 0.0000000000
92176  -35.878  -19.200  64.741 0.0000000000
92177  -36.124  -19.144  64.042 0.0000000000
92178  -35.474  -20.469  62.907 0.0000000000
92181  -36.882  -16.550  64.569 0.0000000000
93617  -34.592  -25.241  48.073 0.0000000000
93618  -34.745  -24.995  48.592 0.0000000000
93619  -35.212  -24.363  49.358 0.0000000000
93620  -35.518  -23.750  49.684 0.0000000000
93621  -37.908  -14.910  56.522 0.0000000000
93622  -37.473  -15.435  56.140 0.0000000000
93623  -37.740  -14.600  56.220 0.0000000000
93624  -37.609  -14.320  55.880 0.0000000000
93625  -37.474  -14.013  55.276 0.0000000000
93626  -37.353  -13.732  54.794 0.0000000000
93627  -37.950  -13.348  55.336 0.0000000000
93628  -38.529  -12.710  55.399 0.0000000000
93632  -27.363  -23.813  53.971 0.0000000000
93633  -27.816  -23.822  53.672 0.0000000000
93634  -33.869  -24.454  51.884 0.0000000000
93635  -33.347  -24.598  51.621 0.0000000000
93636  -33.629  -24.709  51.152 0.0000000000
93637  -33.463  -24.960  50.462 0.0000000000
93638  -33.236  -25.233  49.672 0.0000000000
93639  -33.093  -25.564  48.917 0.0000000000
93640  -33.674  -25.334  49.155 0.0000000000
93641  -34.049  -25.326  48.935 0.0000000000
93646  -30.921  -17.814  68.385 0.0000000000
93647  -29.494  -22.926  59.450 0.0000000000
93648  -29.189  -22.881  59.983 0.0000000000
93649  -28.961  -23.005  58.972 0.0000000000
93650  -28.326  -23.049  58.405 0.0000000000
94737  -32.774  -21.340  46.506 0.0000000000
97936  -35.928  -23.156  54.302 0.0000000000
97937  -36.228  -22.841  53.888 0.0000000000
97938  -36.447  -22.563  54.669 0.0000000000
97939  -36.830  -22.006  54.980 0.0000000000
97940  -37.140  -21.279  55.545 0.0000000000
97941  -38.377  -18.215  58.933 0.0000000000
97942  -38.079  -18.642  58.043 0.0000000000
97943  -38.453  -17.791  58.489 0.0000000000
97944  -38.484  -17.293  58.149 0.0000000000
97945  -38.430  -16.940  58.061 0.0000000000
97946  -38.359  -16.513  57.874 0.0000000000
97947  -38.831  -15.961  58.453 0.0000000000
97949  -31.396  -22.632  59.135 0.0000000000
97950  -31.230  -22.932  58.211 0.0000000000
97951  -31.783  -22.698  58.712 0.0000000000
97952  -32.253  -22.687  58.309 0.0000000000
97953  -32.717  -22.745  57.977 0.0000000000
97954  -35.145  -22.321  57.843 0.0000000000
97955  -34.496  -22.615  57.486 0.0000000000
97956  -34.974  -22.711  56.954 0.0000000000
97957  -34.908  -22.851  56.354 0.0000000000
97958  -34.732  -23.156  55.673 0.0000000000
97959  -34.583  -23.474  54.878 0.0000000000
97960  -35.240  -23.190  55.245 0.0000000000
97961  -35.555  -23.233  54.724 0.0000000000
97967  -33.961  -21.081  63.264 0.0000000000
97968  -34.047  -21.083  63.808 0.0000000000
97969  -33.698  -21.315  62.840 0.0000000000
97970  -33.098  -21.659  62.459 0.0000000000
97971  -32.541  -21.842  62.089 0.0000000000
97972  -31.997  -22.105  61.661 0.0000000000
97973  -32.150  -22.109  61.101 0.0000000000
97974  -31.695  -22.474  60.100 0.0000000000
102288  -35.088  -23.938  47.684 0.0000000000
102289  -35.025  -24.298  47.167 0.0000000000
102290  -34.968  -23.494  47.671 0.0000000000
102291  -34.730  -23.179  47.519 0.0000000000
102292  -34.437  -22.791  47.460 0.0000000000
102293  -34.114  -22.481  47.388 0.0000000000
102294  -34.206  -22.055  48.001 0.0000000000
102295  -34.001  -21.328  48.436 0.0000000000
102296  -33.797  -20.648  48.766 0.0000000000
102297  -36.615  -21.392  53.206 0.0000000000
102298  -36.356  -21.703  52.354 0.0000000000
102299  -36.479  -20.997  52.981 0.0000000000
102300  -36.272  -20.478  52.771 0.0000000000
102301  -35.999  -20.138  52.431 0.0000000000
102302  -35.708  -17.005  53.426 0.0000000000
102303  -35.593  -17.729  53.070 0.0000000000
102304  -35.337  -17.333  52.672 0.0000000000
102305  -35.011  -17.730  51.925 0.0000000000
102306  -34.634  -18.057  51.279 0.0000000000
102307  -34.353  -18.434  50.602 0.0000000000
102308  -34.413  -17.719  50.839 0.0000000000
102309  -34.214  -17.388  50.416 0.0000000000
102310  -34.106  -17.118  50.043 0.0000000000
102311  -33.884  -16.798  49.539 0.0000000000
102312  -34.292  -16.459  50.217 0.0000000000
102313  -34.512  -15.838  50.323 0.0000000000
102314  -34.824  -15.246  50.505 0.0000000000
102315  -37.219  -13.174  52.513 0.0000000000
102316  -36.650  -13.553  51.939 0.0000000000
102337  -30.568  -23.608  55.034 0.0000000000
102338  -30.082  -23.654  54.516 0.0000000000
102339  -30.354  -23.810  54.158 0.0000000000
102340  -30.288  -23.982  53.455 0.0000000000
102341  -30.107  -24.212  52.563 0.0000000000
102342  -31.085  -25.218  50.109 0.0000000000
102343  -30.689  -25.078  50.375 0.0000000000
102374  -27.804  -20.930  68.324 0.0000000000
102375  -27.592  -21.448  67.498 0.0000000000
102376  -27.279  -21.823  66.619 0.0000000000
102377  -32.220  -20.204  66.953 0.0000000000
102378  -31.836  -20.073  67.338 0.0000000000
102379  -31.474  -20.768  66.791 0.0000000000
102380  -31.092  -21.111  66.373 0.0000000000
102381  -30.596  -21.447  65.969 0.0000000000
102382  -28.291  -22.525  61.900 0.0000000000
102383  -28.600  -22.389  62.949 0.0000000000
102384  -27.960  -22.468  62.300 0.0000000000
102385  -27.741  -22.418  62.877 0.0000000000
105660  -31.866  -18.738  44.233 0.0000000000
115213  -36.675  -21.733  57.103 0.0000000000
115214  -36.962  -21.512  57.042 0.0000000000
115215  -37.046  -21.304  57.326 0.0000000000
115216  -37.462  -20.443  57.806 0.0000000000
115217  -37.921  -19.591  58.511 0.0000000000
115218  -37.897  -19.465  59.121 0.0000000000
115219  -38.165  -19.129  58.961 0.0000000000
115220  -38.269  -18.600  58.729 0.0000000000
115221  -38.690  -17.668  59.311 0.0000000000
115222  -39.143  -16.603  59.647 0.0000000000
115223  -33.576  -21.866  60.717 0.0000000000
115224  -33.703  -21.961  60.178 0.0000000000
115225  -34.281  -21.747  60.344 0.0000000000
115226  -34.062  -22.150  59.265 0.0000000000
115227  -35.129  -21.733  59.524 0.0000000000
115228  -35.280  -21.460  59.909 0.0000000000
115229  -35.299  -21.797  59.114 0.0000000000
115230  -35.135  -22.034  58.565 0.0000000000
115231  -35.778  -21.924  58.089 0.0000000000
115232  -36.119  -21.957  57.425 0.0000000000
115237  -34.873  -20.076  64.433 0.0000000000
115238  -35.291  -19.901  64.360 0.0000000000
115239  -34.937  -20.352  63.904 0.0000000000
115240  -34.573  -20.847  63.515 0.0000000000
115241  -34.395  -21.081  62.659 0.0000000000
115242  -34.132  -21.489  61.751 0.0000000000
118562  -39.002  -12.065  52.789 0.0000000000
118563  -39.675  -11.722  52.878 0.0000000000
118564  -39.681  -11.717  53.445 0.0000000000
118598  -34.894  -24.958  47.413 0.0000000000
118599  -34.859  -24.918  48.113 0.0000000000
118600  -35.046  -24.717  47.850 0.0000000000
118601  -35.106  -24.233  47.889 0.0000000000
118602  -35.230  -23.528  48.422 0.0000000000
118603  -35.105  -22.839  48.777 0.0000000000
118604  -35.088  -22.069  49.453 0.0000000000
118605  -37.041  -18.260  55.230 0.0000000000
118606  -36.710  -18.650  54.467 0.0000000000
118607  -36.861  -17.876  54.964 0.0000000000
118608  -36.484  -17.442  54.543 0.0000000000
118609  -36.345  -17.074  54.416 0.0000000000
118610  -36.898  -15.853  55.410 0.0000000000
118611  -36.547  -16.295  54.813 0.0000000000
118612  -36.132  -16.654  54.175 0.0000000000
118613  -35.883  -16.270  53.715 0.0000000000
118614  -35.676  -15.974  53.349 0.0000000000
118615  -35.520  -15.632  52.797 0.0000000000
118616  -35.396  -15.349  52.278 0.0000000000
118617  -35.808  -14.984  53.081 0.0000000000
118618  -36.280  -14.335  53.205 0.0000000000
118619  -36.686  -13.779  53.203 0.0000000000
118620  -37.305  -13.547  54.340 0.0000000000
118621  -37.269  -13.401  53.780 0.0000000000
118622  -37.237  -13.227  53.136 0.0000000000
118623  -37.815  -12.810  53.054 0.0000000000
118634  -27.206  -24.916  50.914 0.0000000000
118635  -27.686  -25.059  50.724 0.0000000000
118636  -32.311  -24.004  53.745 0.0000000000
118637  -31.618  -24.089  53.207 0.0000000000
118638  -32.169  -24.204  52.909 0.0000000000
118639  -31.911  -24.489  51.935 0.0000000000
118640  -31.896  -24.565  51.718 0.0000000000
118641  -32.833  -24.620  51.451 0.0000000000
118642  -32.246  -24.825  50.990 0.0000000000
118643  -31.741  -24.972  50.665 0.0000000000
118644  -31.516  -25.349  49.819 0.0000000000
118651  -33.027  -25.929  48.172 0.0000000000
118665  -29.465  -19.541  68.785 0.0000000000
118666  -29.472  -20.409  68.254 0.0000000000
118667  -31.007  -21.923  63.609 0.0000000000
118668  -30.951  -21.891  64.112 0.0000000000
118669  -30.415  -22.340  63.059 0.0000000000
118670  -29.769  -22.430  62.528 0.0000000000
118671  -29.107  -22.515  61.961 0.0000000000
118672  -29.164  -22.791  60.543 0.0000000000
118673  -28.615  -22.745  60.894 0.0000000000
118674  -28.608  -22.668  61.445 0.0000000000
128671  -35.107  -24.197  51.219 0.0000000000
128672  -35.402  -24.076  50.931 0.0000000000
128673  -35.607  -23.796  51.659 0.0000000000
128674  -36.064  -23.164  52.135 0.0000000000
128675  -36.407  -22.467  52.756 0.0000000000
128676  -36.456  -22.514  53.704 0.0000000000
128677  -36.670  -22.114  53.664 0.0000000000
128678  -36.547  -21.828  53.065 0.0000000000
128679  -36.793  -21.098  53.782 0.0000000000
128680  -36.945  -20.262  54.406 0.0000000000
128681  -37.050  -19.528  54.928 0.0000000000
128682  -37.148  -21.184  56.573 0.0000000000
128683  -37.294  -20.822  56.327 0.0000000000
128684  -37.440  -20.396  56.342 0.0000000000
128685  -37.913  -19.149  57.533 0.0000000000
128686  -37.634  -19.658  56.600 0.0000000000
128687  -37.404  -19.991  55.947 0.0000000000
128688  -37.435  -19.652  55.898 0.0000000000
128689  -37.314  -19.115  55.556 0.0000000000
128690  -37.258  -18.704  55.484 0.0000000000
128691  -37.343  -17.882  55.974 0.0000000000
128692  -37.521  -17.025  56.340 0.0000000000
128693  -37.699  -16.134  56.641 0.0000000000
128694  -38.251  -16.086  57.541 0.0000000000
128695  -38.215  -15.748  57.221 0.0000000000
128696  -38.052  -15.314  56.886 0.0000000000
128697  -38.540  -14.487  57.252 0.0000000000
128699  -29.044  -23.179  56.997 0.0000000000
128700  -28.790  -23.401  56.028 0.0000000000
128701  -29.398  -23.330  56.581 0.0000000000
128702  -29.942  -23.214  56.455 0.0000000000
128703  -30.293  -23.296  56.063 0.0000000000
128704  -31.051  -22.982  57.438 0.0000000000
128705  -30.795  -23.233  56.466 0.0000000000
128706  -30.731  -23.365  55.786 0.0000000000
128707  -31.120  -23.446  55.430 0.0000000000
128708  -31.612  -23.516  55.192 0.0000000000
128709  -31.929  -23.743  54.732 0.0000000000
128710  -33.333  -22.282  59.014 0.0000000000
128711  -33.263  -22.425  58.373 0.0000000000
128712  -32.997  -22.846  57.362 0.0000000000
128713  -34.148  -22.678  57.489 0.0000000000
128714  -33.352  -22.907  57.007 0.0000000000
128715  -32.871  -23.098  56.755 0.0000000000
128716  -32.606  -23.403  55.793 0.0000000000
128717  -32.593  -23.566  55.184 0.0000000000
128718  -32.476  -23.769  54.536 0.0000000000
128719  -32.885  -23.849  54.061 0.0000000000
128720  -33.202  -24.077  53.528 0.0000000000
128721  -33.671  -24.123  53.105 0.0000000000
128722  -34.422  -23.700  54.163 0.0000000000
128723  -34.243  -24.046  53.438 0.0000000000
128724  -34.093  -24.253  52.769 0.0000000000
128725  -34.459  -24.328  52.160 0.0000000000
128726  -34.790  -24.285  51.682 0.0000000000
128734  -32.550  -19.660  67.208 0.0000000000
128736  -32.318  -20.894  65.822 0.0000000000
128737  -32.027  -21.397  64.991 0.0000000000
128740  -33.943  -20.150  65.517 0.0000000000
128741  -33.676  -20.847  64.287 0.0000000000
128742  -33.467  -20.869  64.771 0.0000000000
128743  -33.355  -20.781  65.234 0.0000000000
128744  -32.757  -21.080  64.917 0.0000000000
128745  -32.364  -21.413  64.537 0.0000000000
128746  -31.807  -21.693  64.135 0.0000000000
128747  -31.326  -22.060  63.109 0.0000000000
128748  -30.876  -22.278  62.135 0.0000000000
128749  -30.573  -22.621  61.123 0.0000000000
128750  -31.650  -22.333  61.297 0.0000000000
128751  -30.788  -22.472  60.684 0.0000000000
128752  -30.105  -22.740  60.054 0.0000000000
128753  -29.602  -22.970  58.859 0.0000000000
128754  -29.384  -22.988  58.032 0.0000000000
131037  -32.575  -18.478  47.003 0.0000000000
131038  -32.304  -18.869  46.492 0.0000000000
131039  -32.465  -18.239  46.508 0.0000000000
131040  -32.402  -17.967  46.072 0.0000000000
131041  -32.310  -17.852  45.389 0.0000000000
137869  -33.454  -21.848  47.102 0.0000000000
137870  -33.074  -21.543  46.784 0.0000000000
137871  -32.812  -20.852  47.013 0.0000000000
137872  -32.722  -20.131  47.257 0.0000000000
137873  -32.698  -19.424  47.375 0.0000000000
137874  -35.664  -23.774  50.670 0.0000000000
137875  -35.756  -23.391  50.510 0.0000000000
137876  -35.719  -22.975  50.259 0.0000000000
137877  -36.101  -21.977  51.687 0.0000000000
137878  -35.868  -22.318  50.993 0.0000000000
137879  -35.654  -22.609  50.194 0.0000000000
137880  -35.538  -22.150  50.218 0.0000000000
137881  -35.246  -21.782  50.081 0.0000000000
137882  -35.045  -21.308  50.033 0.0000000000
137883  -36.400  -18.978  53.767 0.0000000000
137884  -36.079  -19.301  53.191 0.0000000000
137885  -35.818  -19.656  52.508 0.0000000000
137886  -35.570  -18.457  52.665 0.0000000000
137887  -35.504  -19.224  52.186 0.0000000000
137888  -35.505  -20.014  51.748 0.0000000000
137889  -35.236  -20.324  51.095 0.0000000000
137890  -34.951  -20.602  50.400 0.0000000000
137891  -34.726  -20.962  49.758 0.0000000000
137892  -34.370  -20.600  49.633 0.0000000000
137893  -34.051  -20.238  49.413 0.0000000000
137894  -33.792  -19.923  49.194 0.0000000000
137895  -34.011  -18.816  49.938 0.0000000000
137896  -33.750  -19.161  49.404 0.0000000000
137897  -33.462  -19.563  48.801 0.0000000000
137898  -33.200  -19.262  48.357 0.0000000000
137899  -32.993  -18.949  48.020 0.0000000000
137900  -32.817  -18.669  47.592 0.0000000000
137901  -32.931  -18.015  47.732 0.0000000000
137902  -33.123  -17.351  47.748 0.0000000000
137903  -33.387  -16.697  47.924 0.0000000000
137904  -33.781  -16.551  49.006 0.0000000000
137905  -33.738  -16.338  48.529 0.0000000000
137910  -35.295  -15.127  51.679 0.0000000000
137911  -35.229  -14.895  51.102 0.0000000000
137956  -28.683  -23.486  55.244 0.0000000000
137957  -28.473  -23.690  54.318 0.0000000000
137958  -28.386  -23.902  53.493 0.0000000000
137959  -29.376  -23.750  53.890 0.0000000000
137960  -28.877  -23.949  53.343 0.0000000000
137961  -28.273  -24.075  52.699 0.0000000000
137962  -28.290  -24.388  52.088 0.0000000000
137963  -28.193  -24.688  51.272 0.0000000000
137964  -27.999  -25.152  50.397 0.0000000000
137965  -31.061  -24.226  52.711 0.0000000000
137966  -30.556  -24.281  52.434 0.0000000000
137967  -30.007  -24.508  51.814 0.0000000000
137968  -30.257  -24.946  50.742 0.0000000000
137969  -29.905  -24.803  51.029 0.0000000000
137970  -29.397  -24.826  51.263 0.0000000000
137971  -28.926  -25.064  50.693 0.0000000000
137972  -28.461  -25.371  50.208 0.0000000000
138032  -26.895  -21.228  68.339 0.0000000000
138033  -26.382  -21.555  67.920 0.0000000000
138040  -31.007  -18.760  68.392 0.0000000000
138041  -31.457  -19.838  67.735 0.0000000000
138042  -31.115  -19.673  68.030 0.0000000000
138043  -30.680  -19.451  68.331 0.0000000000
138044  -30.288  -20.009  68.215 0.0000000000
138045  -29.882  -20.603  67.904 0.0000000000
138046  -29.266  -20.974  67.604 0.0000000000
138047  -30.390  -21.946  64.536 0.0000000000
138048  -30.328  -21.832  64.980 0.0000000000
138049  -29.887  -21.799  65.441 0.0000000000
138050  -29.136  -22.178  63.989 0.0000000000
138051  -29.559  -21.936  64.969 0.0000000000
138052  -29.802  -21.685  65.880 0.0000000000
138053  -29.417  -21.591  66.334 0.0000000000
138054  -29.111  -21.475  66.744 0.0000000000
138055  -28.691  -21.365  67.231 0.0000000000
138056  -28.284  -21.661  66.670 0.0000000000
138057  -27.525  -21.867  66.212 0.0000000000
138058  -26.998  -22.055  65.566 0.0000000000
144717  -32.048  -19.419  45.728 0.0000000000
144718  -31.910  -19.800  45.304 0.0000000000
