#!ascii label  , from subject fsaverage vox2ras=TkReg
375
0  -36.806  -18.293  64.462 0.0000000000
646  -36.929  -19.071  54.695 0.0000000000
647  -33.052  -22.067  60.383 0.0000000000
650  -31.453  -21.785  64.552 0.0000000000
1442  -39.059  -12.053  52.316 0.0000000000
1457  -28.943  -20.810  67.965 0.0000000000
2562  -39.262  -16.791  60.711 0.0000000000
2565  -37.029  -20.783  58.935 0.0000000000
2566  -38.081  -19.157  58.386 0.0000000000
2567  -34.849  -21.012  61.383 0.0000000000
2568  -34.781  -22.147  58.411 0.0000000000
2570  -34.342  -20.508  64.108 0.0000000000
3362  -39.080  -12.120  54.662 0.0000000000
3373  -37.631  -15.831  56.405 0.0000000000
3374  -35.943  -17.394  53.725 0.0000000000
3375  -36.883  -14.374  54.732 0.0000000000
3376  -36.672  -13.633  52.512 0.0000000000
3386  -30.564  -18.508  68.590 0.0000000000
3387  -29.989  -22.699  60.611 0.0000000000
3388  -28.906  -22.461  62.456 0.0000000000
5770  -38.098  -17.383  57.461 0.0000000000
5776  -32.206  -19.471  67.531 0.0000000000
5777  -33.493  -20.117  66.097 0.0000000000
5778  -32.337  -21.919  62.607 0.0000000000
7237  -26.700  -22.025  66.010 0.0000000000
7238  -30.217  -21.352  66.377 0.0000000000
7239  -27.745  -22.157  64.248 0.0000000000
10242  -39.128  -17.044  60.946 0.0000000000
10244  -38.445  -15.246  63.166 0.0000000000
10245  -37.243  -20.394  59.653 0.0000000000
10246  -38.159  -19.079  59.423 0.0000000000
10247  -35.405  -20.706  61.635 0.0000000000
10248  -35.658  -21.509  59.649 0.0000000000
10249  -36.719  -18.259  64.563 0.0000000000
10250  -35.418  -20.264  63.693 0.0000000000
11053  -38.410  -14.197  56.870 0.0000000000
11054  -37.226  -15.057  55.752 0.0000000000
11055  -38.055  -13.546  55.863 0.0000000000
11056  -37.876  -13.178  54.851 0.0000000000
13453  -38.778  -17.238  59.096 0.0000000000
13454  -38.125  -18.266  57.928 0.0000000000
13455  -38.788  -16.367  58.703 0.0000000000
13456  -38.752  -15.589  58.135 0.0000000000
13467  -33.884  -21.516  62.314 0.0000000000
13468  -33.429  -21.341  63.393 0.0000000000
13469  -32.631  -21.992  61.511 0.0000000000
13470  -31.598  -22.413  60.608 0.0000000000
15883  -37.819  -12.780  52.370 0.0000000000
15914  -28.288  -20.501  68.637 0.0000000000
15915  -27.220  -21.306  67.949 0.0000000000
15916  -27.873  -21.552  67.162 0.0000000000
15917  -31.913  -20.775  66.301 0.0000000000
15918  -31.392  -20.538  67.119 0.0000000000
15919  -30.888  -21.606  65.481 0.0000000000
15921  -28.396  -22.230  63.407 0.0000000000
23042  -39.472  -16.306  60.355 0.0000000000
23047  -36.768  -21.440  57.756 0.0000000000
23048  -37.351  -20.805  57.311 0.0000000000
23049  -37.668  -19.942  58.661 0.0000000000
23050  -38.486  -18.139  59.732 0.0000000000
23051  -34.085  -21.512  60.982 0.0000000000
23053  -34.795  -21.806  59.827 0.0000000000
23054  -35.717  -21.824  58.474 0.0000000000
23058  -34.748  -20.855  62.916 0.0000000000
24482  -39.007  -12.058  53.340 0.0000000000
24501  -37.127  -17.438  55.611 0.0000000000
24502  -36.456  -18.199  54.291 0.0000000000
24503  -36.737  -16.676  55.149 0.0000000000
24504  -36.258  -15.940  54.438 0.0000000000
24505  -35.945  -15.256  53.612 0.0000000000
24507  -36.712  -13.964  53.760 0.0000000000
24508  -37.801  -12.860  53.620 0.0000000000
24526  -29.926  -19.828  68.476 0.0000000000
24527  -30.706  -22.269  62.585 0.0000000000
24528  -30.183  -22.133  63.580 0.0000000000
24529  -29.606  -22.529  61.613 0.0000000000
24530  -28.118  -22.760  60.420 0.0000000000
28817  -37.199  -19.917  55.194 0.0000000000
28818  -37.603  -19.982  56.879 0.0000000000
28819  -37.632  -19.131  56.482 0.0000000000
28820  -37.537  -18.293  56.174 0.0000000000
28821  -37.883  -16.526  56.815 0.0000000000
28822  -38.591  -14.835  57.643 0.0000000000
28837  -32.450  -21.147  65.405 0.0000000000
28838  -34.028  -20.490  65.124 0.0000000000
28839  -33.003  -21.196  64.440 0.0000000000
28840  -31.673  -21.804  63.604 0.0000000000
28841  -31.078  -22.365  61.571 0.0000000000
32205  -35.749  -18.903  52.728 0.0000000000
32256  -26.087  -21.905  66.980 0.0000000000
32258  -31.410  -19.007  68.141 0.0000000000
32259  -30.674  -20.258  67.868 0.0000000000
32260  -29.583  -21.125  67.237 0.0000000000
32261  -29.556  -21.982  64.478 0.0000000000
32262  -29.063  -21.890  65.431 0.0000000000
32263  -28.567  -21.771  66.297 0.0000000000
32264  -27.231  -22.036  65.145 0.0000000000
40962  -39.027  -17.227  61.111 0.0000000000
40963  -39.549  -15.253  62.212 0.0000000000
40964  -38.463  -15.544  63.212 0.0000000000
40965  -37.298  -20.294  59.847 0.0000000000
40966  -38.090  -19.037  59.829 0.0000000000
40967  -35.677  -20.530  61.817 0.0000000000
40968  -35.852  -21.305  59.931 0.0000000000
40969  -36.763  -18.276  64.512 0.0000000000
40970  -35.668  -20.184  63.606 0.0000000000
40971  -37.413  -16.203  64.100 0.0000000000
41774  -38.183  -13.810  56.319 0.0000000000
44173  -39.233  -16.232  59.402 0.0000000000
44174  -38.793  -16.819  58.996 0.0000000000
44175  -39.314  -15.960  59.299 0.0000000000
44176  -39.297  -15.648  58.991 0.0000000000
44187  -33.667  -21.847  61.415 0.0000000000
44188  -33.231  -21.898  61.903 0.0000000000
44189  -32.942  -22.181  60.917 0.0000000000
46564  -39.712  -11.744  52.348 0.0000000000
46593  -36.824  -19.816  54.324 0.0000000000
46632  -29.131  -20.207  68.557 0.0000000000
46634  -28.643  -20.661  68.284 0.0000000000
46635  -28.126  -21.082  67.964 0.0000000000
46636  -28.476  -21.207  67.552 0.0000000000
46637  -31.731  -21.357  65.467 0.0000000000
46638  -31.397  -21.174  65.927 0.0000000000
46639  -31.191  -21.599  65.018 0.0000000000
53762  -39.358  -16.599  60.569 0.0000000000
53770  -36.901  -21.086  58.402 0.0000000000
53771  -37.215  -20.949  57.910 0.0000000000
53772  -37.415  -20.418  58.638 0.0000000000
53773  -38.724  -17.697  60.154 0.0000000000
53774  -38.396  -18.479  59.653 0.0000000000
53775  -38.824  -17.215  59.955 0.0000000000
53776  -39.025  -16.965  59.849 0.0000000000
53777  -34.508  -21.224  61.212 0.0000000000
53778  -34.572  -21.669  60.508 0.0000000000
53779  -35.003  -21.261  60.743 0.0000000000
53780  -36.484  -21.072  59.390 0.0000000000
53781  -35.786  -21.516  59.200 0.0000000000
53782  -36.304  -21.351  58.644 0.0000000000
53783  -36.208  -21.716  57.943 0.0000000000
53787  -35.237  -20.656  62.499 0.0000000000
53788  -35.181  -20.571  63.224 0.0000000000
53789  -34.933  -20.959  62.251 0.0000000000
53790  -34.514  -21.216  61.994 0.0000000000
56162  -39.040  -12.060  53.975 0.0000000000
56193  -37.314  -16.634  55.982 0.0000000000
56194  -36.953  -17.074  55.374 0.0000000000
56195  -37.162  -16.216  55.740 0.0000000000
56196  -37.059  -14.705  55.270 0.0000000000
56197  -36.771  -15.490  55.013 0.0000000000
56198  -36.564  -15.133  54.655 0.0000000000
56199  -36.110  -15.574  53.977 0.0000000000
56200  -36.401  -14.796  54.201 0.0000000000
56201  -36.353  -14.594  53.763 0.0000000000
56202  -36.820  -14.176  54.322 0.0000000000
56203  -38.456  -12.580  54.757 0.0000000000
56204  -37.804  -12.973  54.266 0.0000000000
56235  -29.872  -18.936  68.784 0.0000000000
56236  -30.243  -19.186  68.606 0.0000000000
56237  -30.305  -22.542  61.592 0.0000000000
56238  -30.191  -22.408  62.138 0.0000000000
56239  -29.674  -22.731  60.987 0.0000000000
63391  -37.082  -20.736  54.696 0.0000000000
63392  -37.166  -20.416  55.129 0.0000000000
63393  -37.709  -20.021  57.954 0.0000000000
63394  -37.457  -20.363  57.164 0.0000000000
63395  -37.791  -19.589  57.540 0.0000000000
63396  -38.151  -17.866  57.689 0.0000000000
63397  -37.848  -18.771  56.975 0.0000000000
63398  -37.833  -18.201  56.942 0.0000000000
63399  -37.566  -18.742  56.094 0.0000000000
63400  -37.720  -17.816  56.663 0.0000000000
63401  -37.723  -17.454  56.621 0.0000000000
63402  -38.004  -16.938  57.114 0.0000000000
63404  -38.686  -15.160  57.865 0.0000000000
63417  -34.435  -22.353  58.375 0.0000000000
63434  -33.242  -19.929  66.410 0.0000000000
63435  -32.923  -20.492  66.086 0.0000000000
63436  -33.124  -20.643  65.706 0.0000000000
63437  -34.788  -20.030  64.917 0.0000000000
63439  -34.289  -20.413  64.595 0.0000000000
63440  -32.818  -21.713  62.994 0.0000000000
63441  -33.229  -21.353  63.981 0.0000000000
63442  -32.692  -21.739  63.492 0.0000000000
63443  -32.435  -21.632  64.079 0.0000000000
63444  -32.245  -21.866  63.120 0.0000000000
63445  -31.460  -22.099  62.595 0.0000000000
63446  -31.807  -22.219  62.117 0.0000000000
63448  -30.937  -22.590  60.123 0.0000000000
70661  -36.275  -17.764  54.049 0.0000000000
70662  -36.172  -18.550  53.559 0.0000000000
70663  -35.859  -18.157  53.341 0.0000000000
70782  -27.052  -21.723  67.044 0.0000000000
70783  -26.695  -21.662  67.494 0.0000000000
70784  -26.407  -21.977  66.485 0.0000000000
70790  -30.837  -21.015  66.771 0.0000000000
70791  -31.037  -20.445  67.501 0.0000000000
70792  -30.558  -20.892  67.161 0.0000000000
70793  -30.184  -20.733  67.605 0.0000000000
70794  -29.942  -21.219  66.814 0.0000000000
70795  -29.528  -22.302  63.009 0.0000000000
70796  -29.979  -22.161  64.015 0.0000000000
70797  -29.374  -22.180  63.540 0.0000000000
70798  -28.070  -22.236  63.870 0.0000000000
70799  -28.727  -22.041  64.428 0.0000000000
70800  -28.434  -22.045  64.833 0.0000000000
70801  -28.767  -21.844  65.797 0.0000000000
70802  -28.225  -21.982  65.302 0.0000000000
70803  -27.930  -21.928  65.693 0.0000000000
70804  -27.511  -22.152  64.689 0.0000000000
92162  -39.195  -16.902  60.808 0.0000000000
92163  -39.740  -15.992  61.297 0.0000000000
92164  -39.340  -16.240  61.885 0.0000000000
92165  -39.319  -14.849  62.699 0.0000000000
92167  -37.207  -20.499  59.479 0.0000000000
92168  -37.527  -20.029  59.496 0.0000000000
92169  -37.714  -19.727  59.613 0.0000000000
92170  -38.447  -18.248  60.423 0.0000000000
92171  -35.150  -20.845  61.520 0.0000000000
92172  -35.146  -21.523  60.546 0.0000000000
92173  -35.322  -21.493  60.422 0.0000000000
92174  -36.151  -21.266  59.259 0.0000000000
92176  -35.878  -19.200  64.741 0.0000000000
92177  -36.124  -19.144  64.042 0.0000000000
92178  -35.474  -20.469  62.907 0.0000000000
92181  -36.882  -16.550  64.569 0.0000000000
93621  -37.908  -14.910  56.522 0.0000000000
93622  -37.473  -15.435  56.140 0.0000000000
93623  -37.740  -14.600  56.220 0.0000000000
93624  -37.609  -14.320  55.880 0.0000000000
93625  -37.474  -14.013  55.276 0.0000000000
93626  -37.353  -13.732  54.794 0.0000000000
93627  -37.950  -13.348  55.336 0.0000000000
93628  -38.529  -12.710  55.399 0.0000000000
93646  -30.921  -17.814  68.385 0.0000000000
93648  -29.189  -22.881  59.983 0.0000000000
97941  -38.377  -18.215  58.933 0.0000000000
97942  -38.079  -18.642  58.043 0.0000000000
97943  -38.453  -17.791  58.489 0.0000000000
97944  -38.484  -17.293  58.149 0.0000000000
97945  -38.430  -16.940  58.061 0.0000000000
97946  -38.359  -16.513  57.874 0.0000000000
97947  -38.831  -15.961  58.453 0.0000000000
97954  -35.145  -22.321  57.843 0.0000000000
97967  -33.961  -21.081  63.264 0.0000000000
97968  -34.047  -21.083  63.808 0.0000000000
97969  -33.698  -21.315  62.840 0.0000000000
97970  -33.098  -21.659  62.459 0.0000000000
97971  -32.541  -21.842  62.089 0.0000000000
97972  -31.997  -22.105  61.661 0.0000000000
97973  -32.150  -22.109  61.101 0.0000000000
102302  -35.708  -17.005  53.426 0.0000000000
102315  -37.219  -13.174  52.513 0.0000000000
102374  -27.804  -20.930  68.324 0.0000000000
102375  -27.592  -21.448  67.498 0.0000000000
102376  -27.279  -21.823  66.619 0.0000000000
102377  -32.220  -20.204  66.953 0.0000000000
102378  -31.836  -20.073  67.338 0.0000000000
102379  -31.474  -20.768  66.791 0.0000000000
102380  -31.092  -21.111  66.373 0.0000000000
102381  -30.596  -21.447  65.969 0.0000000000
102382  -28.291  -22.525  61.900 0.0000000000
102383  -28.600  -22.389  62.949 0.0000000000
102384  -27.960  -22.468  62.300 0.0000000000
102385  -27.741  -22.418  62.877 0.0000000000
115213  -36.675  -21.733  57.103 0.0000000000
115214  -36.962  -21.512  57.042 0.0000000000
115215  -37.046  -21.304  57.326 0.0000000000
115216  -37.462  -20.443  57.806 0.0000000000
115217  -37.921  -19.591  58.511 0.0000000000
115218  -37.897  -19.465  59.121 0.0000000000
115219  -38.165  -19.129  58.961 0.0000000000
115220  -38.269  -18.600  58.729 0.0000000000
115221  -38.690  -17.668  59.311 0.0000000000
115222  -39.143  -16.603  59.647 0.0000000000
115223  -33.576  -21.866  60.717 0.0000000000
115225  -34.281  -21.747  60.344 0.0000000000
115226  -34.062  -22.150  59.265 0.0000000000
115227  -35.129  -21.733  59.524 0.0000000000
115228  -35.280  -21.460  59.909 0.0000000000
115229  -35.299  -21.797  59.114 0.0000000000
115230  -35.135  -22.034  58.565 0.0000000000
115232  -36.119  -21.957  57.425 0.0000000000
115237  -34.873  -20.076  64.433 0.0000000000
115238  -35.291  -19.901  64.360 0.0000000000
115239  -34.937  -20.352  63.904 0.0000000000
115240  -34.573  -20.847  63.515 0.0000000000
115241  -34.395  -21.081  62.659 0.0000000000
115242  -34.132  -21.489  61.751 0.0000000000
118562  -39.002  -12.065  52.789 0.0000000000
118563  -39.675  -11.722  52.878 0.0000000000
118564  -39.681  -11.717  53.445 0.0000000000
118605  -37.041  -18.260  55.230 0.0000000000
118606  -36.710  -18.650  54.467 0.0000000000
118607  -36.861  -17.876  54.964 0.0000000000
118608  -36.484  -17.442  54.543 0.0000000000
118609  -36.345  -17.074  54.416 0.0000000000
118610  -36.898  -15.853  55.410 0.0000000000
118611  -36.547  -16.295  54.813 0.0000000000
118612  -36.132  -16.654  54.175 0.0000000000
118613  -35.883  -16.270  53.715 0.0000000000
118614  -35.676  -15.974  53.349 0.0000000000
118615  -35.520  -15.632  52.797 0.0000000000
118617  -35.808  -14.984  53.081 0.0000000000
118618  -36.280  -14.335  53.205 0.0000000000
118619  -36.686  -13.779  53.203 0.0000000000
118620  -37.305  -13.547  54.340 0.0000000000
118621  -37.269  -13.401  53.780 0.0000000000
118622  -37.237  -13.227  53.136 0.0000000000
118623  -37.815  -12.810  53.054 0.0000000000
118665  -29.465  -19.541  68.785 0.0000000000
118666  -29.472  -20.409  68.254 0.0000000000
118667  -31.007  -21.923  63.609 0.0000000000
118668  -30.951  -21.891  64.112 0.0000000000
118669  -30.415  -22.340  63.059 0.0000000000
118670  -29.769  -22.430  62.528 0.0000000000
118671  -29.107  -22.515  61.961 0.0000000000
118672  -29.164  -22.791  60.543 0.0000000000
118673  -28.615  -22.745  60.894 0.0000000000
118674  -28.608  -22.668  61.445 0.0000000000
128680  -36.945  -20.262  54.406 0.0000000000
128681  -37.050  -19.528  54.928 0.0000000000
128682  -37.148  -21.184  56.573 0.0000000000
128684  -37.440  -20.396  56.342 0.0000000000
128685  -37.913  -19.149  57.533 0.0000000000
128686  -37.634  -19.658  56.600 0.0000000000
128687  -37.404  -19.991  55.947 0.0000000000
128688  -37.435  -19.652  55.898 0.0000000000
128689  -37.314  -19.115  55.556 0.0000000000
128690  -37.258  -18.704  55.484 0.0000000000
128691  -37.343  -17.882  55.974 0.0000000000
128692  -37.521  -17.025  56.340 0.0000000000
128693  -37.699  -16.134  56.641 0.0000000000
128694  -38.251  -16.086  57.541 0.0000000000
128695  -38.215  -15.748  57.221 0.0000000000
128696  -38.052  -15.314  56.886 0.0000000000
128697  -38.540  -14.487  57.252 0.0000000000
128734  -32.550  -19.660  67.208 0.0000000000
128736  -32.318  -20.894  65.822 0.0000000000
128737  -32.027  -21.397  64.991 0.0000000000
128740  -33.943  -20.150  65.517 0.0000000000
128741  -33.676  -20.847  64.287 0.0000000000
128742  -33.467  -20.869  64.771 0.0000000000
128743  -33.355  -20.781  65.234 0.0000000000
128744  -32.757  -21.080  64.917 0.0000000000
128745  -32.364  -21.413  64.537 0.0000000000
128746  -31.807  -21.693  64.135 0.0000000000
128747  -31.326  -22.060  63.109 0.0000000000
128748  -30.876  -22.278  62.135 0.0000000000
128749  -30.573  -22.621  61.123 0.0000000000
128750  -31.650  -22.333  61.297 0.0000000000
128751  -30.788  -22.472  60.684 0.0000000000
137883  -36.400  -18.978  53.767 0.0000000000
137884  -36.079  -19.301  53.191 0.0000000000
137886  -35.570  -18.457  52.665 0.0000000000
138032  -26.895  -21.228  68.339 0.0000000000
138033  -26.382  -21.555  67.920 0.0000000000
138040  -31.007  -18.760  68.392 0.0000000000
138041  -31.457  -19.838  67.735 0.0000000000
138042  -31.115  -19.673  68.030 0.0000000000
138043  -30.680  -19.451  68.331 0.0000000000
138044  -30.288  -20.009  68.215 0.0000000000
138045  -29.882  -20.603  67.904 0.0000000000
138046  -29.266  -20.974  67.604 0.0000000000
138047  -30.390  -21.946  64.536 0.0000000000
138048  -30.328  -21.832  64.980 0.0000000000
138049  -29.887  -21.799  65.441 0.0000000000
138050  -29.136  -22.178  63.989 0.0000000000
138051  -29.559  -21.936  64.969 0.0000000000
138052  -29.802  -21.685  65.880 0.0000000000
138053  -29.417  -21.591  66.334 0.0000000000
138054  -29.111  -21.475  66.744 0.0000000000
138055  -28.691  -21.365  67.231 0.0000000000
138056  -28.284  -21.661  66.670 0.0000000000
138057  -27.525  -21.867  66.212 0.0000000000
138058  -26.998  -22.055  65.566 0.0000000000
