#!ascii label  , from subject fsaverage vox2ras=TkReg
1365
49  -23.919  -16.909  64.337 0.0000000000
162  -39.386  -12.694  56.836 0.0000000000
164  -34.947  -10.915  57.103 0.0000000000
169  -31.558  -15.954  67.055 0.0000000000
171  -26.709  -13.224  53.868 0.0000000000
380  -21.898  -5.058  46.874 0.0000000000
642  -39.625  -15.327  59.704 0.0000000000
643  -40.365  -9.947  60.047 0.0000000000
644  -37.845  -12.616  62.495 0.0000000000
649  -35.237  -17.439  66.022 0.0000000000
651  -33.911  -12.840  62.277 0.0000000000
873  -25.608  -14.636  59.633 0.0000000000
874  -22.931  -12.734  54.529 0.0000000000
1444  -42.052  -8.524  56.397 0.0000000000
1445  -36.678  -8.517  54.119 0.0000000000
1446  -31.764  -10.652  49.563 0.0000000000
1455  -27.500  -15.675  66.038 0.0000000000
1456  -25.985  -19.365  69.905 0.0000000000
1459  -27.615  -11.759  48.373 0.0000000000
1460  -31.036  -12.872  55.010 0.0000000000
1461  -29.513  -13.235  60.647 0.0000000000
1847  -23.612  -10.406  49.054 0.0000000000
1848  -21.230  -7.967  51.573 0.0000000000
2563  -40.013  -13.676  61.978 0.0000000000
2564  -38.327  -14.515  63.124 0.0000000000
2569  -36.410  -18.125  64.974 0.0000000000
2571  -36.598  -14.850  64.364 0.0000000000
2793  -24.915  -15.659  62.082 0.0000000000
2794  -23.571  -15.070  59.131 0.0000000000
3363  -41.563  -10.502  54.801 0.0000000000
3364  -41.390  -10.573  57.148 0.0000000000
3365  -37.739  -9.769  59.284 0.0000000000
3366  -38.747  -8.462  57.842 0.0000000000
3367  -35.860  -9.602  55.931 0.0000000000
3368  -34.141  -9.801  51.877 0.0000000000
3369  -33.279  -11.006  53.345 0.0000000000
3384  -29.498  -15.522  66.773 0.0000000000
3385  -28.754  -17.594  68.869 0.0000000000
3391  -31.207  -12.093  52.312 0.0000000000
3392  -32.970  -12.132  56.006 0.0000000000
3393  -32.816  -14.071  64.726 0.0000000000
3394  -31.713  -12.996  61.413 0.0000000000
3395  -30.821  -13.910  64.085 0.0000000000
3396  -28.913  -14.396  63.375 0.0000000000
4057  -20.814  -3.424  48.631 0.0000000000
4058  -27.120  -12.705  51.154 0.0000000000
4059  -25.523  -11.310  48.417 0.0000000000
4060  -25.034  -12.301  51.301 0.0000000000
4061  -21.290  -12.116  55.422 0.0000000000
4062  -21.874  -10.608  52.863 0.0000000000
5762  -39.665  -14.007  58.531 0.0000000000
5763  -41.155  -11.559  59.119 0.0000000000
5764  -40.846  -12.661  60.489 0.0000000000
5765  -39.258  -11.364  61.485 0.0000000000
5766  -36.457  -11.030  60.019 0.0000000000
5775  -33.510  -16.731  66.771 0.0000000000
5779  -34.641  -11.901  59.499 0.0000000000
5780  -35.852  -12.590  62.398 0.0000000000
5781  -34.698  -14.552  64.763 0.0000000000
6179  -26.306  -13.706  56.856 0.0000000000
6180  -24.648  -13.097  53.980 0.0000000000
6181  -24.329  -14.131  56.884 0.0000000000
6182  -22.229  -14.063  56.873 0.0000000000
7204  -41.808  -10.609  52.740 0.0000000000
7205  -42.932  -8.643  54.484 0.0000000000
7206  -41.086  -7.302  54.179 0.0000000000
7207  -41.259  -8.983  58.478 0.0000000000
7208  -39.921  -7.587  56.202 0.0000000000
7233  -25.689  -16.256  65.125 0.0000000000
7234  -25.065  -17.483  67.601 0.0000000000
7235  -26.898  -17.339  68.393 0.0000000000
7236  -27.487  -20.176  69.265 0.0000000000
7244  -29.717  -11.570  48.761 0.0000000000
7245  -29.132  -12.695  51.333 0.0000000000
7246  -28.838  -13.244  54.171 0.0000000000
7247  -32.547  -12.780  58.597 0.0000000000
7248  -30.347  -13.125  57.521 0.0000000000
7249  -28.292  -13.224  56.954 0.0000000000
7250  -27.658  -13.972  60.047 0.0000000000
7251  -26.858  -14.988  62.778 0.0000000000
8166  -24.206  -9.110  46.399 0.0000000000
8167  -22.646  -7.989  47.588 0.0000000000
8168  -23.323  -11.648  51.828 0.0000000000
8169  -22.265  -9.266  50.087 0.0000000000
8170  -21.410  -6.566  49.019 0.0000000000
8171  -20.405  -5.002  50.819 0.0000000000
10243  -39.687  -14.947  62.133 0.0000000000
10251  -37.307  -15.885  64.205 0.0000000000
10473  -24.418  -16.302  63.192 0.0000000000
10474  -23.930  -16.025  61.653 0.0000000000
10475  -23.422  -16.710  62.742 0.0000000000
11042  -39.220  -12.377  55.857 0.0000000000
11043  -40.406  -11.417  56.005 0.0000000000
11044  -40.454  -11.767  57.188 0.0000000000
11045  -36.333  -10.214  58.385 0.0000000000
11046  -36.719  -9.541  57.701 0.0000000000
11047  -35.386  -10.233  56.406 0.0000000000
11048  -34.539  -10.311  54.671 0.0000000000
11049  -34.030  -10.986  55.243 0.0000000000
11064  -30.632  -15.734  66.975 0.0000000000
11065  -30.185  -16.764  68.112 0.0000000000
11066  -31.140  -17.107  68.062 0.0000000000
11071  -33.131  -11.620  54.699 0.0000000000
11072  -34.065  -11.563  56.698 0.0000000000
11073  -32.292  -15.010  65.823 0.0000000000
11074  -31.857  -13.874  64.447 0.0000000000
11075  -31.293  -14.878  65.572 0.0000000000
11076  -30.289  -14.807  65.362 0.0000000000
11736  -21.299  -2.710  47.694 0.0000000000
11737  -21.316  -4.383  47.744 0.0000000000
11738  -26.977  -13.039  52.549 0.0000000000
11739  -25.942  -12.483  51.084 0.0000000000
11740  -25.860  -12.889  52.497 0.0000000000
11742  -21.055  -10.823  54.851 0.0000000000
13442  -39.758  -14.717  59.200 0.0000000000
13443  -40.527  -13.306  59.634 0.0000000000
13444  -40.555  -14.151  60.257 0.0000000000
13445  -39.077  -13.365  62.673 0.0000000000
13446  -39.757  -12.696  61.956 0.0000000000
13447  -38.578  -11.841  61.945 0.0000000000
13448  -37.817  -10.856  61.077 0.0000000000
13449  -37.251  -11.645  61.537 0.0000000000
13464  -34.546  -17.185  66.400 0.0000000000
13465  -33.683  -18.533  66.935 0.0000000000
13466  -34.530  -18.931  66.139 0.0000000000
13471  -36.133  -11.994  61.107 0.0000000000
13472  -36.907  -12.652  62.723 0.0000000000
13473  -35.947  -16.156  65.134 0.0000000000
13474  -35.919  -14.923  64.622 0.0000000000
13475  -35.097  -15.910  65.642 0.0000000000
13476  -34.173  -15.498  65.817 0.0000000000
14138  -26.072  -14.242  58.368 0.0000000000
14139  -25.301  -14.006  56.832 0.0000000000
14140  -24.954  -14.493  58.218 0.0000000000
14141  -22.639  -15.206  58.918 0.0000000000
14142  -22.930  -14.698  57.950 0.0000000000
14143  -21.978  -14.612  57.923 0.0000000000
14144  -21.326  -13.780  57.022 0.0000000000
15844  -40.414  -11.378  52.546 0.0000000000
15845  -42.219  -9.576  55.828 0.0000000000
15846  -42.506  -9.548  54.819 0.0000000000
15847  -42.514  -8.564  55.470 0.0000000000
15848  -42.167  -7.776  54.625 0.0000000000
15849  -41.680  -7.695  55.432 0.0000000000
15850  -41.051  -10.887  59.907 0.0000000000
15851  -41.406  -10.163  58.926 0.0000000000
15852  -40.773  -9.433  59.337 0.0000000000
15853  -37.743  -8.453  56.260 0.0000000000
15854  -39.252  -7.953  57.250 0.0000000000
15855  -38.351  -7.982  55.377 0.0000000000
15860  -32.993  -10.259  50.754 0.0000000000
15909  -26.620  -15.975  65.605 0.0000000000
15910  -26.323  -16.640  66.832 0.0000000000
15911  -27.293  -16.473  67.295 0.0000000000
15912  -28.995  -19.351  68.998 0.0000000000
15913  -28.202  -18.914  69.302 0.0000000000
15932  -30.805  -11.168  49.217 0.0000000000
15933  -31.097  -12.585  53.627 0.0000000000
15934  -30.164  -12.463  51.802 0.0000000000
15935  -30.063  -12.837  53.176 0.0000000000
15936  -28.961  -13.014  52.745 0.0000000000
15937  -29.967  -13.154  54.612 0.0000000000
15938  -34.313  -12.437  60.737 0.0000000000
15939  -33.730  -12.394  59.106 0.0000000000
15940  -33.320  -12.680  60.497 0.0000000000
15941  -30.495  -13.053  60.862 0.0000000000
15942  -31.008  -12.965  59.415 0.0000000000
15943  -30.008  -13.055  59.080 0.0000000000
15944  -29.288  -13.191  57.117 0.0000000000
15945  -28.930  -13.218  58.718 0.0000000000
15946  -27.928  -13.454  58.586 0.0000000000
15947  -28.534  -13.567  60.346 0.0000000000
15948  -28.190  -15.083  64.766 0.0000000000
15949  -27.855  -14.688  63.029 0.0000000000
15950  -27.187  -15.258  64.351 0.0000000000
15951  -26.225  -15.614  63.946 0.0000000000
17867  -25.534  -18.155  69.082 0.0000000000
17933  -27.992  -11.097  46.960 0.0000000000
17935  -26.901  -11.038  46.903 0.0000000000
17936  -24.560  -10.955  48.782 0.0000000000
17937  -24.903  -10.296  47.269 0.0000000000
17938  -23.995  -9.838  47.735 0.0000000000
17939  -23.384  -8.607  46.903 0.0000000000
17940  -23.086  -9.283  48.256 0.0000000000
17941  -23.750  -12.973  54.222 0.0000000000
17942  -23.990  -12.545  52.887 0.0000000000
17943  -23.086  -12.192  53.179 0.0000000000
17944  -21.618  -9.363  52.182 0.0000000000
17945  -22.126  -9.963  51.487 0.0000000000
17946  -21.698  -8.614  50.782 0.0000000000
17947  -21.861  -7.981  49.453 0.0000000000
17948  -21.327  -7.181  50.248 0.0000000000
17949  -20.873  -5.721  49.876 0.0000000000
17950  -20.828  -6.483  51.128 0.0000000000
23043  -40.279  -14.694  60.848 0.0000000000
23044  -39.810  -15.219  61.637 0.0000000000
23045  -39.478  -13.947  62.494 0.0000000000
23046  -38.214  -13.638  63.012 0.0000000000
23055  -35.926  -17.827  65.491 0.0000000000
23056  -35.154  -19.228  65.415 0.0000000000
23059  -37.442  -13.853  63.325 0.0000000000
23060  -37.498  -15.140  63.749 0.0000000000
23061  -36.540  -16.169  64.796 0.0000000000
23459  -25.394  -15.058  60.842 0.0000000000
23460  -24.607  -14.870  59.361 0.0000000000
23461  -24.383  -15.420  60.502 0.0000000000
23462  -23.406  -15.703  60.221 0.0000000000
24483  -40.333  -11.284  53.618 0.0000000000
24484  -40.332  -11.286  54.773 0.0000000000
24485  -41.438  -10.465  56.038 0.0000000000
24486  -41.967  -9.591  56.992 0.0000000000
24487  -39.113  -9.531  59.872 0.0000000000
24488  -39.746  -8.922  59.170 0.0000000000
24489  -38.307  -9.041  58.652 0.0000000000
24490  -37.265  -8.891  57.158 0.0000000000
24491  -36.199  -9.026  55.081 0.0000000000
24492  -35.327  -9.186  52.976 0.0000000000
24493  -34.932  -9.688  53.805 0.0000000000
24494  -33.665  -10.347  52.416 0.0000000000
24495  -32.538  -10.910  51.480 0.0000000000
24522  -28.460  -15.563  66.413 0.0000000000
24523  -28.233  -16.391  67.655 0.0000000000
24524  -29.142  -16.532  67.943 0.0000000000
24525  -29.712  -17.972  68.839 0.0000000000
24535  -31.443  -11.444  50.874 0.0000000000
24536  -32.283  -11.561  52.843 0.0000000000
24537  -32.065  -12.150  54.155 0.0000000000
24538  -32.090  -12.554  55.593 0.0000000000
24539  -33.252  -13.375  63.460 0.0000000000
24540  -32.700  -12.904  61.816 0.0000000000
24541  -32.297  -13.237  63.245 0.0000000000
24542  -31.225  -13.267  62.867 0.0000000000
24543  -30.139  -13.452  62.395 0.0000000000
24544  -29.261  -13.723  61.968 0.0000000000
24545  -29.917  -14.198  63.679 0.0000000000
24546  -29.200  -14.885  65.059 0.0000000000
25697  -25.947  -20.834  69.349 0.0000000000
25698  -25.291  -20.452  69.902 0.0000000000
25735  -20.499  -2.611  49.520 0.0000000000
25736  -27.362  -12.366  49.763 0.0000000000
25737  -26.539  -11.608  48.257 0.0000000000
25738  -26.240  -12.108  49.678 0.0000000000
25739  -25.209  -11.826  49.868 0.0000000000
25740  -24.274  -11.483  50.127 0.0000000000
25741  -22.059  -12.515  54.921 0.0000000000
25742  -22.293  -11.808  53.567 0.0000000000
25743  -21.633  -11.341  54.122 0.0000000000
25744  -21.373  -10.062  53.563 0.0000000000
25745  -21.114  -8.680  52.976 0.0000000000
25746  -20.777  -7.176  52.477 0.0000000000
28802  -39.523  -13.296  57.767 0.0000000000
28803  -40.527  -12.242  58.196 0.0000000000
28804  -40.616  -12.773  58.867 0.0000000000
28805  -41.127  -12.145  59.816 0.0000000000
28806  -40.799  -11.320  60.453 0.0000000000
28807  -40.467  -13.236  61.257 0.0000000000
28808  -40.335  -11.810  61.197 0.0000000000
28809  -39.940  -10.433  60.613 0.0000000000
28810  -38.625  -10.262  60.398 0.0000000000
28811  -37.147  -10.322  59.827 0.0000000000
28812  -35.896  -10.959  58.734 0.0000000000
28833  -32.660  -16.405  66.987 0.0000000000
28834  -32.047  -17.625  67.836 0.0000000000
28835  -32.901  -18.140  67.431 0.0000000000
28836  -32.835  -19.858  66.816 0.0000000000
28843  -34.900  -11.508  58.262 0.0000000000
28844  -35.567  -11.480  59.836 0.0000000000
28845  -35.392  -12.223  61.059 0.0000000000
28846  -34.863  -12.706  62.494 0.0000000000
28847  -36.280  -13.632  63.615 0.0000000000
28848  -35.174  -13.405  63.673 0.0000000000
28849  -34.380  -13.524  63.717 0.0000000000
28850  -33.717  -14.163  64.797 0.0000000000
28851  -33.337  -15.258  65.946 0.0000000000
29777  -26.479  -13.345  55.274 0.0000000000
29778  -25.652  -13.194  53.827 0.0000000000
29779  -25.501  -13.467  55.395 0.0000000000
29780  -24.550  -13.561  55.451 0.0000000000
29781  -23.619  -13.589  55.613 0.0000000000
29782  -23.918  -14.662  58.062 0.0000000000
29783  -23.306  -14.187  56.896 0.0000000000
29784  -22.537  -13.393  55.848 0.0000000000
29785  -21.594  -13.149  56.090 0.0000000000
29786  -20.875  -12.697  56.422 0.0000000000
32167  -41.582  -10.530  53.803 0.0000000000
32168  -42.764  -9.627  53.803 0.0000000000
32169  -43.256  -8.755  53.651 0.0000000000
32170  -42.670  -7.817  53.780 0.0000000000
32173  -41.265  -10.890  58.151 0.0000000000
32174  -41.684  -9.782  57.988 0.0000000000
32175  -41.714  -8.661  57.617 0.0000000000
32176  -40.194  -8.484  58.535 0.0000000000
32177  -40.663  -8.050  57.708 0.0000000000
32178  -41.289  -7.790  56.651 0.0000000000
32179  -40.515  -7.484  55.305 0.0000000000
32247  -24.758  -16.640  64.708 0.0000000000
32248  -24.493  -17.131  65.938 0.0000000000
32249  -25.358  -16.847  66.357 0.0000000000
32250  -25.953  -17.338  68.011 0.0000000000
32251  -26.415  -18.277  69.347 0.0000000000
32252  -27.759  -17.391  68.697 0.0000000000
32253  -27.307  -18.578  69.394 0.0000000000
32254  -26.790  -19.762  69.710 0.0000000000
32255  -26.543  -21.123  68.742 0.0000000000
32278  -28.650  -11.734  48.548 0.0000000000
32279  -30.528  -11.914  50.636 0.0000000000
32280  -29.341  -12.246  50.056 0.0000000000
32281  -28.269  -12.348  49.793 0.0000000000
32282  -28.076  -12.772  51.132 0.0000000000
32283  -27.932  -13.058  52.602 0.0000000000
32284  -27.721  -13.269  53.935 0.0000000000
32285  -34.006  -12.021  57.898 0.0000000000
32286  -32.848  -12.493  57.163 0.0000000000
32287  -31.775  -12.818  56.799 0.0000000000
32288  -31.988  -12.869  59.754 0.0000000000
32289  -31.435  -12.982  58.087 0.0000000000
32290  -30.622  -13.102  56.286 0.0000000000
32291  -29.560  -13.223  55.748 0.0000000000
32292  -28.640  -13.264  55.516 0.0000000000
32293  -27.515  -13.271  55.306 0.0000000000
32294  -27.252  -13.419  56.826 0.0000000000
32295  -26.922  -13.907  58.349 0.0000000000
32296  -26.603  -14.348  59.805 0.0000000000
32297  -28.397  -14.080  61.689 0.0000000000
32298  -27.303  -14.457  61.336 0.0000000000
32299  -26.289  -14.757  61.043 0.0000000000
32300  -25.898  -15.301  62.445 0.0000000000
32301  -25.308  -15.972  63.586 0.0000000000
34802  -25.906  -10.718  47.035 0.0000000000
34807  -22.215  -6.564  47.167 0.0000000000
34808  -24.886  -12.742  52.636 0.0000000000
34809  -24.108  -12.035  51.472 0.0000000000
34810  -23.472  -11.046  50.473 0.0000000000
34811  -22.565  -11.204  52.269 0.0000000000
34812  -22.753  -10.516  50.889 0.0000000000
34813  -22.944  -9.919  49.524 0.0000000000
34814  -22.443  -8.656  48.807 0.0000000000
34815  -21.968  -7.290  48.279 0.0000000000
34816  -21.540  -5.894  47.957 0.0000000000
34817  -20.969  -5.040  48.737 0.0000000000
34818  -20.550  -4.241  49.647 0.0000000000
34819  -20.161  -3.483  50.644 0.0000000000
34820  -20.431  -5.836  52.106 0.0000000000
41193  -24.182  -16.617  63.735 0.0000000000
41194  -23.950  -16.509  62.972 0.0000000000
41195  -23.665  -16.798  63.539 0.0000000000
41762  -39.301  -12.512  56.378 0.0000000000
41763  -39.822  -12.094  56.481 0.0000000000
41764  -39.919  -12.289  57.081 0.0000000000
41765  -35.628  -10.559  57.749 0.0000000000
41766  -35.766  -10.216  57.248 0.0000000000
41767  -35.221  -10.585  56.904 0.0000000000
41768  -34.808  -10.632  56.024 0.0000000000
41769  -34.455  -10.976  56.104 0.0000000000
41773  -38.820  -13.438  56.878 0.0000000000
41775  -38.723  -13.174  56.388 0.0000000000
41776  -38.617  -12.905  55.892 0.0000000000
41784  -31.113  -15.879  67.050 0.0000000000
41785  -30.937  -16.391  67.643 0.0000000000
41786  -31.426  -16.593  67.606 0.0000000000
41791  -34.111  -11.301  56.025 0.0000000000
41792  -34.534  -11.289  56.884 0.0000000000
41793  -31.993  -15.435  66.397 0.0000000000
41794  -31.744  -14.925  65.688 0.0000000000
41795  -31.518  -15.377  66.346 0.0000000000
41796  -31.069  -15.344  66.276 0.0000000000
42455  -21.835  -4.307  46.835 0.0000000000
42457  -21.602  -4.684  47.326 0.0000000000
42458  -26.824  -13.155  53.193 0.0000000000
42459  -26.483  -13.049  52.529 0.0000000000
42460  -26.345  -13.085  53.169 0.0000000000
44162  -39.687  -14.974  59.442 0.0000000000
44163  -40.217  -14.482  59.744 0.0000000000
44164  -40.133  -14.801  60.104 0.0000000000
44165  -38.417  -12.898  62.609 0.0000000000
44166  -38.797  -12.583  62.351 0.0000000000
44167  -38.080  -12.040  62.147 0.0000000000
44168  -37.844  -11.622  61.792 0.0000000000
44169  -37.583  -12.157  62.088 0.0000000000
44184  -34.913  -17.308  66.223 0.0000000000
44185  -34.468  -18.120  66.495 0.0000000000
44186  -34.906  -18.287  66.145 0.0000000000
44191  -36.932  -12.076  62.121 0.0000000000
44192  -37.128  -12.504  62.689 0.0000000000
44193  -35.484  -16.743  65.697 0.0000000000
44194  -35.545  -16.031  65.431 0.0000000000
44195  -35.192  -16.708  65.828 0.0000000000
44196  -34.812  -16.597  65.954 0.0000000000
44858  -25.827  -14.444  58.990 0.0000000000
44859  -25.534  -14.396  58.275 0.0000000000
44860  -25.298  -14.590  58.935 0.0000000000
44862  -22.262  -14.936  58.373 0.0000000000
46565  -42.278  -9.066  56.240 0.0000000000
46566  -42.476  -8.977  55.630 0.0000000000
46567  -42.284  -8.550  55.933 0.0000000000
46568  -42.201  -8.110  55.579 0.0000000000
46569  -42.068  -8.105  56.080 0.0000000000
46570  -40.832  -10.396  59.934 0.0000000000
46571  -41.016  -9.939  59.497 0.0000000000
46572  -40.575  -9.740  59.748 0.0000000000
46573  -37.188  -8.470  55.213 0.0000000000
46574  -37.952  -8.136  55.793 0.0000000000
46575  -37.553  -8.253  54.816 0.0000000000
46576  -37.858  -8.070  54.354 0.0000000000
46580  -32.420  -10.508  50.135 0.0000000000
46629  -27.072  -15.816  65.825 0.0000000000
46630  -26.910  -16.227  66.465 0.0000000000
46631  -27.409  -16.057  66.684 0.0000000000
46633  -28.700  -20.003  68.905 0.0000000000
46652  -31.276  -10.963  49.502 0.0000000000
46653  -31.079  -12.719  54.380 0.0000000000
46654  -30.563  -12.690  53.371 0.0000000000
46655  -30.562  -12.889  54.033 0.0000000000
46656  -29.908  -13.014  53.871 0.0000000000
46657  -30.383  -13.035  54.695 0.0000000000
46658  -34.034  -12.621  61.486 0.0000000000
46659  -33.836  -12.554  60.743 0.0000000000
46660  -33.630  -12.626  61.473 0.0000000000
46661  -30.046  -13.141  60.811 0.0000000000
46662  -30.263  -13.056  59.939 0.0000000000
46663  -29.817  -13.144  59.847 0.0000000000
46664  -29.500  -13.107  58.860 0.0000000000
46665  -29.311  -13.203  59.763 0.0000000000
46666  -28.758  -13.330  59.584 0.0000000000
46667  -29.035  -13.411  60.521 0.0000000000
46668  -27.833  -15.294  65.415 0.0000000000
46669  -27.672  -15.150  64.557 0.0000000000
46670  -27.346  -15.422  65.206 0.0000000000
46671  -26.884  -15.624  65.010 0.0000000000
48587  -25.825  -18.696  69.629 0.0000000000
48588  -25.365  -18.632  69.520 0.0000000000
48589  -25.615  -19.216  69.921 0.0000000000
48648  -20.335  -1.457  49.973 0.0000000000
48653  -27.815  -11.501  47.765 0.0000000000
48654  -27.483  -11.088  47.025 0.0000000000
48655  -27.316  -11.433  47.654 0.0000000000
48656  -24.043  -10.714  48.944 0.0000000000
48657  -24.269  -10.372  48.224 0.0000000000
48658  -23.810  -10.182  48.468 0.0000000000
48659  -23.511  -9.541  48.010 0.0000000000
48660  -23.290  -9.783  48.586 0.0000000000
48661  -23.396  -12.860  54.365 0.0000000000
48662  -23.397  -12.597  53.622 0.0000000000
48663  -22.974  -12.450  53.820 0.0000000000
48664  -21.390  -8.607  51.830 0.0000000000
48665  -21.633  -8.987  51.467 0.0000000000
48666  -21.458  -8.282  51.159 0.0000000000
48667  -21.526  -7.868  50.509 0.0000000000
48668  -21.249  -7.519  50.923 0.0000000000
48669  -21.073  -6.787  50.691 0.0000000000
48670  -21.062  -7.255  51.334 0.0000000000
53763  -39.770  -15.745  60.935 0.0000000000
53764  -39.721  -15.705  61.142 0.0000000000
53765  -38.927  -14.909  62.797 0.0000000000
53766  -39.329  -15.057  62.542 0.0000000000
53767  -38.926  -14.153  62.764 0.0000000000
53768  -38.836  -13.745  62.830 0.0000000000
53769  -38.283  -14.133  63.106 0.0000000000
53791  -37.826  -14.201  63.466 0.0000000000
53792  -37.939  -14.796  63.376 0.0000000000
53793  -36.744  -16.826  64.630 0.0000000000
53794  -37.006  -16.224  64.346 0.0000000000
53795  -36.588  -17.054  64.929 0.0000000000
53796  -36.181  -17.026  65.227 0.0000000000
54458  -25.165  -15.360  61.411 0.0000000000
54459  -24.881  -15.240  60.659 0.0000000000
54460  -24.694  -15.560  61.271 0.0000000000
54461  -23.444  -16.193  61.447 0.0000000000
54462  -23.715  -15.873  60.944 0.0000000000
56163  -39.682  -11.759  54.103 0.0000000000
56164  -39.684  -11.799  54.668 0.0000000000
56165  -40.964  -11.059  56.733 0.0000000000
56166  -41.015  -10.981  56.056 0.0000000000
56167  -41.445  -10.573  56.577 0.0000000000
56168  -41.904  -9.991  56.572 0.0000000000
56169  -41.754  -10.154  57.133 0.0000000000
56170  -38.394  -9.573  59.655 0.0000000000
56171  -38.694  -9.187  59.324 0.0000000000
56172  -38.020  -9.420  59.057 0.0000000000
56173  -36.279  -9.558  56.875 0.0000000000
56174  -37.049  -9.236  57.445 0.0000000000
56175  -36.408  -9.191  56.336 0.0000000000
56176  -36.670  -8.970  55.958 0.0000000000
56177  -35.909  -9.291  55.209 0.0000000000
56178  -35.515  -9.388  54.473 0.0000000000
56179  -35.431  -9.658  54.974 0.0000000000
56180  -33.995  -10.638  54.083 0.0000000000
56181  -34.079  -10.347  53.560 0.0000000000
56182  -33.569  -10.642  53.031 0.0000000000
56183  -33.127  -10.647  51.960 0.0000000000
56184  -32.889  -10.986  52.354 0.0000000000
56229  -28.979  -15.549  66.593 0.0000000000
56230  -28.779  -16.018  67.252 0.0000000000
56231  -29.312  -16.046  67.381 0.0000000000
56232  -30.369  -17.578  68.531 0.0000000000
56233  -29.980  -17.433  68.549 0.0000000000
56234  -30.141  -18.248  68.761 0.0000000000
56251  -32.386  -11.294  52.166 0.0000000000
56252  -32.760  -11.311  53.094 0.0000000000
56253  -33.112  -11.877  55.497 0.0000000000
56254  -32.691  -11.899  54.582 0.0000000000
56255  -32.521  -12.141  55.120 0.0000000000
56256  -32.020  -12.356  54.851 0.0000000000
56257  -32.598  -12.319  55.881 0.0000000000
56258  -33.042  -13.683  64.146 0.0000000000
56259  -32.836  -13.322  63.442 0.0000000000
56260  -32.405  -13.618  63.942 0.0000000000
56261  -31.298  -13.910  64.196 0.0000000000
56262  -31.551  -13.553  63.686 0.0000000000
56263  -31.071  -13.603  63.462 0.0000000000
56264  -30.711  -13.367  62.638 0.0000000000
56265  -30.525  -13.670  63.257 0.0000000000
56266  -30.100  -13.767  63.083 0.0000000000
56267  -30.346  -13.999  63.899 0.0000000000
56268  -29.927  -15.218  66.031 0.0000000000
56269  -29.844  -14.834  65.237 0.0000000000
56270  -29.414  -15.209  65.913 0.0000000000
56271  -28.941  -15.258  65.777 0.0000000000
58187  -25.809  -21.394  68.715 0.0000000000
58188  -25.467  -21.283  69.119 0.0000000000
58248  -21.067  -3.056  48.164 0.0000000000
58250  -20.851  -2.639  48.599 0.0000000000
58251  -20.673  -2.323  49.011 0.0000000000
58252  -20.650  -3.025  49.053 0.0000000000
58253  -27.204  -12.530  50.404 0.0000000000
58254  -26.774  -12.216  49.660 0.0000000000
58255  -26.656  -12.399  50.294 0.0000000000
58256  -25.493  -12.429  51.182 0.0000000000
58257  -25.632  -12.240  50.483 0.0000000000
58258  -25.061  -12.059  50.544 0.0000000000
58259  -24.718  -11.693  49.990 0.0000000000
58260  -24.653  -11.932  50.680 0.0000000000
58261  -21.646  -12.329  55.186 0.0000000000
58262  -21.855  -11.927  54.556 0.0000000000
58263  -21.405  -11.654  54.776 0.0000000000
58264  -21.000  -10.199  54.617 0.0000000000
58265  -21.179  -10.451  54.222 0.0000000000
58266  -21.141  -9.784  53.916 0.0000000000
58267  -21.210  -9.384  53.264 0.0000000000
58268  -21.031  -9.139  53.645 0.0000000000
58269  -20.880  -8.349  53.360 0.0000000000
63362  -39.554  -13.597  58.199 0.0000000000
63363  -40.170  -13.120  58.293 0.0000000000
63364  -40.225  -13.420  58.677 0.0000000000
63365  -40.732  -13.141  60.189 0.0000000000
63366  -40.797  -12.799  59.878 0.0000000000
63367  -40.838  -12.522  60.303 0.0000000000
63368  -40.981  -11.649  60.274 0.0000000000
63369  -40.845  -11.927  60.599 0.0000000000
63370  -40.185  -14.514  61.498 0.0000000000
63371  -40.231  -14.072  61.265 0.0000000000
63372  -40.269  -13.272  61.647 0.0000000000
63373  -39.565  -11.830  61.666 0.0000000000
63374  -40.054  -12.089  61.653 0.0000000000
63375  -39.872  -11.609  61.337 0.0000000000
63376  -40.104  -11.275  61.107 0.0000000000
63377  -39.545  -10.768  60.988 0.0000000000
63378  -39.162  -10.248  60.696 0.0000000000
63379  -38.884  -10.605  61.068 0.0000000000
63380  -37.222  -10.931  60.595 0.0000000000
63381  -37.513  -10.553  60.445 0.0000000000
63382  -36.836  -10.739  60.049 0.0000000000
63383  -36.424  -10.609  59.269 0.0000000000
63384  -36.183  -10.922  59.403 0.0000000000
63403  -39.224  -14.792  58.337 0.0000000000
63405  -39.188  -14.451  58.050 0.0000000000
63406  -39.075  -14.066  57.664 0.0000000000
63429  -33.076  -16.571  66.905 0.0000000000
63430  -32.770  -17.239  67.365 0.0000000000
63431  -33.187  -17.470  67.202 0.0000000000
63432  -33.744  -19.308  66.566 0.0000000000
63433  -33.355  -19.219  66.906 0.0000000000
63438  -34.741  -19.801  65.218 0.0000000000
63451  -35.681  -11.233  59.326 0.0000000000
63452  -36.134  -11.342  60.125 0.0000000000
63453  -35.996  -12.288  61.566 0.0000000000
63454  -35.810  -11.972  61.186 0.0000000000
63455  -35.663  -12.461  61.827 0.0000000000
63456  -35.200  -12.620  61.722 0.0000000000
63457  -35.342  -12.695  62.356 0.0000000000
63458  -36.864  -14.213  63.775 0.0000000000
63459  -36.628  -13.559  63.344 0.0000000000
63460  -36.366  -14.096  63.904 0.0000000000
63461  -35.203  -14.637  64.669 0.0000000000
63462  -35.496  -14.104  64.201 0.0000000000
63463  -35.000  -13.959  64.251 0.0000000000
63464  -34.883  -13.559  63.700 0.0000000000
63465  -34.483  -13.870  64.260 0.0000000000
63466  -34.046  -13.861  64.273 0.0000000000
63467  -34.333  -14.398  64.858 0.0000000000
63468  -33.945  -16.229  66.311 0.0000000000
63469  -33.677  -15.348  65.884 0.0000000000
63470  -33.448  -15.991  66.360 0.0000000000
63471  -32.901  -15.749  66.411 0.0000000000
65453  -26.436  -13.484  56.098 0.0000000000
65454  -25.944  -13.389  55.333 0.0000000000
65455  -25.917  -13.573  56.099 0.0000000000
65456  -24.818  -14.103  56.850 0.0000000000
65457  -24.927  -13.830  56.122 0.0000000000
65458  -24.449  -13.905  56.206 0.0000000000
65459  -24.049  -13.554  55.545 0.0000000000
65460  -23.966  -13.923  56.244 0.0000000000
65461  -24.116  -14.949  59.255 0.0000000000
65462  -24.236  -14.775  58.732 0.0000000000
65463  -23.756  -14.840  58.650 0.0000000000
65464  -22.566  -14.409  57.422 0.0000000000
65465  -23.026  -14.438  57.439 0.0000000000
65466  -22.759  -14.094  56.889 0.0000000000
65467  -22.841  -13.826  56.347 0.0000000000
65468  -22.382  -13.767  56.361 0.0000000000
65469  -22.046  -13.262  55.973 0.0000000000
65470  -21.941  -13.601  56.467 0.0000000000
65472  -21.049  -13.324  56.648 0.0000000000
70570  -40.943  -10.879  54.351 0.0000000000
70571  -40.971  -10.929  53.777 0.0000000000
70572  -41.525  -10.526  54.307 0.0000000000
70573  -42.823  -9.076  54.712 0.0000000000
70574  -42.627  -9.607  54.255 0.0000000000
70575  -42.984  -9.064  54.253 0.0000000000
70576  -43.126  -9.111  53.772 0.0000000000
70577  -43.088  -8.662  54.082 0.0000000000
70578  -43.059  -8.192  53.819 0.0000000000
70579  -42.868  -8.152  54.297 0.0000000000
70580  -41.611  -7.475  54.511 0.0000000000
70581  -41.840  -7.531  54.024 0.0000000000
70585  -40.935  -11.856  58.640 0.0000000000
70586  -40.943  -11.683  58.245 0.0000000000
70587  -41.174  -11.236  58.745 0.0000000000
70588  -41.482  -9.624  58.709 0.0000000000
70589  -41.576  -9.956  58.532 0.0000000000
70590  -41.589  -9.364  58.233 0.0000000000
70591  -41.784  -9.263  57.897 0.0000000000
70592  -41.560  -8.827  58.070 0.0000000000
70593  -39.207  -8.627  58.695 0.0000000000
70594  -39.829  -8.644  58.921 0.0000000000
70595  -39.402  -8.343  58.303 0.0000000000
70596  -39.577  -7.780  56.735 0.0000000000
70597  -39.976  -7.894  57.461 0.0000000000
70598  -40.327  -7.766  57.044 0.0000000000
70599  -40.943  -7.959  57.188 0.0000000000
70600  -40.613  -7.684  56.468 0.0000000000
70601  -40.889  -7.586  55.953 0.0000000000
70602  -40.196  -7.574  55.730 0.0000000000
70615  -34.775  -9.478  52.580 0.0000000000
70764  -25.223  -16.436  64.906 0.0000000000
70765  -25.112  -16.705  65.558 0.0000000000
70766  -25.551  -16.564  65.788 0.0000000000
70767  -26.576  -16.924  67.642 0.0000000000
70768  -26.105  -17.001  67.401 0.0000000000
70769  -26.405  -17.280  68.176 0.0000000000
70770  -26.194  -17.753  68.765 0.0000000000
70771  -26.678  -17.791  68.898 0.0000000000
70772  -28.466  -16.923  68.337 0.0000000000
70773  -28.020  -16.877  68.195 0.0000000000
70774  -28.253  -17.486  68.815 0.0000000000
70775  -27.862  -19.609  69.334 0.0000000000
70776  -27.717  -18.771  69.347 0.0000000000
70777  -27.440  -19.419  69.498 0.0000000000
70778  -27.093  -19.226  69.630 0.0000000000
70779  -27.155  -19.968  69.532 0.0000000000
70780  -26.729  -20.500  69.338 0.0000000000
70781  -27.041  -20.678  69.053 0.0000000000
70787  -32.242  -18.610  67.790 0.0000000000
70788  -31.809  -18.288  68.031 0.0000000000
70789  -31.970  -19.257  67.754 0.0000000000
70833  -29.932  -11.160  48.270 0.0000000000
70835  -29.423  -11.312  48.107 0.0000000000
70836  -28.861  -11.398  47.922 0.0000000000
70837  -29.165  -11.649  48.655 0.0000000000
70838  -31.423  -11.781  51.753 0.0000000000
70839  -31.011  -11.679  50.820 0.0000000000
70840  -30.901  -12.055  51.508 0.0000000000
70841  -29.593  -12.578  51.535 0.0000000000
70842  -29.719  -12.381  50.840 0.0000000000
70843  -29.149  -12.499  50.713 0.0000000000
70844  -28.733  -12.287  49.840 0.0000000000
70845  -28.680  -12.531  50.528 0.0000000000
70846  -28.248  -12.590  50.539 0.0000000000
70847  -28.546  -12.765  51.254 0.0000000000
70848  -28.891  -13.162  53.460 0.0000000000
70849  -28.384  -13.042  52.592 0.0000000000
70850  -28.421  -13.177  53.428 0.0000000000
70851  -27.897  -13.137  53.377 0.0000000000
70852  -28.272  -13.218  54.043 0.0000000000
70853  -35.007  -11.738  59.160 0.0000000000
70854  -34.564  -11.780  58.241 0.0000000000
70855  -34.310  -11.975  58.713 0.0000000000
70856  -33.121  -12.553  58.819 0.0000000000
70857  -33.347  -12.365  58.351 0.0000000000
70858  -32.824  -12.639  58.005 0.0000000000
70859  -32.479  -12.623  57.299 0.0000000000
70860  -32.117  -12.768  57.593 0.0000000000
70861  -32.131  -12.819  61.640 0.0000000000
70862  -32.482  -12.856  60.900 0.0000000000
70863  -31.854  -12.941  60.653 0.0000000000
70864  -30.621  -13.127  58.343 0.0000000000
70865  -31.232  -13.000  58.663 0.0000000000
70866  -30.793  -13.052  57.672 0.0000000000
70867  -31.043  -13.031  57.040 0.0000000000
70868  -30.594  -13.091  57.039 0.0000000000
70869  -30.222  -13.163  56.135 0.0000000000
70870  -29.921  -13.166  56.535 0.0000000000
70871  -28.788  -13.241  56.986 0.0000000000
70872  -28.996  -13.261  56.497 0.0000000000
70873  -28.496  -13.255  56.204 0.0000000000
70874  -27.941  -13.259  55.294 0.0000000000
70875  -27.915  -13.276  56.049 0.0000000000
70876  -27.363  -13.283  56.001 0.0000000000
70877  -27.810  -13.268  56.865 0.0000000000
70878  -27.779  -13.741  59.366 0.0000000000
70879  -27.509  -13.664  58.489 0.0000000000
70880  -27.320  -13.909  59.233 0.0000000000
70881  -26.868  -14.156  59.158 0.0000000000
70882  -27.090  -14.151  59.882 0.0000000000
70883  -29.186  -14.078  62.770 0.0000000000
70884  -28.808  -13.915  61.806 0.0000000000
70885  -28.680  -14.253  62.591 0.0000000000
70886  -27.323  -14.843  62.877 0.0000000000
70887  -27.614  -14.514  62.163 0.0000000000
70888  -27.143  -14.668  62.012 0.0000000000
70889  -26.826  -14.598  61.210 0.0000000000
70890  -26.646  -14.836  61.887 0.0000000000
70891  -26.186  -15.017  61.769 0.0000000000
70892  -26.353  -15.132  62.599 0.0000000000
70893  -26.002  -15.922  64.565 0.0000000000
70894  -25.769  -15.809  63.768 0.0000000000
70895  -25.582  -16.083  64.387 0.0000000000
70896  -25.115  -16.276  64.149 0.0000000000
76637  -24.784  -17.272  66.740 0.0000000000
76846  -26.004  -11.478  48.297 0.0000000000
76847  -26.246  -11.194  47.620 0.0000000000
76848  -25.750  -11.106  47.730 0.0000000000
76849  -24.533  -9.727  46.812 0.0000000000
76850  -25.047  -9.972  46.621 0.0000000000
76856  -22.980  -8.314  47.265 0.0000000000
76857  -23.133  -7.976  46.638 0.0000000000
76858  -22.750  -7.640  46.985 0.0000000000
76859  -22.521  -6.845  46.769 0.0000000000
76860  -22.440  -7.340  47.377 0.0000000000
76861  -25.198  -13.134  53.920 0.0000000000
76862  -25.320  -13.032  53.232 0.0000000000
76863  -24.814  -12.975  53.283 0.0000000000
76864  -23.573  -12.073  52.295 0.0000000000
76865  -24.034  -12.244  52.171 0.0000000000
76866  -23.715  -11.879  51.635 0.0000000000
76867  -23.783  -11.528  50.938 0.0000000000
76868  -23.368  -11.330  51.125 0.0000000000
76869  -22.059  -11.240  53.190 0.0000000000
76870  -22.441  -11.483  52.942 0.0000000000
76871  -22.203  -10.870  52.536 0.0000000000
76872  -22.223  -9.630  50.765 0.0000000000
76873  -22.422  -10.263  51.159 0.0000000000
76874  -22.532  -9.939  50.450 0.0000000000
76875  -22.876  -10.261  50.214 0.0000000000
76876  -22.587  -9.636  49.810 0.0000000000
76877  -22.718  -9.353  49.135 0.0000000000
76878  -22.396  -9.009  49.434 0.0000000000
76879  -21.638  -7.241  49.247 0.0000000000
76880  -21.958  -7.652  48.856 0.0000000000
76881  -21.719  -6.970  48.622 0.0000000000
76882  -21.723  -6.586  48.115 0.0000000000
76883  -21.441  -6.236  48.468 0.0000000000
76884  -21.243  -5.503  48.318 0.0000000000
76885  -21.150  -5.813  48.847 0.0000000000
76886  -20.635  -5.295  50.347 0.0000000000
76887  -20.706  -5.079  49.712 0.0000000000
76888  -20.448  -4.629  50.219 0.0000000000
76889  -20.391  -3.825  50.122 0.0000000000
76890  -20.252  -4.203  50.703 0.0000000000
76892  -20.645  -6.563  52.274 0.0000000000
92166  -38.371  -14.944  63.136 0.0000000000
92175  -36.617  -18.218  64.697 0.0000000000
92179  -37.868  -14.946  63.519 0.0000000000
92180  -37.719  -15.767  63.814 0.0000000000
92579  -24.616  -16.015  62.615 0.0000000000
92580  -24.416  -15.848  61.872 0.0000000000
92581  -24.168  -16.216  62.385 0.0000000000
92582  -23.705  -16.389  62.214 0.0000000000
93602  -39.145  -12.239  55.268 0.0000000000
93603  -39.708  -11.845  55.237 0.0000000000
93604  -39.745  -11.917  55.806 0.0000000000
93605  -40.440  -11.576  56.596 0.0000000000
93606  -40.993  -11.059  57.147 0.0000000000
93607  -37.069  -9.921  59.006 0.0000000000
93608  -37.270  -9.609  58.573 0.0000000000
93609  -36.469  -9.885  58.002 0.0000000000
93610  -36.047  -9.890  57.133 0.0000000000
93611  -35.634  -9.911  56.160 0.0000000000
93612  -35.078  -9.916  55.125 0.0000000000
93613  -34.986  -10.270  55.635 0.0000000000
93614  -34.344  -10.626  54.951 0.0000000000
93615  -33.629  -11.001  54.296 0.0000000000
93642  -30.070  -15.608  66.881 0.0000000000
93643  -29.879  -16.130  67.499 0.0000000000
93644  -30.415  -16.263  67.600 0.0000000000
93645  -30.721  -16.933  68.107 0.0000000000
93655  -33.201  -11.293  54.148 0.0000000000
93656  -33.671  -11.272  55.207 0.0000000000
93657  -33.528  -11.608  55.575 0.0000000000
93658  -33.540  -11.840  56.286 0.0000000000
93659  -32.567  -14.431  65.315 0.0000000000
93660  -32.336  -14.019  64.655 0.0000000000
93661  -32.069  -14.379  65.215 0.0000000000
93662  -31.649  -14.343  65.078 0.0000000000
93663  -31.167  -14.359  64.880 0.0000000000
93664  -30.635  -14.388  64.720 0.0000000000
93665  -30.707  -14.805  65.433 0.0000000000
93666  -30.500  -15.307  66.141 0.0000000000
94853  -21.530  -3.138  47.260 0.0000000000
94854  -21.288  -3.499  47.717 0.0000000000
94855  -21.059  -3.860  48.211 0.0000000000
94856  -26.930  -12.808  51.739 0.0000000000
94857  -26.637  -12.680  51.121 0.0000000000
94858  -26.347  -12.806  51.755 0.0000000000
94859  -25.950  -12.727  51.798 0.0000000000
94860  -25.423  -12.620  51.867 0.0000000000
94861  -20.956  -11.889  55.687 0.0000000000
94862  -21.226  -11.497  55.137 0.0000000000
94863  -20.879  -11.206  55.461 0.0000000000
97922  -39.751  -14.426  58.861 0.0000000000
97923  -40.265  -13.777  59.069 0.0000000000
97924  -40.239  -14.153  59.420 0.0000000000
97925  -40.554  -13.742  59.965 0.0000000000
97926  -40.594  -13.524  60.565 0.0000000000
97927  -39.613  -13.562  62.289 0.0000000000
97928  -39.871  -12.952  62.061 0.0000000000
97929  -39.505  -12.742  62.202 0.0000000000
97930  -39.234  -12.113  62.121 0.0000000000
97931  -38.849  -11.289  61.618 0.0000000000
97932  -38.410  -10.824  61.185 0.0000000000
97933  -38.228  -11.322  61.595 0.0000000000
97934  -37.545  -11.250  61.237 0.0000000000
97935  -36.804  -11.270  60.733 0.0000000000
97948  -39.270  -15.236  58.689 0.0000000000
97962  -34.015  -16.935  66.595 0.0000000000
97963  -33.719  -17.700  66.978 0.0000000000
97964  -34.150  -17.929  66.719 0.0000000000
97965  -34.073  -18.703  66.621 0.0000000000
97966  -34.072  -19.539  66.131 0.0000000000
97975  -36.590  -11.510  60.862 0.0000000000
97976  -36.758  -11.727  61.489 0.0000000000
97977  -36.652  -12.376  62.001 0.0000000000
97978  -36.456  -12.720  62.572 0.0000000000
97979  -36.372  -15.478  64.744 0.0000000000
97980  -35.840  -14.571  64.409 0.0000000000
97981  -35.808  -15.421  64.926 0.0000000000
97982  -35.344  -15.294  65.183 0.0000000000
97983  -34.864  -15.041  65.238 0.0000000000
97984  -34.440  -14.867  65.329 0.0000000000
97985  -34.668  -15.630  65.688 0.0000000000
97986  -34.379  -16.438  66.135 0.0000000000
99176  -26.164  -13.964  57.602 0.0000000000
99177  -25.787  -13.882  56.822 0.0000000000
99178  -25.718  -14.128  57.589 0.0000000000
99179  -25.125  -14.263  57.517 0.0000000000
99180  -24.614  -14.328  57.506 0.0000000000
99181  -23.075  -15.156  59.008 0.0000000000
99182  -23.289  -14.929  58.551 0.0000000000
99183  -22.794  -14.931  58.476 0.0000000000
99184  -22.505  -14.691  57.920 0.0000000000
99185  -22.094  -14.328  57.403 0.0000000000
99186  -21.809  -13.949  56.944 0.0000000000
99187  -21.663  -14.264  57.432 0.0000000000
102246  -41.082  -10.985  52.611 0.0000000000
102247  -41.927  -10.068  55.470 0.0000000000
102248  -42.042  -10.059  54.877 0.0000000000
102249  -42.384  -9.502  55.260 0.0000000000
102250  -42.657  -9.041  55.126 0.0000000000
102251  -42.745  -8.582  54.932 0.0000000000
102252  -42.645  -8.132  54.692 0.0000000000
102253  -42.470  -8.067  55.086 0.0000000000
102254  -41.952  -7.738  54.946 0.0000000000
102255  -41.435  -7.517  54.948 0.0000000000
102256  -41.262  -11.160  59.459 0.0000000000
102257  -41.307  -10.908  59.146 0.0000000000
102258  -41.311  -10.501  59.425 0.0000000000
102259  -41.240  -9.839  59.194 0.0000000000
102260  -41.049  -9.186  58.908 0.0000000000
102261  -38.184  -8.443  57.246 0.0000000000
102262  -38.901  -8.200  57.545 0.0000000000
102263  -38.468  -8.128  56.641 0.0000000000
102264  -38.824  -7.929  56.371 0.0000000000
102265  -39.102  -7.748  55.809 0.0000000000
102266  -39.473  -7.642  55.396 0.0000000000
102267  -38.707  -7.760  54.843 0.0000000000
102274  -33.605  -10.031  51.325 0.0000000000
102363  -26.161  -16.137  65.390 0.0000000000
102364  -26.022  -16.426  66.018 0.0000000000
102365  -26.446  -16.330  66.235 0.0000000000
102366  -26.791  -16.563  67.062 0.0000000000
102367  -27.059  -16.858  67.849 0.0000000000
102368  -28.972  -18.455  69.034 0.0000000000
102369  -28.519  -18.235  69.131 0.0000000000
102370  -28.655  -19.140  69.173 0.0000000000
102371  -28.227  -19.862  69.151 0.0000000000
102372  -27.836  -20.356  68.974 0.0000000000
102373  -27.375  -20.846  68.686 0.0000000000
102406  -30.240  -11.347  49.041 0.0000000000
102407  -31.073  -12.352  52.931 0.0000000000
102408  -30.664  -12.303  51.996 0.0000000000
102409  -30.654  -12.507  52.739 0.0000000000
102410  -30.071  -12.668  52.500 0.0000000000
102411  -29.618  -12.777  52.238 0.0000000000
102412  -29.046  -12.907  52.037 0.0000000000
102413  -29.439  -13.007  52.855 0.0000000000
102414  -29.487  -13.088  53.683 0.0000000000
102415  -29.359  -13.182  54.304 0.0000000000
102416  -34.643  -12.250  60.268 0.0000000000
102417  -34.344  -12.259  59.439 0.0000000000
102418  -33.958  -12.470  59.693 0.0000000000
102419  -33.580  -12.571  59.897 0.0000000000
102420  -32.846  -12.618  59.461 0.0000000000
102421  -31.132  -13.011  61.174 0.0000000000
102422  -31.392  -12.915  60.525 0.0000000000
102423  -30.883  -13.046  60.295 0.0000000000
102424  -30.518  -13.053  59.262 0.0000000000
102425  -30.228  -13.039  58.352 0.0000000000
102426  -29.805  -13.196  57.361 0.0000000000
102427  -29.632  -13.175  58.051 0.0000000000
102428  -29.184  -13.169  57.946 0.0000000000
102429  -28.639  -13.177  57.764 0.0000000000
102430  -28.107  -13.284  57.702 0.0000000000
102431  -28.492  -13.328  58.679 0.0000000000
102432  -28.215  -13.512  59.434 0.0000000000
102433  -28.115  -13.744  60.158 0.0000000000
102434  -28.584  -14.708  64.022 0.0000000000
102435  -28.451  -14.507  63.291 0.0000000000
102436  -28.069  -14.839  63.855 0.0000000000
102437  -27.528  -15.006  63.687 0.0000000000
102438  -27.024  -15.142  63.501 0.0000000000
102439  -26.524  -15.298  63.348 0.0000000000
102440  -26.682  -15.406  64.139 0.0000000000
102441  -26.412  -15.781  64.766 0.0000000000
105887  -25.252  -17.726  68.414 0.0000000000
106011  -26.542  -10.532  46.315 0.0000000000
106012  -25.019  -11.109  48.555 0.0000000000
106013  -25.215  -10.845  47.821 0.0000000000
106014  -24.761  -10.638  47.984 0.0000000000
106015  -24.478  -10.108  47.478 0.0000000000
106016  -24.084  -9.494  46.999 0.0000000000
106017  -23.772  -8.888  46.662 0.0000000000
106018  -23.673  -9.214  47.303 0.0000000000
106019  -23.247  -8.973  47.568 0.0000000000
106020  -22.847  -8.634  47.904 0.0000000000
106021  -24.191  -13.039  54.075 0.0000000000
106022  -24.281  -12.816  53.359 0.0000000000
106023  -23.817  -12.730  53.511 0.0000000000
106024  -23.503  -12.353  52.978 0.0000000000
106025  -23.187  -11.937  52.456 0.0000000000
106026  -21.772  -9.938  52.505 0.0000000000
106027  -22.069  -10.349  52.206 0.0000000000
106028  -21.816  -9.669  51.809 0.0000000000
106029  -21.926  -9.324  51.095 0.0000000000
106030  -22.013  -8.937  50.398 0.0000000000
106031  -22.094  -8.641  49.741 0.0000000000
106032  -21.774  -8.224  50.086 0.0000000000
106033  -21.586  -7.610  49.853 0.0000000000
106034  -21.366  -6.866  49.635 0.0000000000
106035  -21.164  -6.164  49.437 0.0000000000
106036  -21.132  -6.509  50.020 0.0000000000
106037  -20.833  -6.077  50.493 0.0000000000
106038  -20.622  -5.750  50.914 0.0000000000
115202  -39.561  -15.832  60.036 0.0000000000
115203  -40.054  -15.092  60.414 0.0000000000
115204  -39.911  -15.420  60.693 0.0000000000
115205  -40.063  -14.810  61.216 0.0000000000
115206  -40.109  -14.125  61.837 0.0000000000
115207  -39.773  -15.235  61.817 0.0000000000
115208  -39.891  -14.440  62.067 0.0000000000
115209  -39.643  -14.187  62.392 0.0000000000
115210  -39.110  -13.549  62.476 0.0000000000
115211  -38.722  -13.273  62.839 0.0000000000
115212  -38.084  -13.110  62.830 0.0000000000
115233  -35.583  -17.610  65.757 0.0000000000
115234  -35.195  -18.413  65.855 0.0000000000
115236  -35.281  -19.435  65.041 0.0000000000
115243  -37.515  -13.075  63.049 0.0000000000
115244  -37.775  -13.848  63.113 0.0000000000
115245  -37.364  -14.238  63.619 0.0000000000
115246  -37.016  -14.864  64.084 0.0000000000
115247  -37.263  -15.163  63.836 0.0000000000
115248  -37.061  -15.465  64.357 0.0000000000
115249  -36.700  -15.679  64.510 0.0000000000
115250  -36.200  -16.139  65.049 0.0000000000
115251  -35.868  -16.883  65.442 0.0000000000
116177  -25.510  -14.829  60.209 0.0000000000
116178  -25.087  -14.761  59.479 0.0000000000
116179  -25.029  -14.946  60.075 0.0000000000
116180  -24.555  -15.088  59.984 0.0000000000
116181  -23.973  -15.238  59.788 0.0000000000
116182  -24.221  -15.720  61.124 0.0000000000
116183  -23.895  -15.576  60.386 0.0000000000
116184  -23.545  -15.337  59.662 0.0000000000
116185  -23.028  -15.457  59.529 0.0000000000
118565  -40.317  -11.286  54.164 0.0000000000
118566  -40.937  -10.878  54.874 0.0000000000
118567  -40.351  -11.323  55.491 0.0000000000
118568  -40.991  -10.897  55.349 0.0000000000
118569  -41.479  -10.479  55.495 0.0000000000
118570  -41.888  -9.982  56.081 0.0000000000
118571  -42.063  -9.556  56.443 0.0000000000
118572  -42.131  -9.042  56.748 0.0000000000
118573  -39.783  -9.742  60.119 0.0000000000
118574  -39.953  -9.408  59.808 0.0000000000
118575  -39.432  -9.273  59.626 0.0000000000
118576  -38.966  -8.937  59.046 0.0000000000
118577  -38.429  -8.684  58.413 0.0000000000
118578  -37.427  -9.206  58.091 0.0000000000
118579  -37.841  -9.021  57.990 0.0000000000
118580  -37.932  -8.582  57.461 0.0000000000
118581  -37.338  -8.594  56.480 0.0000000000
118582  -36.872  -8.660  55.600 0.0000000000
118583  -36.443  -8.790  54.683 0.0000000000
118584  -36.012  -8.859  53.611 0.0000000000
118585  -35.667  -9.101  53.952 0.0000000000
118586  -35.086  -9.403  53.531 0.0000000000
118587  -34.513  -9.738  52.892 0.0000000000
118588  -34.705  -9.985  54.272 0.0000000000
118589  -34.291  -10.051  53.221 0.0000000000
118590  -33.956  -10.019  52.280 0.0000000000
118591  -33.334  -10.329  51.542 0.0000000000
118592  -32.745  -10.599  50.980 0.0000000000
118593  -32.187  -10.807  50.621 0.0000000000
118656  -27.975  -15.593  66.235 0.0000000000
118657  -27.851  -15.989  66.876 0.0000000000
118658  -28.304  -15.978  67.069 0.0000000000
118659  -28.677  -16.452  67.809 0.0000000000
118660  -28.939  -17.026  68.437 0.0000000000
118661  -29.660  -16.647  68.036 0.0000000000
118662  -29.480  -17.278  68.527 0.0000000000
118663  -29.266  -17.742  68.877 0.0000000000
118664  -29.457  -18.662  68.939 0.0000000000
118687  -31.653  -11.076  50.365 0.0000000000
118688  -32.028  -11.179  51.247 0.0000000000
118689  -31.879  -11.509  51.908 0.0000000000
118690  -31.809  -11.857  52.618 0.0000000000
118691  -32.752  -11.609  53.843 0.0000000000
118692  -32.159  -11.878  53.488 0.0000000000
118693  -31.636  -12.102  53.199 0.0000000000
118694  -31.553  -12.414  53.824 0.0000000000
118695  -31.615  -12.611  54.746 0.0000000000
118696  -31.484  -12.734  55.261 0.0000000000
118697  -33.594  -13.070  62.954 0.0000000000
118698  -33.313  -12.882  62.087 0.0000000000
118699  -32.943  -13.114  62.627 0.0000000000
118700  -32.555  -13.082  62.592 0.0000000000
118701  -31.949  -13.071  62.335 0.0000000000
118702  -32.079  -13.543  63.894 0.0000000000
118703  -31.691  -13.254  63.040 0.0000000000
118704  -31.440  -13.140  62.158 0.0000000000
118705  -30.855  -13.105  61.912 0.0000000000
118706  -30.288  -13.195  61.748 0.0000000000
118707  -29.856  -13.353  61.560 0.0000000000
118708  -29.358  -13.442  61.355 0.0000000000
118709  -29.754  -13.567  62.228 0.0000000000
118710  -29.646  -13.873  62.904 0.0000000000
118711  -29.430  -14.265  63.532 0.0000000000
118712  -30.175  -14.447  64.522 0.0000000000
118713  -29.681  -14.543  64.361 0.0000000000
118714  -29.093  -14.603  64.183 0.0000000000
118715  -28.676  -14.943  64.928 0.0000000000
118716  -28.347  -15.236  65.609 0.0000000000
121397  -26.058  -20.132  69.833 0.0000000000
121398  -25.661  -19.927  69.991 0.0000000000
121399  -25.638  -20.652  69.677 0.0000000000
121488  -20.494  -1.809  49.496 0.0000000000
121489  -20.311  -2.247  50.011 0.0000000000
121490  -27.482  -12.058  49.074 0.0000000000
121491  -27.077  -11.729  48.326 0.0000000000
121492  -26.890  -12.046  49.049 0.0000000000
121493  -26.379  -11.857  48.983 0.0000000000
121494  -25.893  -11.762  49.055 0.0000000000
121495  -26.219  -12.324  50.452 0.0000000000
121496  -25.685  -11.911  49.722 0.0000000000
121497  -25.334  -11.532  49.131 0.0000000000
121498  -24.832  -11.398  49.317 0.0000000000
121499  -24.335  -11.176  49.440 0.0000000000
121500  -23.956  -10.969  49.589 0.0000000000
121501  -22.466  -12.601  54.712 0.0000000000
121502  -22.616  -12.306  54.020 0.0000000000
121503  -22.220  -12.139  54.253 0.0000000000
121504  -21.960  -11.593  53.841 0.0000000000
121505  -21.759  -11.011  53.472 0.0000000000
121506  -21.338  -11.108  54.508 0.0000000000
121507  -21.471  -10.718  53.814 0.0000000000
121508  -21.610  -10.374  53.204 0.0000000000
121509  -21.502  -9.685  52.886 0.0000000000
121510  -21.341  -8.963  52.558 0.0000000000
121511  -21.137  -8.245  52.264 0.0000000000
121512  -20.990  -7.574  52.011 0.0000000000
121513  -20.940  -7.959  52.698 0.0000000000
128642  -39.459  -12.974  57.308 0.0000000000
128643  -40.016  -12.504  57.591 0.0000000000
128644  -40.101  -12.838  57.968 0.0000000000
128645  -40.567  -12.473  58.570 0.0000000000
128646  -40.969  -12.198  59.007 0.0000000000
128647  -40.567  -13.115  59.303 0.0000000000
128648  -40.916  -12.549  59.471 0.0000000000
128649  -41.188  -11.868  59.348 0.0000000000
128650  -41.096  -11.357  59.800 0.0000000000
128651  -40.966  -10.992  60.133 0.0000000000
128652  -40.566  -10.704  60.424 0.0000000000
128653  -40.566  -14.431  60.458 0.0000000000
128654  -40.509  -13.615  60.843 0.0000000000
128655  -40.711  -12.992  60.930 0.0000000000
128656  -40.168  -12.806  61.699 0.0000000000
128657  -40.507  -12.373  61.213 0.0000000000
128658  -40.640  -12.346  61.033 0.0000000000
128659  -40.524  -11.627  60.948 0.0000000000
128660  -40.300  -10.746  60.603 0.0000000000
128661  -40.049  -10.284  60.435 0.0000000000
128662  -39.388  -9.849  60.491 0.0000000000
128663  -38.793  -9.951  60.308 0.0000000000
128664  -38.161  -9.848  60.017 0.0000000000
128665  -38.273  -10.529  60.684 0.0000000000
128666  -37.769  -10.344  60.138 0.0000000000
128667  -37.386  -10.067  59.579 0.0000000000
128668  -36.751  -10.238  59.090 0.0000000000
128669  -36.030  -10.518  58.503 0.0000000000
128670  -35.448  -10.925  57.996 0.0000000000
128698  -38.916  -13.703  57.276 0.0000000000
128727  -32.106  -16.152  67.034 0.0000000000
128728  -31.912  -16.800  67.525 0.0000000000
128729  -32.394  -17.051  67.468 0.0000000000
128730  -32.446  -17.867  67.667 0.0000000000
128731  -32.625  -18.839  67.498 0.0000000000
128732  -33.353  -18.413  67.169 0.0000000000
128733  -32.916  -18.991  67.240 0.0000000000
128735  -32.409  -20.384  66.677 0.0000000000
128738  -34.860  -19.038  65.827 0.0000000000
128739  -34.395  -19.669  65.672 0.0000000000
128755  -34.967  -11.253  57.713 0.0000000000
128756  -35.323  -11.216  58.455 0.0000000000
128757  -35.182  -11.467  58.971 0.0000000000
128758  -35.264  -11.748  59.871 0.0000000000
128759  -35.800  -11.660  60.349 0.0000000000
128760  -35.534  -11.798  60.561 0.0000000000
128761  -34.937  -11.997  60.111 0.0000000000
128762  -34.969  -12.355  61.057 0.0000000000
128763  -34.580  -12.501  61.631 0.0000000000
128764  -34.305  -12.710  62.378 0.0000000000
128765  -37.177  -13.195  63.118 0.0000000000
128766  -36.631  -13.127  63.069 0.0000000000
128767  -35.999  -13.117  62.946 0.0000000000
128768  -35.825  -14.011  63.978 0.0000000000
128769  -35.690  -13.484  63.563 0.0000000000
128770  -35.609  -13.141  63.117 0.0000000000
128771  -34.970  -13.085  62.945 0.0000000000
128772  -34.608  -13.038  63.162 0.0000000000
128773  -34.104  -13.139  63.011 0.0000000000
128774  -33.747  -13.408  63.686 0.0000000000
128775  -33.679  -13.810  64.278 0.0000000000
128776  -33.237  -14.118  64.814 0.0000000000
128777  -33.982  -14.868  65.411 0.0000000000
128778  -33.597  -14.855  65.355 0.0000000000
128779  -32.934  -14.552  65.308 0.0000000000
128780  -32.821  -15.110  65.914 0.0000000000
128781  -32.429  -15.526  66.429 0.0000000000
131290  -22.216  -5.371  46.533 0.0000000000
131291  -26.593  -13.264  54.513 0.0000000000
131292  -26.248  -13.226  53.864 0.0000000000
131293  -26.047  -13.275  54.483 0.0000000000
131294  -25.565  -13.261  54.616 0.0000000000
131295  -25.063  -13.276  54.653 0.0000000000
131296  -25.364  -13.723  56.097 0.0000000000
131297  -25.010  -13.489  55.403 0.0000000000
131298  -24.575  -13.286  54.729 0.0000000000
131299  -24.169  -13.275  54.832 0.0000000000
131300  -23.735  -13.281  54.959 0.0000000000
131301  -23.192  -13.185  55.082 0.0000000000
131302  -24.752  -14.695  58.857 0.0000000000
131303  -24.419  -14.585  58.116 0.0000000000
131304  -24.116  -14.392  57.516 0.0000000000
131305  -23.450  -14.691  58.053 0.0000000000
131306  -23.601  -14.455  57.484 0.0000000000
131307  -23.810  -14.170  56.871 0.0000000000
131308  -23.447  -13.852  56.317 0.0000000000
131309  -23.092  -13.519  55.749 0.0000000000
131310  -22.773  -13.094  55.217 0.0000000000
131311  -22.300  -12.975  55.369 0.0000000000
131312  -21.783  -12.816  55.551 0.0000000000
131313  -21.422  -12.641  55.754 0.0000000000
131314  -21.500  -13.488  56.563 0.0000000000
131315  -21.238  -12.948  56.257 0.0000000000
131316  -21.078  -12.463  55.959 0.0000000000
131317  -20.742  -12.195  56.155 0.0000000000
137773  -40.354  -11.355  53.084 0.0000000000
137774  -41.008  -10.939  53.101 0.0000000000
137775  -41.700  -10.544  53.325 0.0000000000
137776  -42.149  -10.058  54.340 0.0000000000
137777  -42.237  -10.067  53.782 0.0000000000
137778  -42.329  -10.130  53.291 0.0000000000
137779  -42.926  -9.639  53.384 0.0000000000
137785  -42.397  -7.759  54.096 0.0000000000
137791  -40.488  -11.994  57.698 0.0000000000
137792  -40.994  -11.396  57.715 0.0000000000
137793  -41.366  -10.749  57.639 0.0000000000
137794  -41.523  -10.584  58.531 0.0000000000
137795  -41.577  -10.333  58.162 0.0000000000
137796  -41.617  -10.254  57.754 0.0000000000
137797  -41.847  -9.642  57.486 0.0000000000
137798  -41.899  -9.057  57.333 0.0000000000
137799  -41.897  -8.561  57.009 0.0000000000
137800  -40.327  -9.259  59.397 0.0000000000
137801  -40.540  -8.968  59.053 0.0000000000
137802  -40.753  -8.570  58.549 0.0000000000
137803  -39.745  -8.144  57.851 0.0000000000
137804  -40.423  -8.103  58.084 0.0000000000
137805  -40.996  -8.419  58.095 0.0000000000
137806  -41.226  -8.346  57.694 0.0000000000
137807  -41.500  -8.191  57.166 0.0000000000
137808  -41.762  -8.106  56.659 0.0000000000
137809  -41.548  -7.808  56.129 0.0000000000
137810  -41.148  -7.505  55.145 0.0000000000
137811  -40.771  -7.393  54.641 0.0000000000
137812  -39.789  -7.498  54.754 0.0000000000
137813  -40.058  -7.419  54.222 0.0000000000
138009  -24.354  -16.776  64.513 0.0000000000
138010  -24.243  -16.951  65.184 0.0000000000
138011  -24.660  -16.836  65.352 0.0000000000
138012  -24.927  -16.962  66.142 0.0000000000
138013  -25.224  -17.155  66.951 0.0000000000
138014  -25.824  -16.744  66.587 0.0000000000
138015  -25.648  -17.073  67.178 0.0000000000
138016  -25.544  -17.400  67.843 0.0000000000
138017  -25.698  -17.701  68.614 0.0000000000
138018  -25.991  -18.230  69.238 0.0000000000
138019  -26.252  -18.828  69.700 0.0000000000
138020  -27.778  -16.416  67.506 0.0000000000
138021  -27.516  -16.852  68.038 0.0000000000
138022  -27.257  -17.336  68.569 0.0000000000
138023  -27.996  -18.002  69.161 0.0000000000
138024  -27.624  -17.919  69.128 0.0000000000
138025  -27.111  -17.870  69.052 0.0000000000
138026  -26.828  -18.417  69.400 0.0000000000
138027  -26.660  -19.010  69.698 0.0000000000
138028  -26.356  -19.563  69.844 0.0000000000
138029  -26.421  -20.344  69.579 0.0000000000
138030  -26.277  -20.986  69.050 0.0000000000
138031  -26.111  -21.486  68.304 0.0000000000
138038  -31.579  -17.371  67.977 0.0000000000
138039  -31.420  -18.064  68.213 0.0000000000
138098  -28.563  -11.148  47.245 0.0000000000
138099  -28.318  -11.428  47.775 0.0000000000
138100  -28.203  -11.831  48.537 0.0000000000
138101  -31.147  -11.333  50.078 0.0000000000
138102  -30.564  -11.525  49.870 0.0000000000
138103  -30.111  -11.746  49.684 0.0000000000
138104  -30.312  -12.231  51.168 0.0000000000
138105  -29.931  -12.048  50.374 0.0000000000
138106  -29.526  -11.902  49.482 0.0000000000
138107  -29.011  -12.050  49.316 0.0000000000
138108  -28.457  -12.032  49.129 0.0000000000
138109  -27.939  -12.146  49.153 0.0000000000
138110  -27.847  -12.340  49.834 0.0000000000
138111  -27.774  -12.611  50.500 0.0000000000
138112  -27.685  -12.765  51.129 0.0000000000
138113  -28.506  -12.903  51.903 0.0000000000
138114  -28.065  -12.918  51.889 0.0000000000
138115  -27.518  -12.948  51.805 0.0000000000
138116  -27.479  -13.038  52.596 0.0000000000
138117  -27.414  -13.158  53.288 0.0000000000
138118  -27.209  -13.242  53.982 0.0000000000
138119  -34.467  -11.516  57.501 0.0000000000
138120  -34.067  -11.764  57.344 0.0000000000
138121  -33.474  -12.077  56.979 0.0000000000
138122  -33.846  -12.238  58.518 0.0000000000
138123  -33.388  -12.228  57.634 0.0000000000
138124  -33.011  -12.310  56.689 0.0000000000
138125  -32.445  -12.557  56.381 0.0000000000
138126  -32.000  -12.715  56.251 0.0000000000
138127  -31.344  -12.912  55.893 0.0000000000
138128  -33.013  -12.741  61.113 0.0000000000
138129  -32.831  -12.789  60.262 0.0000000000
138130  -32.432  -12.839  59.318 0.0000000000
138131  -31.625  -12.924  59.652 0.0000000000
138132  -31.936  -12.914  59.098 0.0000000000
138133  -31.993  -12.858  58.224 0.0000000000
138134  -31.692  -12.886  57.599 0.0000000000
138135  -31.266  -12.951  56.627 0.0000000000
138136  -30.902  -13.032  55.727 0.0000000000
138137  -30.273  -13.170  55.425 0.0000000000
138138  -29.778  -13.165  55.250 0.0000000000
138139  -29.203  -13.266  54.999 0.0000000000
138140  -29.436  -13.232  56.442 0.0000000000
138141  -29.064  -13.290  55.596 0.0000000000
138142  -28.666  -13.272  54.821 0.0000000000
138143  -28.133  -13.327  54.736 0.0000000000
138144  -27.708  -13.287  54.619 0.0000000000
138145  -27.080  -13.304  54.502 0.0000000000
138146  -26.931  -13.279  55.184 0.0000000000
138147  -26.843  -13.341  56.021 0.0000000000
138148  -26.764  -13.561  56.841 0.0000000000
138149  -27.688  -13.435  57.740 0.0000000000
138150  -27.137  -13.623  57.643 0.0000000000
138151  -26.682  -13.831  57.661 0.0000000000
138152  -26.490  -14.046  58.361 0.0000000000
138153  -26.365  -14.308  59.071 0.0000000000
138154  -26.136  -14.471  59.750 0.0000000000
138155  -28.929  -13.627  61.158 0.0000000000
138156  -28.408  -13.794  60.967 0.0000000000
138157  -27.977  -14.007  60.812 0.0000000000
138158  -28.140  -14.401  62.352 0.0000000000
138159  -27.831  -14.239  61.499 0.0000000000
138160  -27.404  -14.201  60.687 0.0000000000
138161  -26.958  -14.387  60.601 0.0000000000
138162  -26.505  -14.538  60.479 0.0000000000
138163  -26.041  -14.683  60.361 0.0000000000
138164  -25.893  -14.885  60.961 0.0000000000
138165  -25.650  -15.158  61.579 0.0000000000
138166  -25.431  -15.491  62.273 0.0000000000
138167  -26.086  -15.445  63.227 0.0000000000
138168  -25.589  -15.627  63.012 0.0000000000
138169  -25.101  -15.813  62.817 0.0000000000
138170  -24.830  -16.116  63.394 0.0000000000
138171  -24.627  -16.459  63.922 0.0000000000
145187  -25.277  -19.713  70.084 0.0000000000
145430  -26.759  -11.342  47.648 0.0000000000
145431  -26.388  -10.878  46.965 0.0000000000
145432  -26.027  -10.372  46.374 0.0000000000
145433  -25.398  -10.545  47.132 0.0000000000
145434  -25.554  -10.172  46.460 0.0000000000
145446  -22.338  -6.094  46.643 0.0000000000
145447  -22.039  -5.816  46.981 0.0000000000
145448  -25.738  -13.047  53.159 0.0000000000
145449  -25.356  -12.851  52.514 0.0000000000
145450  -24.979  -12.516  51.955 0.0000000000
145451  -24.408  -12.641  52.700 0.0000000000
145452  -24.514  -12.441  52.043 0.0000000000
145453  -24.566  -12.110  51.325 0.0000000000
145454  -24.185  -11.708  50.822 0.0000000000
145455  -23.889  -11.298  50.255 0.0000000000
145456  -23.574  -10.831  49.786 0.0000000000
145457  -22.626  -11.933  53.277 0.0000000000
145458  -22.835  -11.753  52.682 0.0000000000
145459  -22.907  -11.427  52.009 0.0000000000
145460  -22.318  -10.652  51.878 0.0000000000
145461  -22.670  -10.861  51.607 0.0000000000
145462  -23.001  -11.105  51.325 0.0000000000
145463  -23.082  -10.855  50.650 0.0000000000
145464  -23.160  -10.472  49.933 0.0000000000
145465  -23.246  -10.188  49.287 0.0000000000
145466  -23.024  -9.626  48.851 0.0000000000
145467  -22.756  -8.979  48.496 0.0000000000
145468  -22.514  -8.365  48.193 0.0000000000
145469  -22.190  -8.375  49.128 0.0000000000
145470  -22.214  -8.008  48.489 0.0000000000
145471  -22.284  -7.690  47.931 0.0000000000
145472  -22.071  -6.968  47.717 0.0000000000
145473  -21.890  -6.210  47.516 0.0000000000
145474  -21.695  -5.507  47.400 0.0000000000
145475  -21.397  -5.121  47.823 0.0000000000
145476  -21.092  -4.643  48.252 0.0000000000
145477  -20.870  -4.288  48.674 0.0000000000
145478  -20.933  -5.414  49.269 0.0000000000
145479  -20.776  -4.626  49.163 0.0000000000
145480  -20.670  -3.874  49.110 0.0000000000
145481  -20.507  -3.424  49.568 0.0000000000
145482  -20.288  -3.065  50.082 0.0000000000
145483  -20.137  -2.703  50.579 0.0000000000
145484  -20.844  -6.894  51.782 0.0000000000
145485  -20.637  -6.148  51.589 0.0000000000
145486  -20.430  -5.457  51.444 0.0000000000
145489  -20.189  -4.667  51.334 0.0000000000
145490  -20.053  -3.905  51.267 0.0000000000
