#!ascii label  , from subject fsaverage vox2ras=TkReg
456
165  -34.907  -24.476  50.476 0.0000000000
166  -32.514  -19.137  46.962 0.0000000000
167  -28.408  -23.290  56.404 0.0000000000
645  -36.441  -22.245  56.242 0.0000000000
648  -31.951  -23.866  54.197 0.0000000000
1449  -34.819  -21.649  49.366 0.0000000000
1450  -35.077  -15.984  52.081 0.0000000000
1453  -27.654  -25.482  50.067 0.0000000000
3371  -35.018  -24.616  47.228 0.0000000000
3372  -35.561  -23.300  49.674 0.0000000000
3379  -27.943  -24.021  53.044 0.0000000000
3380  -33.556  -24.329  52.433 0.0000000000
3381  -31.187  -24.943  50.770 0.0000000000
3382  -32.757  -25.407  49.317 0.0000000000
5767  -35.703  -23.437  53.501 0.0000000000
5768  -36.388  -22.152  52.495 0.0000000000
5769  -37.282  -20.745  55.714 0.0000000000
5771  -30.809  -22.780  58.643 0.0000000000
5772  -30.116  -23.486  55.329 0.0000000000
5773  -32.595  -22.978  57.259 0.0000000000
5774  -34.231  -23.412  55.383 0.0000000000
6142  -32.052  -18.250  44.786 0.0000000000
7216  -34.426  -23.224  46.848 0.0000000000
7217  -33.553  -20.271  48.659 0.0000000000
7218  -35.773  -20.392  51.902 0.0000000000
7219  -34.566  -18.806  50.915 0.0000000000
7220  -33.744  -17.483  49.462 0.0000000000
7228  -29.611  -24.425  52.026 0.0000000000
11050  -34.460  -25.059  49.047 0.0000000000
11051  -35.014  -24.588  48.762 0.0000000000
11052  -35.429  -24.113  49.967 0.0000000000
11059  -28.009  -23.688  54.551 0.0000000000
11060  -34.295  -24.532  51.483 0.0000000000
11061  -33.204  -24.748  51.053 0.0000000000
11062  -33.859  -25.013  49.878 0.0000000000
11063  -33.487  -25.705  48.395 0.0000000000
11067  -29.171  -22.998  58.460 0.0000000000
11068  -28.595  -22.945  59.389 0.0000000000
11673  -32.565  -20.559  46.702 0.0000000000
11675  -32.115  -20.089  45.821 0.0000000000
13450  -36.081  -22.932  54.896 0.0000000000
13451  -36.666  -22.284  54.341 0.0000000000
13452  -36.986  -21.563  55.871 0.0000000000
13457  -32.020  -22.441  59.642 0.0000000000
13458  -31.627  -22.818  57.909 0.0000000000
13459  -32.870  -22.517  58.783 0.0000000000
13460  -35.512  -22.280  57.245 0.0000000000
13461  -34.585  -22.689  57.110 0.0000000000
13462  -35.480  -22.912  55.959 0.0000000000
13463  -35.012  -23.480  54.384 0.0000000000
15868  -35.041  -23.143  48.233 0.0000000000
15869  -34.921  -23.924  47.017 0.0000000000
15870  -34.468  -22.404  48.058 0.0000000000
15871  -33.863  -21.745  47.838 0.0000000000
15872  -34.208  -20.989  49.025 0.0000000000
15873  -36.625  -20.627  53.562 0.0000000000
15874  -36.275  -21.269  52.415 0.0000000000
15875  -36.359  -19.771  53.321 0.0000000000
15876  -35.504  -16.634  53.048 0.0000000000
15877  -35.257  -18.087  52.327 0.0000000000
15878  -34.729  -17.356  51.464 0.0000000000
15879  -34.110  -18.083  50.252 0.0000000000
15880  -34.436  -16.713  50.750 0.0000000000
15881  -34.154  -16.192  49.670 0.0000000000
15882  -34.925  -15.472  51.074 0.0000000000
15895  -31.051  -23.616  54.744 0.0000000000
15896  -29.807  -23.909  53.616 0.0000000000
15897  -30.646  -24.165  53.038 0.0000000000
15899  -30.208  -25.299  50.049 0.0000000000
17742  -31.747  -19.204  43.755 0.0000000000
23052  -33.717  -22.161  59.253 0.0000000000
24498  -34.725  -25.333  47.274 0.0000000000
24499  -35.216  -23.990  48.377 0.0000000000
24500  -35.294  -22.503  49.530 0.0000000000
24506  -35.734  -14.702  52.415 0.0000000000
24513  -27.717  -24.699  51.482 0.0000000000
24514  -32.809  -24.118  53.350 0.0000000000
24515  -31.533  -24.338  52.477 0.0000000000
24516  -32.407  -24.554  51.809 0.0000000000
24517  -32.016  -25.106  50.126 0.0000000000
24520  -32.590  -26.129  48.018 0.0000000000
28813  -35.275  -23.946  51.959 0.0000000000
28814  -35.900  -23.440  51.475 0.0000000000
28815  -36.268  -22.751  52.995 0.0000000000
28816  -36.782  -21.472  53.989 0.0000000000
28823  -29.655  -23.072  57.560 0.0000000000
28824  -29.403  -23.295  55.951 0.0000000000
28825  -30.510  -23.190  56.941 0.0000000000
28826  -31.397  -23.234  56.334 0.0000000000
28827  -32.051  -23.444  55.474 0.0000000000
28828  -33.683  -22.539  57.988 0.0000000000
28829  -33.403  -23.130  56.352 0.0000000000
28830  -33.091  -23.649  54.869 0.0000000000
28831  -33.812  -23.869  53.828 0.0000000000
28832  -34.715  -23.937  53.175 0.0000000000
28842  -30.255  -22.854  59.546 0.0000000000
29685  -32.782  -17.790  47.127 0.0000000000
29686  -32.167  -18.667  45.882 0.0000000000
29687  -32.622  -17.353  46.017 0.0000000000
32200  -33.179  -21.144  47.383 0.0000000000
32201  -32.954  -19.664  47.846 0.0000000000
32202  -35.957  -22.687  50.966 0.0000000000
32203  -35.755  -21.870  50.865 0.0000000000
32204  -35.287  -21.004  50.612 0.0000000000
32206  -35.230  -19.585  51.637 0.0000000000
32207  -34.599  -20.265  50.160 0.0000000000
32208  -34.023  -19.534  49.700 0.0000000000
32209  -33.498  -18.881  49.026 0.0000000000
32210  -33.081  -18.290  48.162 0.0000000000
32211  -33.413  -16.974  48.343 0.0000000000
32214  -35.616  -14.393  51.324 0.0000000000
32230  -28.927  -23.743  54.005 0.0000000000
32231  -28.722  -24.189  52.469 0.0000000000
32232  -28.559  -24.761  51.075 0.0000000000
32233  -30.347  -24.623  51.436 0.0000000000
32234  -29.385  -25.083  50.512 0.0000000000
34563  -31.802  -19.628  44.824 0.0000000000
41770  -34.689  -24.748  49.792 0.0000000000
41771  -35.001  -24.671  49.385 0.0000000000
41772  -35.198  -24.392  50.106 0.0000000000
41777  -27.790  -23.413  55.835 0.0000000000
41778  -27.538  -23.646  54.841 0.0000000000
41779  -28.116  -23.529  55.392 0.0000000000
41780  -34.582  -24.544  50.992 0.0000000000
41781  -34.033  -24.809  50.552 0.0000000000
41782  -34.378  -24.826  50.270 0.0000000000
41783  -34.193  -25.086  49.579 0.0000000000
41787  -28.741  -23.136  57.424 0.0000000000
41788  -28.640  -23.058  58.021 0.0000000000
41789  -28.163  -23.179  56.903 0.0000000000
42393  -32.499  -19.844  46.868 0.0000000000
42394  -32.299  -20.271  46.326 0.0000000000
42395  -32.271  -19.573  46.414 0.0000000000
44170  -36.246  -22.636  55.535 0.0000000000
44171  -36.610  -22.238  55.438 0.0000000000
44172  -36.772  -21.831  56.319 0.0000000000
44177  -32.563  -22.241  60.039 0.0000000000
44178  -32.354  -22.556  59.125 0.0000000000
44179  -33.076  -22.331  59.692 0.0000000000
44180  -36.091  -22.116  57.043 0.0000000000
44181  -35.601  -22.439  56.905 0.0000000000
44182  -35.970  -22.457  56.398 0.0000000000
44183  -35.740  -22.923  55.468 0.0000000000
44190  -32.313  -22.341  60.541 0.0000000000
46588  -34.902  -22.387  48.841 0.0000000000
46589  -34.763  -22.748  48.202 0.0000000000
46590  -34.632  -21.994  48.725 0.0000000000
46591  -34.400  -21.621  48.644 0.0000000000
46592  -34.516  -21.282  49.195 0.0000000000
46594  -36.533  -20.189  53.508 0.0000000000
46595  -36.523  -19.390  53.974 0.0000000000
46596  -35.280  -16.311  52.482 0.0000000000
46597  -35.110  -17.009  52.242 0.0000000000
46598  -34.933  -16.700  51.812 0.0000000000
46599  -34.661  -17.037  51.235 0.0000000000
46600  -34.782  -16.382  51.337 0.0000000000
46601  -34.602  -16.085  50.764 0.0000000000
46602  -35.017  -15.732  51.611 0.0000000000
46615  -31.431  -23.783  54.454 0.0000000000
46616  -30.900  -23.811  53.957 0.0000000000
46617  -31.236  -23.983  53.647 0.0000000000
56187  -34.471  -25.495  47.615 0.0000000000
56188  -35.402  -24.014  49.114 0.0000000000
56189  -35.247  -24.375  48.467 0.0000000000
56190  -35.363  -23.683  48.938 0.0000000000
56191  -35.349  -23.188  48.986 0.0000000000
56192  -35.460  -22.907  49.462 0.0000000000
56210  -27.313  -23.989  53.115 0.0000000000
56212  -27.226  -24.270  52.276 0.0000000000
56213  -27.187  -24.651  51.603 0.0000000000
56214  -27.592  -24.456  51.939 0.0000000000
56215  -33.188  -24.180  52.981 0.0000000000
56216  -32.581  -24.314  52.598 0.0000000000
56217  -32.870  -24.440  52.012 0.0000000000
56218  -32.949  -25.042  50.150 0.0000000000
56219  -32.650  -24.929  50.664 0.0000000000
56220  -32.345  -25.279  49.675 0.0000000000
56221  -31.894  -25.497  49.401 0.0000000000
56222  -32.236  -25.796  48.810 0.0000000000
56224  -32.596  -25.769  48.576 0.0000000000
56226  -33.371  -26.074  47.718 0.0000000000
56241  -28.337  -22.913  59.916 0.0000000000
63385  -35.479  -23.705  52.695 0.0000000000
63386  -35.781  -23.509  52.336 0.0000000000
63387  -35.988  -23.177  53.088 0.0000000000
63388  -36.954  -21.605  54.875 0.0000000000
63389  -36.835  -21.821  54.392 0.0000000000
63390  -36.984  -21.121  54.688 0.0000000000
63407  -30.275  -22.902  58.176 0.0000000000
63408  -29.993  -23.218  57.105 0.0000000000
63409  -30.607  -23.100  57.656 0.0000000000
63410  -31.924  -22.986  57.391 0.0000000000
63411  -31.364  -23.106  56.969 0.0000000000
63412  -31.902  -23.175  56.764 0.0000000000
63413  -31.593  -23.424  55.696 0.0000000000
63414  -32.350  -23.269  56.361 0.0000000000
63415  -34.368  -22.213  58.865 0.0000000000
63416  -33.800  -22.350  58.711 0.0000000000
63418  -34.366  -23.083  56.265 0.0000000000
63419  -33.864  -22.981  56.665 0.0000000000
63420  -33.826  -23.125  56.018 0.0000000000
63421  -33.307  -23.367  55.747 0.0000000000
63422  -33.635  -23.482  55.231 0.0000000000
63423  -33.498  -23.735  54.499 0.0000000000
63424  -33.947  -23.722  54.438 0.0000000000
63425  -35.376  -23.501  53.948 0.0000000000
63426  -34.932  -23.689  53.798 0.0000000000
63427  -35.177  -23.813  53.161 0.0000000000
63428  -34.970  -24.061  52.385 0.0000000000
63447  -31.101  -22.661  59.586 0.0000000000
63449  -30.671  -22.820  59.160 0.0000000000
63450  -29.996  -22.924  58.570 0.0000000000
65253  -33.029  -17.136  47.197 0.0000000000
65254  -32.711  -17.585  46.671 0.0000000000
70642  -34.934  -24.349  46.527 0.0000000000
70647  -34.109  -22.839  46.845 0.0000000000
70648  -33.632  -21.017  48.196 0.0000000000
70649  -33.562  -21.419  47.673 0.0000000000
70650  -33.354  -20.719  48.036 0.0000000000
70651  -32.995  -20.414  47.578 0.0000000000
70652  -33.248  -20.017  48.237 0.0000000000
70653  -36.231  -22.771  52.050 0.0000000000
70654  -36.010  -23.060  51.315 0.0000000000
70655  -36.198  -22.400  51.711 0.0000000000
70656  -35.993  -20.819  52.065 0.0000000000
70657  -36.027  -21.530  51.677 0.0000000000
70658  -35.797  -21.118  51.412 0.0000000000
70659  -35.500  -21.415  50.743 0.0000000000
70660  -35.481  -20.715  51.265 0.0000000000
70664  -34.904  -18.399  51.595 0.0000000000
70665  -35.243  -18.841  51.937 0.0000000000
70666  -34.809  -19.162  51.164 0.0000000000
70667  -34.830  -19.923  50.791 0.0000000000
70668  -34.590  -19.534  50.640 0.0000000000
70669  -34.271  -19.896  49.989 0.0000000000
70670  -34.296  -19.145  50.330 0.0000000000
70671  -33.900  -17.812  49.831 0.0000000000
70672  -33.762  -18.492  49.543 0.0000000000
70673  -33.569  -18.153  49.210 0.0000000000
70674  -33.291  -18.562  48.572 0.0000000000
70675  -33.374  -17.897  48.702 0.0000000000
70676  -33.223  -17.611  48.174 0.0000000000
70677  -33.557  -17.216  48.893 0.0000000000
70678  -34.466  -15.614  49.808 0.0000000000
70679  -34.090  -15.999  49.262 0.0000000000
70683  -36.221  -14.153  52.716 0.0000000000
70684  -35.656  -14.527  51.863 0.0000000000
70685  -36.149  -14.000  51.951 0.0000000000
70720  -29.608  -23.488  55.458 0.0000000000
70721  -29.066  -23.615  54.949 0.0000000000
70722  -29.519  -23.661  54.647 0.0000000000
70723  -29.637  -24.169  52.796 0.0000000000
70724  -29.318  -24.078  53.082 0.0000000000
70725  -29.165  -24.253  52.274 0.0000000000
70726  -28.647  -24.533  51.717 0.0000000000
70727  -29.006  -24.620  51.461 0.0000000000
70728  -31.486  -24.530  51.845 0.0000000000
70729  -30.945  -24.472  51.930 0.0000000000
70730  -30.807  -24.769  51.168 0.0000000000
76256  -32.085  -18.472  45.285 0.0000000000
76257  -31.968  -19.109  45.358 0.0000000000
76258  -31.861  -18.927  44.759 0.0000000000
93617  -34.592  -25.241  48.073 0.0000000000
93618  -34.745  -24.995  48.592 0.0000000000
93619  -35.212  -24.363  49.358 0.0000000000
93620  -35.518  -23.750  49.684 0.0000000000
93632  -27.363  -23.813  53.971 0.0000000000
93633  -27.816  -23.822  53.672 0.0000000000
93634  -33.869  -24.454  51.884 0.0000000000
93635  -33.347  -24.598  51.621 0.0000000000
93636  -33.629  -24.709  51.152 0.0000000000
93637  -33.463  -24.960  50.462 0.0000000000
93638  -33.236  -25.233  49.672 0.0000000000
93639  -33.093  -25.564  48.917 0.0000000000
93640  -33.674  -25.334  49.155 0.0000000000
93641  -34.049  -25.326  48.935 0.0000000000
93647  -29.494  -22.926  59.450 0.0000000000
93649  -28.961  -23.005  58.972 0.0000000000
93650  -28.326  -23.049  58.405 0.0000000000
94737  -32.774  -21.340  46.506 0.0000000000
97936  -35.928  -23.156  54.302 0.0000000000
97937  -36.228  -22.841  53.888 0.0000000000
97938  -36.447  -22.563  54.669 0.0000000000
97939  -36.830  -22.006  54.980 0.0000000000
97940  -37.140  -21.279  55.545 0.0000000000
97949  -31.396  -22.632  59.135 0.0000000000
97950  -31.230  -22.932  58.211 0.0000000000
97951  -31.783  -22.698  58.712 0.0000000000
97952  -32.253  -22.687  58.309 0.0000000000
97953  -32.717  -22.745  57.977 0.0000000000
97955  -34.496  -22.615  57.486 0.0000000000
97956  -34.974  -22.711  56.954 0.0000000000
97957  -34.908  -22.851  56.354 0.0000000000
97958  -34.732  -23.156  55.673 0.0000000000
97959  -34.583  -23.474  54.878 0.0000000000
97960  -35.240  -23.190  55.245 0.0000000000
97961  -35.555  -23.233  54.724 0.0000000000
97974  -31.695  -22.474  60.100 0.0000000000
102288  -35.088  -23.938  47.684 0.0000000000
102289  -35.025  -24.298  47.167 0.0000000000
102290  -34.968  -23.494  47.671 0.0000000000
102291  -34.730  -23.179  47.519 0.0000000000
102292  -34.437  -22.791  47.460 0.0000000000
102293  -34.114  -22.481  47.388 0.0000000000
102294  -34.206  -22.055  48.001 0.0000000000
102295  -34.001  -21.328  48.436 0.0000000000
102296  -33.797  -20.648  48.766 0.0000000000
102297  -36.615  -21.392  53.206 0.0000000000
102298  -36.356  -21.703  52.354 0.0000000000
102299  -36.479  -20.997  52.981 0.0000000000
102300  -36.272  -20.478  52.771 0.0000000000
102301  -35.999  -20.138  52.431 0.0000000000
102303  -35.593  -17.729  53.070 0.0000000000
102304  -35.337  -17.333  52.672 0.0000000000
102305  -35.011  -17.730  51.925 0.0000000000
102306  -34.634  -18.057  51.279 0.0000000000
102307  -34.353  -18.434  50.602 0.0000000000
102308  -34.413  -17.719  50.839 0.0000000000
102309  -34.214  -17.388  50.416 0.0000000000
102310  -34.106  -17.118  50.043 0.0000000000
102311  -33.884  -16.798  49.539 0.0000000000
102312  -34.292  -16.459  50.217 0.0000000000
102313  -34.512  -15.838  50.323 0.0000000000
102314  -34.824  -15.246  50.505 0.0000000000
102316  -36.650  -13.553  51.939 0.0000000000
102337  -30.568  -23.608  55.034 0.0000000000
102338  -30.082  -23.654  54.516 0.0000000000
102339  -30.354  -23.810  54.158 0.0000000000
102340  -30.288  -23.982  53.455 0.0000000000
102341  -30.107  -24.212  52.563 0.0000000000
102342  -31.085  -25.218  50.109 0.0000000000
102343  -30.689  -25.078  50.375 0.0000000000
105660  -31.866  -18.738  44.233 0.0000000000
115224  -33.703  -21.961  60.178 0.0000000000
115231  -35.778  -21.924  58.089 0.0000000000
118598  -34.894  -24.958  47.413 0.0000000000
118599  -34.859  -24.918  48.113 0.0000000000
118600  -35.046  -24.717  47.850 0.0000000000
118601  -35.106  -24.233  47.889 0.0000000000
118602  -35.230  -23.528  48.422 0.0000000000
118603  -35.105  -22.839  48.777 0.0000000000
118604  -35.088  -22.069  49.453 0.0000000000
118616  -35.396  -15.349  52.278 0.0000000000
118634  -27.206  -24.916  50.914 0.0000000000
118635  -27.686  -25.059  50.724 0.0000000000
118636  -32.311  -24.004  53.745 0.0000000000
118637  -31.618  -24.089  53.207 0.0000000000
118638  -32.169  -24.204  52.909 0.0000000000
118639  -31.911  -24.489  51.935 0.0000000000
118640  -31.896  -24.565  51.718 0.0000000000
118641  -32.833  -24.620  51.451 0.0000000000
118642  -32.246  -24.825  50.990 0.0000000000
118643  -31.741  -24.972  50.665 0.0000000000
118644  -31.516  -25.349  49.819 0.0000000000
118651  -33.027  -25.929  48.172 0.0000000000
128671  -35.107  -24.197  51.219 0.0000000000
128672  -35.402  -24.076  50.931 0.0000000000
128673  -35.607  -23.796  51.659 0.0000000000
128674  -36.064  -23.164  52.135 0.0000000000
128675  -36.407  -22.467  52.756 0.0000000000
128676  -36.456  -22.514  53.704 0.0000000000
128677  -36.670  -22.114  53.664 0.0000000000
128678  -36.547  -21.828  53.065 0.0000000000
128679  -36.793  -21.098  53.782 0.0000000000
128683  -37.294  -20.822  56.327 0.0000000000
128699  -29.044  -23.179  56.997 0.0000000000
128700  -28.790  -23.401  56.028 0.0000000000
128701  -29.398  -23.330  56.581 0.0000000000
128702  -29.942  -23.214  56.455 0.0000000000
128703  -30.293  -23.296  56.063 0.0000000000
128704  -31.051  -22.982  57.438 0.0000000000
128705  -30.795  -23.233  56.466 0.0000000000
128706  -30.731  -23.365  55.786 0.0000000000
128707  -31.120  -23.446  55.430 0.0000000000
128708  -31.612  -23.516  55.192 0.0000000000
128709  -31.929  -23.743  54.732 0.0000000000
128710  -33.333  -22.282  59.014 0.0000000000
128711  -33.263  -22.425  58.373 0.0000000000
128712  -32.997  -22.846  57.362 0.0000000000
128713  -34.148  -22.678  57.489 0.0000000000
128714  -33.352  -22.907  57.007 0.0000000000
128715  -32.871  -23.098  56.755 0.0000000000
128716  -32.606  -23.403  55.793 0.0000000000
128717  -32.593  -23.566  55.184 0.0000000000
128718  -32.476  -23.769  54.536 0.0000000000
128719  -32.885  -23.849  54.061 0.0000000000
128720  -33.202  -24.077  53.528 0.0000000000
128721  -33.671  -24.123  53.105 0.0000000000
128722  -34.422  -23.700  54.163 0.0000000000
128723  -34.243  -24.046  53.438 0.0000000000
128724  -34.093  -24.253  52.769 0.0000000000
128725  -34.459  -24.328  52.160 0.0000000000
128726  -34.790  -24.285  51.682 0.0000000000
128752  -30.105  -22.740  60.054 0.0000000000
128753  -29.602  -22.970  58.859 0.0000000000
128754  -29.384  -22.988  58.032 0.0000000000
131037  -32.575  -18.478  47.003 0.0000000000
131038  -32.304  -18.869  46.492 0.0000000000
131039  -32.465  -18.239  46.508 0.0000000000
131040  -32.402  -17.967  46.072 0.0000000000
131041  -32.310  -17.852  45.389 0.0000000000
137869  -33.454  -21.848  47.102 0.0000000000
137870  -33.074  -21.543  46.784 0.0000000000
137871  -32.812  -20.852  47.013 0.0000000000
137872  -32.722  -20.131  47.257 0.0000000000
137873  -32.698  -19.424  47.375 0.0000000000
137874  -35.664  -23.774  50.670 0.0000000000
137875  -35.756  -23.391  50.510 0.0000000000
137876  -35.719  -22.975  50.259 0.0000000000
137877  -36.101  -21.977  51.687 0.0000000000
137878  -35.868  -22.318  50.993 0.0000000000
137879  -35.654  -22.609  50.194 0.0000000000
137880  -35.538  -22.150  50.218 0.0000000000
137881  -35.246  -21.782  50.081 0.0000000000
137882  -35.045  -21.308  50.033 0.0000000000
137885  -35.818  -19.656  52.508 0.0000000000
137887  -35.504  -19.224  52.186 0.0000000000
137888  -35.505  -20.014  51.748 0.0000000000
137889  -35.236  -20.324  51.095 0.0000000000
137890  -34.951  -20.602  50.400 0.0000000000
137891  -34.726  -20.962  49.758 0.0000000000
137892  -34.370  -20.600  49.633 0.0000000000
137893  -34.051  -20.238  49.413 0.0000000000
137894  -33.792  -19.923  49.194 0.0000000000
137895  -34.011  -18.816  49.938 0.0000000000
137896  -33.750  -19.161  49.404 0.0000000000
137897  -33.462  -19.563  48.801 0.0000000000
137898  -33.200  -19.262  48.357 0.0000000000
137899  -32.993  -18.949  48.020 0.0000000000
137900  -32.817  -18.669  47.592 0.0000000000
137901  -32.931  -18.015  47.732 0.0000000000
137902  -33.123  -17.351  47.748 0.0000000000
137903  -33.387  -16.697  47.924 0.0000000000
137904  -33.781  -16.551  49.006 0.0000000000
137905  -33.738  -16.338  48.529 0.0000000000
137910  -35.295  -15.127  51.679 0.0000000000
137911  -35.229  -14.895  51.102 0.0000000000
137956  -28.683  -23.486  55.244 0.0000000000
137957  -28.473  -23.690  54.318 0.0000000000
137958  -28.386  -23.902  53.493 0.0000000000
137959  -29.376  -23.750  53.890 0.0000000000
137960  -28.877  -23.949  53.343 0.0000000000
137961  -28.273  -24.075  52.699 0.0000000000
137962  -28.290  -24.388  52.088 0.0000000000
137963  -28.193  -24.688  51.272 0.0000000000
137964  -27.999  -25.152  50.397 0.0000000000
137965  -31.061  -24.226  52.711 0.0000000000
137966  -30.556  -24.281  52.434 0.0000000000
137967  -30.007  -24.508  51.814 0.0000000000
137968  -30.257  -24.946  50.742 0.0000000000
137969  -29.905  -24.803  51.029 0.0000000000
137970  -29.397  -24.826  51.263 0.0000000000
137971  -28.926  -25.064  50.693 0.0000000000
137972  -28.461  -25.371  50.208 0.0000000000
144717  -32.048  -19.419  45.728 0.0000000000
144718  -31.910  -19.800  45.304 0.0000000000
